0.8
0.7428571428571429
0.8
0.8
0.8
0.8
0.8000000000000002
0.8000000000000002
0.8000000000000002
0.8000000000000002
0.7333333333333334
0.75
0.7
0.725
0.725
0.8
0.7
0.6999999999999998
0.6999999999999998
0.7428571428571429
0.74
0.75
0.75
0.7
0.7
0.7
0.72
0.8
0.8000000000000002
0.7333333333333334
0.7428571428571429
0.7857142857142857
0.75
0.8000000000000002
0.8000000000000002
0.7666666666666666
0.7666666666666666
0.7
0.7166666666666667
0.7571428571428571
0.7571428571428571
0.7571428571428571
0.8000000000000002
0.8000000000000002
0.8
0.7666666666666666
0.7571428571428571
0.7571428571428571
0.75
0.7714285714285715
0.7666666666666666
0.8000000000000002
0.8
0.8
0.8
0.8
0.8
0.6999999999999998
0.7666666666666666
0.7333333333333334
0.7333333333333334
0.725
0.76
0.76
0.76
0.76
0.76
0.8
0.8
0.8000000000000002
0.8000000000000002
0.7333333333333334
0.6999999999999998
0.6999999999999998
0.74
0.74
0.8
0.7428571428571429
0.8000000000000002
0.8000000000000002
0.8000000000000002
0.8
0.8000000000000002
0.7285714285714285
0.7666666666666666
0.8
0.8
0.8
0.8
0.8
0.8
0.8
0.8
0.8000000000000002
0.8000000000000002
0.8
0.8
0.6999999999999998
0.6999999999999998
0.7666666666666666
0.8
0.8
0.8000000000000002
0.8000000000000002
0.8
0.8
0.8
0.75
0.8000000000000002
0.7714285714285715
0.7571428571428571
0.725
0.725
0.8000000000000002
0.9
0.9
0.8500000000000001
0.7571428571428571
0.7714285714285715
0.7
0.7
0.7428571428571429
0.7428571428571429
0.7428571428571429
0.8000000000000002
0.7714285714285715
0.7666666666666666
0.7666666666666666
0.8
0.7666666666666666
0.7833333333333333
0.8000000000000002
0.78
0.78
0.7
0.7
0.7666666666666666
0.7666666666666666
0.8
0.7285714285714285
0.7666666666666666
0.7333333333333334
0.7333333333333334
0.7
0.775
0.775
0.775
0.8
0.725
0.725
0.7
0.75
0.75
0.75
0.7285714285714285
0.7166666666666667
0.7166666666666667
0.7166666666666667
0.7857142857142857
0.8
0.8
0.7666666666666666
0.7666666666666666
0.6999999999999998
0.7166666666666667
0.7166666666666667
0.7166666666666667
0.7166666666666667
0.6999999999999998
0.8
0.8
0.8
0.8
0.74
0.75
0.7285714285714285
0.7333333333333334
0.75
0.7666666666666666
0.7666666666666666
0.7
0.7
0.7
0.8
0.8
0.74
0.8
0.8
0.8000000000000002
0.6999999999999998
0.7166666666666667
0.7166666666666667
0.7166666666666667
0.8
0.8
0.7666666666666666
0.7571428571428571
0.75
0.8
0.775
0.775
0.7
0.7428571428571429
0.72
0.72
0.8
0.75
0.75
0.75
0.75
0.7
0.7
0.7571428571428571
0.7
0.72
0.72
0.8
0.725
0.725
0.8
0.75
0.78
0.78
0.6999999999999998
0.6999999999999998
0.8
0.8
0.72
0.725
0.725
0.725
0.725
0.8
0.8
0.8
0.72
0.75
0.7666666666666666
0.7666666666666666
0.7
0.7
0.7
0.75
0.7285714285714285
0.6999999999999998
0.7666666666666666
0.7666666666666666
0.7
0.7
0.7
0.72
0.72
0.7
0.7
0.7
0.7333333333333334
0.7333333333333334
0.8000000000000002
0.76
0.7
0.7166666666666667
0.8000000000000002
0.8000000000000002
0.8000000000000002
0.8000000000000002
0.8
0.8
0.8000000000000002
0.7833333333333333
0.7571428571428571
0.7333333333333334
0.7333333333333334
0.7
0.6999999999999998
0.72
0.72
0.8
0.7666666666666666
0.725
0.725
0.8
0.8
0.7166666666666667
0.7714285714285715
0.7666666666666666
0.7666666666666666
0.75
0.7285714285714285
0.8
0.8
0.725
0.6999999999999998
0.6999999999999998
0.75
0.75
0.8
0.72
0.7
0.7
0.7666666666666666
0.8
0.7714285714285715
0.7
0.7
0.7666666666666666
0.8
0.8
0.74
0.7333333333333334
0.6999999999999998
0.6999999999999998
0.8
0.8
0.8
0.8
0.8
0.8
0.8
0.6999999999999998
0.6999999999999998
0.75
0.75
0.8
0.8
0.8
0.75
0.75
0.7
0.7
0.7
0.72
0.8000000000000002
0.8000000000000002
0.8000000000000002
0.8000000000000002
0.725
0.7
0.7
0.7
0.8
0.6999999999999998
0.7571428571428571
0.7666666666666666
0.775
0.775
0.8
0.8
0.7
0.75
0.7428571428571429
0.75
0.8000000000000002
0.8000000000000002
0.8000000000000002
0.7285714285714285
0.725
0.725
0.7
0.725
0.725
0.725
0.725
0.725
0.8000000000000002
0.75
0.8
0.8
0.72
0.7166666666666667
0.7166666666666667
0.8
0.74
0.8000000000000002
0.7428571428571429
0.75
0.75
0.7
0.75
0.6999999999999998
0.7428571428571429
0.7
0.7
0.7166666666666667
0.8000000000000002
0.8000000000000002
0.7428571428571429
0.7285714285714285
0.6999999999999998
0.6999999999999998
0.7833333333333333
0.7333333333333334
0.8
0.8
0.7
0.6999999999999998
0.6999999999999998
0.6999999999999998
0.6999999999999998
0.6999999999999998
0.7571428571428571
0.6999999999999998
0.75
0.75
0.775
0.75
0.7333333333333334
0.8
0.8
0.8
0.6999999999999998
0.7
0.7
0.6999999999999998
0.8000000000000002
0.7333333333333334
0.7333333333333334
0.6999999999999998
0.7
0.7
0.7
0.75
0.75
0.78
0.6999999999999998
0.6999999999999998
0.7
0.6999999999999998
0.7
0.7
0.7
0.7166666666666667
0.75
0.7428571428571429
0.8000000000000002
0.7333333333333334
0.7571428571428571
0.6999999999999998
0.7666666666666666
0.7
0.7
0.74
0.7333333333333334
0.8
0.8
0.8000000000000002
0.8
0.7333333333333334
0.6999999999999998
0.74
0.7166666666666667
0.6999999999999998
0.7
0.7
0.6999999999999998
0.7333333333333334
0.7333333333333334
0.75
0.7666666666666666
0.7666666666666666
0.7
0.7833333333333333
0.7333333333333334
0.725
0.725
0.7
0.7
0.78
0.6999999999999998
0.6999999999999998
0.6999999999999998
0.6999999999999998
0.6999999999999998
0.7
0.75
0.75
0.74
0.7166666666666667
0.775
0.775
0.8
0.8000000000000002
0.8
0.8000000000000002
0.8
0.8
0.8
0.8000000000000002
0.7714285714285715
0.725
0.725
0.8
0.8
0.8
0.8000000000000002
0.8000000000000002
0.8
0.75
0.8
0.7333333333333334
0.8000000000000002
0.7571428571428571
0.8
0.8
0.7428571428571429
0.78
0.725
0.725
0.8
0.8000000000000002
0.7571428571428571
0.7833333333333333
0.8000000000000002
0.8000000000000002
0.8
0.8
0.8
0.8
0.8
0.8
0.8
0.8000000000000002
0.8
0.8
0.7428571428571429
0.8
0.7714285714285715
0.7666666666666666
0.8000000000000002
0.8000000000000002
0.7571428571428571
0.7714285714285715
0.7333333333333334
0.7333333333333334
0.8
0.7857142857142857
0.7857142857142857
0.7857142857142857
0.78
0.6999999999999998
0.74
0.74
0.8
0.7833333333333333
0.7833333333333333
0.7833333333333333
0.7833333333333333
0.7833333333333333
0.7833333333333333
0.7833333333333333
0.7833333333333333
0.7833333333333333
0.7
0.7833333333333333
0.8
0.8
0.8
0.8
0.8
0.7666666666666666
0.7714285714285715
0.8
0.8000000000000002
0.7428571428571429
0.7333333333333334
0.8000000000000002
0.7571428571428571
0.75
0.7666666666666666
0.7666666666666666
0.8
0.8
0.8
0.75
0.7
0.75
0.6999999999999998
0.8
0.76
0.75
0.7666666666666666
0.8000000000000002
0.8000000000000002
0.8
0.8000000000000002
0.8
0.8
0.7833333333333333
0.76
0.8000000000000002
0.8000000000000002
0.8000000000000002
0.8000000000000002
0.7666666666666666
0.7666666666666666
0.8
0.7333333333333334
0.8
0.7166666666666667
0.7571428571428571
0.8000000000000002
0.75
0.75
0.7
0.7571428571428571
0.6999999999999998
0.7428571428571429
0.72
0.72
0.8
0.7833333333333333
0.7833333333333333
0.7833333333333333
0.7714285714285715
0.8
0.8
0.8
0.8
0.8
0.7333333333333334
0.8000000000000002
0.7428571428571429
0.8000000000000002
0.8000000000000002
0.8000000000000002
0.8000000000000002
0.8000000000000002
0.7428571428571429
0.7833333333333333
0.76
0.76
0.76
0.76
0.8
0.72
0.75
0.7142857142857143
0.7833333333333333
0.8
0.75
0.8000000000000002
0.8
0.8
0.8
0.8
0.8
0.8
0.8000000000000002
0.8000000000000002
0.8
0.7166666666666667
0.7571428571428571
0.75
0.8
0.7571428571428571
0.7833333333333333
0.7857142857142857
0.74
0.74
0.8
0.7285714285714285
0.7666666666666666
0.7571428571428571
0.7666666666666666
0.7666666666666666
0.7666666666666666
0.8
0.8
0.8
0.8
0.8
0.8
0.8
0.8000000000000002
0.8000000000000002
0.8
0.7428571428571429
0.8000000000000002
0.7571428571428571
0.78
0.7571428571428571
0.8
0.8000000000000002
0.7142857142857143
0.7571428571428571
0.7666666666666666
0.8
0.7333333333333334
0.8
0.8
0.8
0.8000000000000002
0.7428571428571429
0.7428571428571429
0.72
0.72
0.8
0.8
0.8
0.8
0.7333333333333334
0.8000000000000002
0.8
0.8
0.8
0.725
0.725
0.75
0.6999999999999998
0.6999999999999998
0.775
0.7666666666666666
0.7666666666666666
0.8
0.8
0.8
0.8
0.8
0.8000000000000002
0.8
0.7142857142857143
0.7666666666666666
0.8
0.8000000000000002
0.8
0.8000000000000002
0.7428571428571429
0.7666666666666666
0.75
0.75
0.8
0.8
0.7666666666666666
0.7714285714285715
0.8
0.8
0.8000000000000002
0.7571428571428571
0.8
0.8
0.8
0.8000000000000002
0.8000000000000002
0.8000000000000002
0.8
0.8000000000000002
0.8
0.75
0.75
0.75
0.8
0.8000000000000002
0.8
0.7
0.7
0.7166666666666667
0.7857142857142857
0.8
0.8
0.8
0.7666666666666666
0.6999999999999998
0.74
0.74
0.8
0.8
0.8
0.8
0.8000000000000002
0.8000000000000002
0.8
0.8000000000000002
0.8
0.7714285714285715
0.7714285714285715
0.75
0.7428571428571429
0.7666666666666666
0.7714285714285715
0.7333333333333334
0.8
0.7166666666666667
0.7571428571428571
0.6999999999999998
0.7857142857142857
0.7571428571428571
0.7
0.7
0.7333333333333334
0.7333333333333334
0.7
0.7142857142857143
0.8000000000000002
0.6999999999999998
0.7714285714285715
0.8000000000000002
0.7428571428571429
0.7428571428571429
0.7428571428571429
0.7428571428571429
0.7428571428571429
0.8000000000000002
0.7666666666666666
0.7
0.7
0.75
0.7666666666666666
0.7428571428571429
0.7428571428571429
0.8
0.8000000000000002
0.8000000000000002
0.8
0.8000000000000002
0.8
0.8000000000000002
0.8000000000000002
0.8000000000000002
0.7714285714285715
0.7833333333333333
0.8
0.8
0.8
0.8
0.7285714285714285
0.75
0.75
0.8
0.8
0.8000000000000002
0.7428571428571429
0.7857142857142857
0.6999999999999998
0.8
0.7714285714285715
0.8
0.8
0.8000000000000002
0.8
0.8
0.8
0.8
0.8
0.8
0.7666666666666666
0.7166666666666667
0.8000000000000002
0.6999999999999998
0.7714285714285715
0.8000000000000002
0.8000000000000002
0.75
0.75
0.75
0.8000000000000002
0.8000000000000002
0.8
0.8000000000000002
0.8000000000000002
0.8
0.8
0.8
0.74
0.8
0.7333333333333334
0.8
0.8
0.8000000000000002
0.7833333333333333
0.7666666666666666
0.8
0.8000000000000002
0.8
0.7571428571428571
0.8000000000000002
0.8000000000000002
0.75
0.8000000000000002
0.6999999999999998
0.6999999999999998
0.7714285714285715
0.8000000000000002
0.8
0.8000000000000002
0.8
0.8000000000000002
0.8
0.8000000000000002
0.8000000000000002
0.75
0.8000000000000002
0.8
0.8
0.8000000000000002
0.7666666666666666
0.7714285714285715
0.7833333333333333
0.6999999999999998
0.8000000000000002
0.72
0.6999999999999998
0.7714285714285715
0.75
0.8
0.8
0.8
0.8
0.8
0.8
0.8
0.8
0.8000000000000002
0.8
0.8000000000000002
0.8000000000000002
0.7166666666666667
0.8
0.75
0.7833333333333333
0.76
0.76
0.76
0.76
0.8000000000000002
0.75
0.8
0.7833333333333333
0.7833333333333333
0.7833333333333333
0.72
0.8000000000000002
0.8000000000000002
0.8000000000000002
0.7833333333333333
0.6999999999999998
0.75
0.8000000000000002
0.7166666666666667
0.75
0.75
0.7
0.7
0.7
0.7
0.7
0.7
0.8
0.8
0.75
0.8000000000000002
0.75
0.75
0.75
0.75
0.8
0.8
0.7
0.7166666666666667
0.7166666666666667
0.7166666666666667
0.7142857142857143
0.76
0.8000000000000002
0.8
0.8
0.75
0.75
0.75
0.7
0.75
0.7166666666666667
0.7666666666666666
0.7428571428571429
0.8
0.8
0.8
0.8
0.7428571428571429
0.75
0.8000000000000002
0.8000000000000002
0.7666666666666666
0.7142857142857143
0.75
0.7333333333333334
0.8
0.8
0.8
0.8
0.8
0.7333333333333334
0.7333333333333334
0.7285714285714285
0.7666666666666666
0.8
0.8000000000000002
0.8
0.8
0.8
0.8
0.8
0.8
0.75
0.7428571428571429
0.7428571428571429
0.7428571428571429
0.8
0.8
0.8
0.8
0.8
0.75
0.7
0.7714285714285715
0.8
0.8
0.7833333333333333
0.7833333333333333
0.7833333333333333
0.8
0.8
0.8
0.8
0.8000000000000002
0.8
0.8000000000000002
0.8
0.8
0.8
0.8
0.8
0.7333333333333334
0.7333333333333334
0.7
0.725
0.725
0.8000000000000002
0.7666666666666666
0.7
0.7571428571428571
0.7333333333333334
0.7285714285714285
0.7666666666666666
0.7666666666666666
0.7666666666666666
0.8
0.8
0.8
0.8
0.8
0.8
0.8
0.8
0.8000000000000002
0.8000000000000002
0.8000000000000002
0.8000000000000002
0.8000000000000002
0.8
0.8
0.8
0.8
0.8
0.8
0.8000000000000002
0.8
0.7333333333333334
0.7333333333333334
0.775
0.7666666666666666
0.8000000000000002
0.7166666666666667
0.7166666666666667
0.8
0.8
0.72
0.8000000000000002
0.8000000000000002
0.8
0.8
0.7666666666666666
0.7
0.8000000000000002
0.7166666666666667
0.7857142857142857
0.8000000000000002
0.8000000000000002
0.8000000000000002
0.8
0.8
0.7666666666666666
0.7
0.7
0.7
0.7
0.7
0.8
0.8
0.75
0.7428571428571429
0.8
0.8
0.8
0.8
0.8
0.8
0.8
0.8
0.8000000000000002
0.8000000000000002
0.7571428571428571
0.8000000000000002
0.7857142857142857
0.7142857142857143
0.8
0.8
0.8
0.8000000000000002
0.7285714285714285
0.8000000000000002
0.8000000000000002
0.8000000000000002
0.8
0.8000000000000002
0.6999999999999998
0.7833333333333333
0.8000000000000002
0.8
0.75
0.75
0.75
0.8
0.8
0.8
0.7666666666666666
0.76
0.7625
0.8
0.8
0.725
0.725
0.8
0.75
0.7833333333333333
0.8
0.8
0.8
0.78
0.78
0.8
0.8
0.8
0.8000000000000002
0.8000000000000002
0.8
0.8
0.8
0.7857142857142857
0.7571428571428571
0.8000000000000002
0.8
0.8
0.76
0.76
0.76
0.8
0.72
0.72
0.8000000000000002
0.8000000000000002
0.8000000000000002
0.8000000000000002
0.8
0.8000000000000002
0.8000000000000002
0.8
0.7333333333333334
0.7333333333333334
0.8
0.75
0.75
0.8000000000000002
0.8000000000000002
0.8
0.6999999999999998
0.7285714285714285
0.8000000000000002
0.8000000000000002
0.8
0.8
0.7
0.8000000000000002
0.7666666666666666
0.7166666666666667
0.775
0.775
0.7
0.725
0.725
0.8
0.7571428571428571
0.8
0.8
0.8
0.8
0.7333333333333334
0.7714285714285715
0.7
0.7
0.7
0.7666666666666666
0.78
0.7875000000000001
0.7875000000000001
0.7875000000000001
0.74
0.74
0.7
0.7666666666666666
0.7666666666666666
0.8
0.7
0.7
0.6999999999999998
0.6999999999999998
0.6999999999999998
0.76
0.7
0.7333333333333334
0.7333333333333334
0.8
0.75
0.75
0.775
0.72
0.72
0.6999999999999998
0.7571428571428571
0.7142857142857143
0.7
0.7
0.7666666666666666
0.7333333333333334
0.8
0.7857142857142857
0.74
0.74
0.8
0.8000000000000002
0.8000000000000002
0.8
0.8000000000000002
0.8
0.8
0.8000000000000002
0.8000000000000002
0.8
0.8000000000000002
0.8
0.7
0.7
0.78
0.7571428571428571
0.7833333333333333
0.75
0.8000000000000002
0.8000000000000002
0.8
0.8
0.8
0.76
0.7428571428571429
0.7714285714285715
0.7428571428571429
0.8000000000000002
0.8000000000000002
0.8000000000000002
0.7666666666666666
0.7666666666666666
0.8
0.7571428571428571
0.7571428571428571
0.8
0.7428571428571429
0.8000000000000002
0.8
0.8
0.8
0.8
0.8
0.8
0.8
0.8
0.8
0.8
0.7
0.7333333333333334
0.7333333333333334
0.725
0.76
0.76
0.8
0.7428571428571429
0.8
0.8
0.725
0.8000000000000002
0.8000000000000002
0.7833333333333333
0.7833333333333333
0.8
0.8
0.8
0.8000000000000002
0.8
0.8
0.8
0.7333333333333334
0.7333333333333334
0.8
0.8000000000000002
0.7142857142857143
0.8
0.8
0.8
0.8
0.8
0.8
0.6999999999999998
0.75
0.75
0.8000000000000002
0.75
0.7857142857142857
0.7857142857142857
0.7857142857142857
0.7857142857142857
0.8
0.7166666666666667
0.7714285714285715
0.8
0.8
0.7666666666666666
0.7666666666666666
0.7666666666666666
0.8000000000000002
0.8000000000000002
0.8
0.8
0.7333333333333334
0.78
0.78
0.75
0.8
0.8
0.8
0.8
0.8
0.7571428571428571
0.8000000000000002
0.8000000000000002
0.8
0.8000000000000002
0.8
0.8
0.75
0.75
0.8
0.8
0.8
0.775
0.775
0.7333333333333334
0.7285714285714285
0.6999999999999998
0.8
0.8
0.8
0.78
0.78
0.7333333333333334
0.7
0.7
0.76
0.8000000000000002
0.8
0.8
0.8
0.8
0.8
0.775
0.775
0.7
0.72
0.72
0.8
0.72
0.72
0.8
0.8
0.8
0.75
0.75
0.8
0.8000000000000002
0.8000000000000002
0.75
0.7833333333333333
0.8
0.75
0.75
0.8
0.7714285714285715
0.7
0.7666666666666666
0.7571428571428571
0.7571428571428571
0.7571428571428571
0.8000000000000002
0.7571428571428571
0.8000000000000002
0.8
0.75
0.75
0.8
0.8
0.8
0.8
0.8
0.8
0.8
0.775
0.7
0.8000000000000002
0.7714285714285715
0.75
0.75
0.8
0.7428571428571429
0.7428571428571429
0.8000000000000002
0.7571428571428571
0.75
0.8000000000000002
0.7428571428571429
0.8000000000000002
0.7714285714285715
0.75
0.75
0.8
0.7428571428571429
0.7857142857142857
0.7571428571428571
0.8000000000000002
0.8
0.8
0.8
0.8000000000000002
0.7714285714285715
0.7666666666666666
0.8
0.8
0.8000000000000002
0.8000000000000002
0.8000000000000002
0.8
0.8
0.8
0.8
0.8000000000000002
0.8000000000000002
0.8000000000000002
0.8000000000000002
0.8
0.8
0.8
0.8
0.8
0.7428571428571429
0.8000000000000002
0.7428571428571429
0.7833333333333333
0.7333333333333334
0.7333333333333334
0.8
0.75
0.7285714285714285
0.7833333333333333
0.7666666666666666
0.75
0.8000000000000002
0.8000000000000002
0.8000000000000002
0.8000000000000002
0.7571428571428571
0.7285714285714285
0.8
0.8
0.8
0.8
0.7833333333333333
0.7
0.8000000000000002
0.8000000000000002
0.8000000000000002
0.8000000000000002
0.7333333333333334
0.8000000000000002
0.7833333333333333
0.7666666666666666
0.7666666666666666
0.7857142857142857
0.8
0.8
0.8000000000000002
0.75
0.8
0.8000000000000002
0.8
0.8
0.8
0.8000000000000002
0.8
0.8
0.775
0.75
0.8
0.8000000000000002
0.8000000000000002
0.8000000000000002
0.8
0.8000000000000002
0.8
0.75
0.7666666666666666
0.7666666666666666
0.8000000000000002
0.8
0.8000000000000002
0.7666666666666666
0.7833333333333333
0.8000000000000002
0.8000000000000002
0.8000000000000002
0.8
0.8000000000000002
0.8000000000000002
0.7428571428571429
0.7333333333333334
0.8
0.8
0.74
0.8
0.7
0.7999999999999999
0.7714285714285715
0.8000000000000002
0.8
0.8
0.7833333333333333
0.7285714285714285
0.8
0.8
0.8
0.8000000000000002
0.7428571428571429
0.8000000000000002
0.8
0.75
0.8
0.8000000000000002
0.8
0.8000000000000002
0.8000000000000002
0.8000000000000002
0.8000000000000002
0.8000000000000002
0.8
0.8000000000000002
0.8000000000000002
0.8000000000000002
0.7833333333333333
0.7428571428571429
0.76
0.8
0.8000000000000002
0.7333333333333334
0.8000000000000002
0.8000000000000002
0.8000000000000002
0.8
0.8
0.8
0.8
0.8000000000000002
0.8000000000000002
0.8000000000000002
0.8000000000000002
0.7333333333333334
0.8
0.8
0.8
0.8
0.8
0.8
0.8
0.8
0.7333333333333334
0.7142857142857143
0.7142857142857143
0.7142857142857143
0.8000000000000002
0.75
0.8000000000000002
0.7714285714285715
0.7666666666666666
0.8
0.8000000000000002
0.7333333333333334
0.8
0.8
0.6999999999999998
0.8
0.75
0.8000000000000002
0.8000000000000002
0.8
0.8000000000000002
0.8000000000000002
0.7428571428571429
0.8
0.8
0.8
0.8
0.8000000000000002
0.8000000000000002
0.8000000000000002
0.8000000000000002
0.8
0.7857142857142857
0.6999999999999998
0.6999999999999998
0.8000000000000002
0.8
0.8
0.8
0.8
0.8000000000000002
0.7333333333333334
0.8
0.7142857142857143
0.8
0.8
0.8000000000000002
0.8
0.75
0.7571428571428571
0.8000000000000002
0.7714285714285715
0.75
0.75
0.8
0.7857142857142857
0.7571428571428571
0.8000000000000002
0.8000000000000002
0.8000000000000002
0.7428571428571429
0.6999999999999998
0.6999999999999998
0.7666666666666666
0.7625
0.75
0.7714285714285715
0.7571428571428571
0.75
0.8
0.8
0.8
0.8
0.8
0.8
0.8
0.75
0.75
0.8
0.8000000000000002
0.8000000000000002
0.8000000000000002
0.8000000000000002
0.8
0.7333333333333334
0.8
0.7333333333333334
0.8
0.7857142857142857
0.6999999999999998
0.8
0.7333333333333334
0.8
0.8
0.8
0.8
0.8
0.8
0.8000000000000002
0.8000000000000002
0.8
0.8000000000000002
0.8
0.8
0.8
0.8
0.8
0.8
0.8
0.8
0.75
0.75
0.75
0.8000000000000002
0.8000000000000002
0.6999999999999998
0.7666666666666666
0.8000000000000002
0.8
0.8
0.8
0.8000000000000002
0.8
0.8
0.8000000000000002
0.8000000000000002
0.8
0.8
0.8
0.7428571428571429
0.8
0.7333333333333334
0.8000000000000002
0.8
0.8000000000000002
0.8000000000000002
0.8
0.8
0.8
0.8
0.72
0.75
0.75
0.8
0.8000000000000002
0.8
0.8
0.8
0.7666666666666666
0.7
0.7
0.8
0.8
0.8
0.8000000000000002
0.8000000000000002
0.8
0.8000000000000002
0.8000000000000002
0.8
0.8000000000000002
0.7666666666666666
0.7142857142857143
0.8
0.8
0.8
0.8000000000000002
0.8000000000000002
0.8000000000000002
0.7666666666666666
0.78
0.8000000000000002
0.8000000000000002
0.8000000000000002
0.8000000000000002
0.8
0.8
0.725
0.75
0.7571428571428571
0.75
0.8000000000000002
0.8000000000000002
0.8
0.8
0.7571428571428571
0.75
0.75
0.8000000000000002
0.8000000000000002
0.7714285714285715
0.7571428571428571
0.75
0.7428571428571429
0.8
0.7333333333333334
0.8
0.8
0.7428571428571429
0.8
0.8
0.8
0.8
0.7428571428571429
0.8000000000000002
0.7571428571428571
0.7833333333333333
0.7833333333333333
0.7571428571428571
0.8
0.8
0.8000000000000002
0.78
0.78
0.8
0.8000000000000002
0.8
0.8000000000000002
0.8000000000000002
0.8
0.8000000000000002
0.8000000000000002
0.8000000000000002
0.7857142857142857
0.7666666666666666
0.7
0.7
0.7833333333333333
0.7666666666666666
0.7
0.7
0.78
0.7666666666666666
0.7166666666666667
0.7166666666666667
0.8
0.8000000000000002
0.8
0.8
0.7428571428571429
0.8
0.8000000000000002
0.7714285714285715
0.7714285714285715
0.6999999999999998
0.78
0.7375
0.8000000000000002
0.8000000000000002
0.8
0.8000000000000002
0.8
0.8
0.8
0.8000000000000002
0.8
0.8
0.8
0.8
0.8000000000000002
0.8000000000000002
0.8000000000000002
0.7
0.7
0.78
0.8000000000000002
0.7428571428571429
0.8000000000000002
0.8000000000000002
0.8
0.8000000000000002
0.8
0.8000000000000002
0.8
0.8
0.8000000000000002
0.7857142857142857
0.6999999999999998
0.75
0.7428571428571429
0.8
0.8
0.8
0.8
0.8000000000000002
0.8
0.8000000000000002
0.8
0.8
0.8000000000000002
0.8
0.8000000000000002
0.8000000000000002
0.8
0.8
0.8000000000000002
0.8000000000000002
0.8000000000000002
0.8
0.8
0.8
0.8
0.8
0.8
0.8
0.8000000000000002
0.8000000000000002
0.7428571428571429
0.8
0.7714285714285715
0.7666666666666666
0.8
0.8
0.8
0.8000000000000002
0.8000000000000002
0.8000000000000002
0.7714285714285715
0.78
0.7571428571428571
0.7833333333333333
0.8
0.8
0.8
0.8000000000000002
0.8000000000000002
0.8000000000000002
0.8
0.8000000000000002
0.8
0.8
0.8
0.8000000000000002
0.7857142857142857
0.75
0.8000000000000002
0.8000000000000002
0.8000000000000002
0.8
0.8000000000000002
0.8000000000000002
0.8
0.8
0.8
0.76
0.725
0.725
0.8000000000000002
0.8
0.8
0.8
0.7857142857142857
0.7857142857142857
0.7857142857142857
0.7
0.7
0.8
0.775
0.775
0.8
0.7571428571428571
0.7333333333333334
0.7333333333333334
0.7333333333333334
0.7333333333333334
0.8
0.8
0.8
0.8000000000000002
0.8000000000000002
0.8000000000000002
0.8
0.8
0.8000000000000002
0.8000000000000002
0.8
0.8000000000000002
0.8000000000000002
0.8
0.8000000000000002
0.8000000000000002
0.8000000000000002
0.8000000000000002
0.8
0.8
0.8000000000000002
0.8000000000000002
0.8000000000000002
0.8000000000000002
0.8000000000000002
0.8
0.8
0.8
0.8
0.75
0.7
0.7
0.7
0.7333333333333334
0.7333333333333334
0.7333333333333334
0.7333333333333334
0.7333333333333334
0.8
0.8
0.7333333333333334
0.8
0.8000000000000002
0.8
0.8
0.8
0.8
0.8
0.8000000000000002
0.8000000000000002
0.8000000000000002
0.8
0.8250000000000001
0.8250000000000001
0.875
0.8
0.8
0.8
0.8
0.8000000000000002
0.8000000000000002
0.8
0.8000000000000002
0.8000000000000002
0.76
0.7666666666666666
0.8000000000000002
0.75
0.7857142857142857
0.8
0.8
0.74
0.74
0.74
0.8
0.8
0.8
0.8000000000000002
0.8
0.8
0.8
0.8
0.8
0.8000000000000002
0.8000000000000002
0.8000000000000002
0.8000000000000002
0.7857142857142857
0.8
0.8
0.8
0.8
0.8
0.8
0.8
0.8000000000000002
0.8000000000000002
0.7571428571428571
0.7714285714285715
0.8000000000000002
0.72
0.72
0.8
0.8000000000000002
0.8000000000000002
0.6999999999999998
0.7333333333333334
0.7333333333333334
0.8
0.8000000000000002
0.7571428571428571
0.8
0.8
0.8
0.7333333333333334
0.75
0.75
0.8
0.7166666666666667
0.7
0.7
0.8
0.7571428571428571
0.8000000000000002
0.75
0.7857142857142857
0.8
0.7428571428571429
0.8
0.72
0.7
0.7
0.75
0.8
0.8
0.8
0.8000000000000002
0.8
0.8
0.8
0.8
0.8000000000000002
0.8000000000000002
0.8000000000000002
0.8
0.8000000000000002
0.8000000000000002
0.8000000000000002
0.8000000000000002
0.8000000000000002
0.8
0.8
0.8
0.8
0.8
0.8
0.7666666666666666
0.7714285714285715
0.8500000000000001
0.8500000000000001
0.8000000000000002
0.8
0.8
0.8
0.8000000000000002
0.7
0.7
0.7666666666666666
0.7714285714285715
0.75
0.7857142857142857
0.72
0.7285714285714285
0.8
0.8
0.8
0.7428571428571429
0.8000000000000002
0.8000000000000002
0.8000000000000002
0.75
0.8
0.8
0.8000000000000002
0.8000000000000002
0.7428571428571429
0.8
0.8
0.8
0.8000000000000002
0.8
0.8
0.78
0.6999999999999998
0.7714285714285715
0.7714285714285715
0.7714285714285715
0.8
0.8
0.8
0.76
0.6999999999999998
0.6999999999999998
0.8
0.7571428571428571
0.78
0.78
0.8
0.7142857142857143
0.75
0.75
0.8000000000000002
0.7666666666666666
0.75
0.7142857142857143
0.8000000000000002
0.8000000000000002
0.8
0.775
0.775
0.8
0.8
0.8
0.8
0.8
0.8
0.8000000000000002
0.8000000000000002
0.8
0.7666666666666666
0.775
0.75
0.75
0.7
0.7
0.7
0.7666666666666666
0.8
0.8
0.8000000000000002
0.8000000000000002
0.8000000000000002
0.8
0.8
0.8
0.7166666666666667
0.7571428571428571
0.8000000000000002
0.8000000000000002
0.7666666666666666
0.7666666666666666
0.8
0.8
0.8
0.8
0.8
0.8
0.8000000000000002
0.8
0.8
0.8
0.7666666666666666
0.7666666666666666
0.7666666666666666
0.8000000000000002
0.725
0.725
0.775
0.7
0.7571428571428571
0.8000000000000002
0.7833333333333333
0.7142857142857143
0.76
0.8000000000000002
0.7166666666666667
0.7857142857142857
0.76
0.76
0.8
0.8
0.8
0.8
0.8
0.75
0.7857142857142857
0.7857142857142857
0.7857142857142857
0.7571428571428571
0.8
0.8
0.8
0.75
0.75
0.75
0.8
0.7285714285714285
0.7285714285714285
0.7285714285714285
0.8
0.8000000000000002
0.8000000000000002
0.8000000000000002
0.8
0.8
0.8
0.7857142857142857
0.7666666666666666
0.7428571428571429
0.8
0.8
0.8
0.8
0.775
0.7666666666666666
0.75
0.6999999999999998
0.8000000000000002
0.7428571428571429
0.8
0.8
0.8000000000000002
0.7833333333333333
0.7666666666666666
0.8000000000000002
0.7833333333333333
0.7833333333333333
0.7
0.8
0.8000000000000002
0.8000000000000002
0.8
0.8000000000000002
0.8000000000000002
0.7857142857142857
0.7714285714285715
0.8000000000000002
0.7666666666666666
0.7142857142857143
0.7333333333333334
0.8
0.7666666666666666
0.7285714285714285
0.75
0.7714285714285715
0.7666666666666666
0.7714285714285715
0.74
0.8
0.8000000000000002
0.8
0.7666666666666666
0.7833333333333333
0.8000000000000002
0.75
0.7833333333333333
0.8
0.7333333333333334
0.8
0.8000000000000002
0.7428571428571429
0.8000000000000002
0.8
0.7333333333333334
0.8
0.8000000000000002
0.8
0.8
0.8
0.76
0.7714285714285715
0.7714285714285715
0.7714285714285715
0.74
0.8000000000000002
0.8
0.8000000000000002
0.8
0.8
0.8
0.8
0.8
0.8
0.8
0.8
0.8
0.8
0.8
0.8
0.8
0.8
0.8
0.8
0.8
0.7666666666666666
0.6999999999999998
0.8
0.8
0.8
0.8
0.7833333333333333
0.75
0.8
0.8
0.8
0.7833333333333333
0.7
0.7
0.7
0.7
0.7
0.7
0.8
0.7714285714285715
0.7714285714285715
0.75
0.7428571428571429
0.8
0.7428571428571429
0.75
0.75
0.75
0.7428571428571429
0.8000000000000002
0.7428571428571429
0.7142857142857143
0.8000000000000002
0.8000000000000002
0.8000000000000002
0.7428571428571429
0.8000000000000002
0.8
0.7666666666666666
0.7666666666666666
0.8
0.78
0.78
0.7
0.75
0.7999999999999999
0.7999999999999999
0.82
0.7666666666666666
0.7666666666666666
0.7666666666666666
0.8
0.8
0.8
0.7
0.7
0.7666666666666666
0.7571428571428571
0.7833333333333333
0.7833333333333333
0.8
0.8
0.8
0.8000000000000002
0.8
0.8
0.7428571428571429
0.8000000000000002
0.7857142857142857
0.7666666666666666
0.8
0.8
0.8
0.75
0.7666666666666666
0.78
0.78
0.8
0.8000000000000002
0.7833333333333333
0.7571428571428571
0.8
0.8
0.8
0.8
0.8
0.8
0.8
0.8
0.7
0.7
0.7166666666666667
0.7875000000000001
0.7571428571428571
0.8
0.8000000000000002
0.8000000000000002
0.8
0.7428571428571429
0.8
0.8
0.8
0.8000000000000002
0.8
0.8
0.8
0.8
0.8
0.8000000000000002
0.8
0.8
0.8
0.8
0.8
0.75
0.7428571428571429
0.8
0.8
0.8
0.8000000000000002
0.7428571428571429
0.8
0.8
0.8
0.8000000000000002
0.8
0.8
0.7333333333333334
0.8
0.8000000000000002
0.7571428571428571
0.8000000000000002
0.8000000000000002
0.8000000000000002
0.8
0.8
0.8000000000000002
0.8000000000000002
0.7
0.75
0.7428571428571429
0.8000000000000002
0.8
0.7
0.7333333333333334
0.7333333333333334
0.7333333333333334
0.7
0.8000000000000002
0.7333333333333334
0.8
0.7571428571428571
0.7
0.7
0.7666666666666666
0.8
0.8000000000000002
0.7333333333333334
0.7428571428571429
0.8
0.8
0.7666666666666666
0.7666666666666666
0.8
0.8000000000000002
0.8000000000000002
0.8000000000000002
0.8000000000000002
0.8
0.7714285714285715
0.7428571428571429
0.7428571428571429
0.7428571428571429
0.7285714285714285
0.8
0.75
0.75
0.75
0.8
0.8
0.8
0.8
0.8
0.8000000000000002
0.8
0.7571428571428571
0.8
0.8
0.8
0.8000000000000002
0.8000000000000002
0.8000000000000002
0.8
0.8000000000000002
0.8
0.8
0.8
0.8
0.8
0.8
0.75
0.7833333333333333
0.8000000000000002
0.775
0.775
0.8
0.8
0.8000000000000002
0.8
0.8000000000000002
0.8
0.8000000000000002
0.8
0.8000000000000002
0.7833333333333333
0.7714285714285715
0.8000000000000002
0.8000000000000002
0.8
0.8
0.8
0.7333333333333334
0.7571428571428571
0.8
0.8000000000000002
0.7571428571428571
0.7857142857142857
0.8000000000000002
0.8000000000000002
0.7428571428571429
0.75
0.8
0.8
0.8
0.8
0.8000000000000002
0.8
0.8
0.8
0.8
0.7428571428571429
0.8000000000000002
0.8
0.8
0.8
0.8
0.8
0.8
0.8000000000000002
0.8
0.7333333333333334
0.8000000000000002
0.7428571428571429
0.8000000000000002
0.8
0.8
0.8000000000000002
0.8
0.8
0.8
0.8
0.7428571428571429
0.7833333333333333
0.7666666666666666
0.75
0.8000000000000002
0.7571428571428571
0.8
0.8
0.8000000000000002
0.8000000000000002
0.7666666666666666
0.7666666666666666
0.8
0.8
0.8000000000000002
0.7428571428571429
0.8000000000000002
0.8
0.8
0.8
0.8
0.8
0.8000000000000002
0.7333333333333334
0.8000000000000002
0.7833333333333333
0.7833333333333333
0.8
0.8
0.8
0.8
0.8
0.8
0.8
0.8
0.7833333333333333
0.7714285714285715
0.8000000000000002
0.8000000000000002
0.8
0.8
0.8
0.8
0.8
0.7714285714285715
0.8000000000000002
0.8000000000000002
0.8
0.8000000000000002
0.75
0.8
0.75
0.8000000000000002
0.8
0.8
0.8
0.8
0.8
0.8
0.7428571428571429
0.7333333333333334
0.8000000000000002
0.7666666666666666
0.7142857142857143
0.8
0.8
0.8
0.8
0.7333333333333334
0.7571428571428571
0.8000000000000002
0.8000000000000002
0.8000000000000002
0.8
0.8
0.8
0.8
0.8000000000000002
0.8
0.8
0.8
0.8000000000000002
0.8
0.8
0.8
0.8000000000000002
0.8
0.725
0.725
0.8
0.8
0.8000000000000002
0.8
0.8
0.8
0.8
0.7833333333333333
0.76
0.8
0.8
0.8
0.8
0.7428571428571429
0.8
0.8000000000000002
0.8
0.8000000000000002
0.8000000000000002
0.8
0.8000000000000002
0.8
0.75
0.8000000000000002
0.8
0.8
0.8000000000000002
0.8000000000000002
0.8000000000000002
0.8000000000000002
0.8000000000000002
0.8000000000000002
0.8
0.76
0.76
0.8
0.8571428571428571
0.8571428571428571
0.8571428571428571
0.8000000000000002
0.8000000000000002
0.8
0.8
0.8
0.8
0.8
0.8000000000000002
0.8
0.8
0.8
0.8
0.8
0.7333333333333334
0.75
0.75
0.75
0.75
0.8
0.8
0.8000000000000002
0.8000000000000002
0.7571428571428571
0.8000000000000002
0.8000000000000002
0.8000000000000002
0.8000000000000002
0.8000000000000002
0.8
0.8000000000000002
0.8000000000000002
0.7142857142857143
0.72
0.72
0.8
0.8000000000000002
0.8000000000000002
0.8000000000000002
0.8
0.8
0.8
0.8000000000000002
0.8000000000000002
0.8000000000000002
0.8
0.8000000000000002
0.8
0.8
0.8
0.8
0.8
0.7428571428571429
0.8000000000000002
0.8
0.8
0.8
0.8000000000000002
0.7333333333333334
0.7142857142857143
0.8
0.8
0.8000000000000002
0.8000000000000002
0.8
0.8000000000000002
0.8000000000000002
0.8
0.8
0.8
0.8000000000000002
0.8000000000000002
0.7428571428571429
0.8000000000000002
0.7428571428571429
0.8000000000000002
0.8
0.8000000000000002
0.8000000000000002
0.8
0.8
0.7666666666666666
0.7
0.7
0.8
0.8000000000000002
0.8
0.8000000000000002
0.8000000000000002
0.7666666666666666
0.7666666666666666
0.8000000000000002
0.8000000000000002
0.8
0.775
0.775
0.75
0.75
0.8
0.8000000000000002
0.7428571428571429
0.8000000000000002
0.8
0.7666666666666666
0.7666666666666666
0.8000000000000002
0.8
0.8
0.8000000000000002
0.8000000000000002
0.7571428571428571
0.8000000000000002
0.8
0.8
0.8
0.8
0.8
0.75
0.75
0.8
0.8
0.8000000000000002
0.76
0.76
0.8
0.8000000000000002
0.8000000000000002
0.8000000000000002
0.8000000000000002
0.8
0.8000000000000002
0.8
0.8
0.775
0.7666666666666666
0.8
0.7428571428571429
0.8
0.8000000000000002
0.75
0.8000000000000002
0.8
0.8000000000000002
0.8000000000000002
0.8
0.8
0.8
0.8
0.7333333333333334
0.7333333333333334
0.8
0.76
0.7714285714285715
0.8000000000000002
0.8000000000000002
0.8000000000000002
0.7857142857142857
0.7666666666666666
0.8
0.74
0.7333333333333334
0.7142857142857143
0.8000000000000002
0.8000000000000002
0.8000000000000002
0.8
0.8
0.8000000000000002
0.8000000000000002
0.8
0.8000000000000002
0.8000000000000002
0.8
0.8000000000000002
0.8000000000000002
0.8000000000000002
0.8
0.8000000000000002
0.8
0.7428571428571429
0.8000000000000002
0.8000000000000002
0.8
0.8
0.8
0.8
0.8
0.8
0.8000000000000002
0.8
0.8000000000000002
0.7857142857142857
0.75
0.75
0.7333333333333334
0.7833333333333333
0.7833333333333333
0.7833333333333333
0.8
0.8
0.8
0.8
0.8
0.8
0.8
0.8
0.7333333333333334
0.7571428571428571
0.8000000000000002
0.8000000000000002
0.8000000000000002
0.8000000000000002
0.8
0.8
0.8
0.8000000000000002
0.8000000000000002
0.8000000000000002
0.8
0.8000000000000002
0.8000000000000002
0.8000000000000002
0.8
0.8000000000000002
0.7571428571428571
0.8000000000000002
0.7428571428571429
0.7571428571428571
0.7666666666666666
0.76
0.76
0.8
0.7285714285714285
0.78
0.8
0.7428571428571429
0.8
0.7333333333333334
0.8000000000000002
0.8000000000000002
0.8000000000000002
0.8
0.8
0.8
0.8
0.8
0.8
0.75
0.75
0.75
0.8
0.8
0.8
0.8
0.8
0.8
0.8000000000000002
0.8000000000000002
0.8000000000000002
0.8000000000000002
0.8
0.8
0.8
0.8
0.8000000000000002
0.8000000000000002
0.8
0.8
0.8
0.8000000000000002
0.8
0.8
0.8
0.8000000000000002
0.8
0.8
0.8000000000000002
0.8
0.8
0.8
0.8
0.8
0.8
0.8
0.8
0.8000000000000002
0.7333333333333334
0.8000000000000002
0.8000000000000002
0.8
0.8
0.8000000000000002
0.76
0.8
0.8
0.8
0.8
0.8
0.8
0.8
0.8000000000000002
0.8
0.8000000000000002
0.8
0.8
0.8000000000000002
0.8000000000000002
0.8
0.8
0.8
0.8000000000000002
0.8
0.8
0.8000000000000002
0.8000000000000002
0.8
0.8000000000000002
0.8
0.8
0.8
0.8
0.8
0.7333333333333334
0.8
0.8
0.8
0.9
0.8166666666666668
0.8
0.8
0.7666666666666666
0.7714285714285715
0.8000000000000002
0.8000000000000002
0.8000000000000002
0.8000000000000002
0.8
0.8
0.8
0.8
0.8000000000000002
0.8000000000000002
0.8000000000000002
0.7714285714285715
0.7833333333333333
0.76
0.7428571428571429
0.7833333333333333
0.8
0.8
0.6999999999999998
0.7714285714285715
0.8000000000000002
0.7428571428571429
0.8000000000000002
0.8000000000000002
0.8000000000000002
0.7857142857142857
0.7857142857142857
0.7857142857142857
0.75
0.8
0.8
0.8000000000000002
0.8000000000000002
0.8
0.7666666666666666
0.7714285714285715
0.8000000000000002
0.8
0.8
0.8
0.8
0.7428571428571429
0.8
0.8
0.8
0.8000000000000002
0.8000000000000002
0.8
0.8
0.7666666666666666
0.7142857142857143
0.8000000000000002
0.8
0.8
0.8
0.8
0.8
0.75
0.7833333333333333
0.8000000000000002
0.8
0.8000000000000002
0.8000000000000002
0.8
0.8
0.8
0.8
0.8
0.8
0.8000000000000002
0.7666666666666666
0.75
0.75
0.8
0.7714285714285715
0.7833333333333333
0.7857142857142857
0.7
0.7333333333333334
0.7333333333333334
0.7333333333333334
0.8000000000000002
0.8
0.8000000000000002
0.8
0.8
0.8
0.8000000000000002
0.8000000000000002
0.8000000000000002
0.8000000000000002
0.8000000000000002
0.8000000000000002
0.8
0.8
0.8
0.8
0.8000000000000002
0.8000000000000002
0.75
0.8
0.8000000000000002
0.8000000000000002
0.8
0.8000000000000002
0.8000000000000002
0.8
0.8
0.8
0.775
0.75
0.8000000000000002
0.7666666666666666
0.76
0.76
0.8000000000000002
0.8
0.6999999999999998
0.8000000000000002
0.8000000000000002
0.8000000000000002
0.8
0.8
0.8
0.8
0.8
0.8000000000000002
0.8
0.8
0.8
0.8
0.8
0.8
0.8
0.8
0.8000000000000002
0.8
0.7833333333333333
0.7666666666666666
0.8
0.8
0.8
0.8
0.8000000000000002
0.8
0.8
0.8
0.8000000000000002
0.8
0.75
0.8
0.8
0.75
0.8000000000000002
0.7833333333333333
0.75
0.75
0.8
0.8000000000000002
0.8000000000000002
0.8000000000000002
0.75
0.75
0.8000000000000002
0.8
0.8
0.8
0.8000000000000002
0.8000000000000002
0.8
0.8
0.8
0.8
0.8
0.8000000000000002
0.7333333333333334
0.8
0.8000000000000002
0.8000000000000002
0.8
0.8
0.76
0.7714285714285715
0.7857142857142857
0.8000000000000002
0.8000000000000002
0.8000000000000002
0.8
0.8
0.8
0.8
0.7428571428571429
0.7428571428571429
0.8000000000000002
0.8000000000000002
0.8
0.8
0.8000000000000002
0.8
0.7428571428571429
0.8500000000000001
0.8500000000000001
0.78
0.7857142857142857
0.8
0.8
0.8000000000000002
0.8000000000000002
0.8000000000000002
0.8
0.8
0.8
0.8
0.7833333333333333
0.75
0.8
0.7571428571428571
0.7833333333333333
0.8000000000000002
0.8000000000000002
0.7666666666666666
0.7714285714285715
0.8000000000000002
0.75
0.8000000000000002
0.7333333333333334
0.8000000000000002
0.75
0.7833333333333333
0.7166666666666667
0.8000000000000002
0.75
0.8000000000000002
0.8000000000000002
0.8000000000000002
0.8000000000000002
0.8000000000000002
0.7166666666666667
0.78
0.78
0.8
0.8
0.8000000000000002
0.7428571428571429
0.8000000000000002
0.7428571428571429
0.8
0.8
0.76
0.8000000000000002
0.8000000000000002
0.8000000000000002
0.8000000000000002
0.75
0.7666666666666666
0.7714285714285715
0.8000000000000002
0.8
0.8000000000000002
0.8
0.8
0.8
0.8
0.8
0.7142857142857143
0.7666666666666666
0.7166666666666667
0.7333333333333334
0.75
0.7571428571428571
0.7833333333333333
0.8000000000000002
0.8
0.8
0.8000000000000002
0.74
0.8
0.8000000000000002
0.8000000000000002
0.8000000000000002
0.8
0.8000000000000002
0.8000000000000002
0.75
0.7166666666666667
0.7166666666666667
0.7166666666666667
0.8
0.8
0.8000000000000002
0.8
0.8000000000000002
0.8000000000000002
0.8000000000000002
0.8000000000000002
0.8
0.8
0.8
0.8000000000000002
0.8000000000000002
0.8
0.8
0.8
0.7428571428571429
0.8000000000000002
0.8
0.8
0.8000000000000002
0.6999999999999998
0.6999999999999998
0.8
0.8000000000000002
0.8000000000000002
0.8000000000000002
0.7666666666666666
0.7714285714285715
0.7857142857142857
0.6999999999999998
0.8000000000000002
0.8000000000000002
0.8
0.7857142857142857
0.6999999999999998
0.6999999999999998
0.8000000000000002
0.8
0.8
0.8000000000000002
0.8
0.8
0.8
0.74
0.8
0.8000000000000002
0.8
0.8000000000000002
0.7428571428571429
0.7833333333333333
0.7571428571428571
0.8
0.8
0.8000000000000002
0.8000000000000002
0.8000000000000002
0.8000000000000002
0.8
0.8
0.8
0.8
0.8000000000000002
0.8
0.75
0.7857142857142857
0.8000000000000002
0.7428571428571429
0.8000000000000002
0.8000000000000002
0.8000000000000002
0.8
0.7666666666666666
0.7571428571428571
0.78
0.8
0.7333333333333334
0.8000000000000002
0.8
0.8
0.7428571428571429
0.8000000000000002
0.8
0.8000000000000002
0.8000000000000002
0.8
0.8
0.8
0.8
0.8000000000000002
0.7857142857142857
0.75
0.8000000000000002
0.8000000000000002
0.8000000000000002
0.8
0.8000000000000002
0.8
0.7166666666666667
0.7714285714285715
0.7857142857142857
0.7571428571428571
0.7666666666666666
0.7833333333333333
0.78
0.78
0.8
0.8000000000000002
0.8
0.8000000000000002
0.8000000000000002
0.8
0.8000000000000002
0.8000000000000002
0.8000000000000002
0.8000000000000002
0.8000000000000002
0.7333333333333334
0.8
0.8000000000000002
0.7428571428571429
0.8
0.8
0.8
0.7428571428571429
0.775
0.7
0.7714285714285715
0.8000000000000002
0.8000000000000002
0.7714285714285715
0.7666666666666666
0.8000000000000002
0.8000000000000002
0.8
0.7833333333333333
0.75
0.72
0.72
0.72
0.8
0.7333333333333334
0.8
0.8
0.8
0.8000000000000002
0.8000000000000002
0.74
0.8
0.8000000000000002
0.7666666666666666
0.7833333333333333
0.8000000000000002
0.8
0.8000000000000002
0.8
0.8000000000000002
0.8
0.7333333333333334
0.8000000000000002
0.8000000000000002
0.8
0.8
0.8
0.8
0.8
0.8
0.8000000000000002
0.7833333333333333
0.75
0.8
0.7833333333333333
0.7666666666666666
0.8
0.75
0.7857142857142857
0.7666666666666666
0.76
0.8000000000000002
0.8000000000000002
0.8000000000000002
0.8000000000000002
0.8000000000000002
0.8000000000000002
0.7333333333333334
0.8000000000000002
0.8000000000000002
0.8
0.8000000000000002
0.8000000000000002
0.8
0.7333333333333334
0.8000000000000002
0.8000000000000002
0.7571428571428571
0.8000000000000002
0.8
0.8
0.8
0.8000000000000002
0.8
0.8000000000000002
0.8
0.8
0.8
0.7333333333333334
0.8000000000000002
0.8
0.8
0.8
0.8
0.8000000000000002
0.8000000000000002
0.7428571428571429
0.7333333333333334
0.75
0.7833333333333333
0.8
0.8000000000000002
0.8
0.8
0.8
0.8
0.8
0.8000000000000002
0.8000000000000002
0.8000000000000002
0.8000000000000002
0.8
0.8000000000000002
0.8
0.8
0.8
0.8
0.8
0.8000000000000002
0.8000000000000002
0.8
0.8
0.8
0.8
0.8
0.8
0.8
0.8000000000000002
0.7833333333333333
0.7571428571428571
0.8
0.8000000000000002
0.8
0.8
0.8
0.8
0.8
0.7333333333333334
0.8000000000000002
0.7714285714285715
0.6999999999999998
0.75
0.8
0.8
0.8000000000000002
0.8000000000000002
0.8000000000000002
0.8
0.8000000000000002
0.8000000000000002
0.8
0.7857142857142857
0.75
0.6999999999999998
0.8
0.8000000000000002
0.8000000000000002
0.8
0.8
0.8000000000000002
0.8000000000000002
0.8000000000000002
0.75
0.8000000000000002
0.8000000000000002
0.8000000000000002
0.8000000000000002
0.8
0.8000000000000002
0.8000000000000002
0.8000000000000002
0.8
0.8
0.8
0.8
0.8
0.7428571428571429
0.8
0.72
0.8
0.8
0.8
0.8000000000000002
0.8
0.8000000000000002
0.8000000000000002
0.8
0.8
0.8
0.8
0.8
0.8000000000000002
0.8000000000000002
0.8000000000000002
0.8000000000000002
0.8000000000000002
0.8
0.8
0.7333333333333334
0.7666666666666666
0.8
0.8
0.8
0.8000000000000002
0.8000000000000002
0.7285714285714285
0.7571428571428571
0.8000000000000002
0.7333333333333334
0.8
0.8
0.8000000000000002
0.8
0.8
0.8
0.8
0.8
0.8000000000000002
0.8
0.8
0.8
0.8
0.8000000000000002
0.8000000000000002
0.8000000000000002
0.8000000000000002
0.8
0.8
0.8
0.8
0.8000000000000002
0.8000000000000002
0.75
0.7833333333333333
0.8000000000000002
0.75
0.8
0.8000000000000002
0.8
0.8000000000000002
0.8000000000000002
0.74
0.8000000000000002
0.8
0.7428571428571429
0.8000000000000002
0.8
0.8000000000000002
0.8
0.8
0.8
0.75
0.8
0.8
0.8
0.8
0.8
0.8
0.7571428571428571
0.7857142857142857
0.775
0.6999999999999998
0.7428571428571429
0.8000000000000002
0.8
0.8
0.8
0.8
0.8
0.75
0.8
0.8000000000000002
0.8
0.8
0.8000000000000002
0.8000000000000002
0.8000000000000002
0.7714285714285715
0.7333333333333334
0.7333333333333334
0.8
0.7666666666666666
0.7857142857142857
0.8000000000000002
0.8
0.8
0.8
0.8000000000000002
0.8000000000000002
0.8
0.8
0.8
0.8000000000000002
0.8
0.8
0.8
0.8
0.8000000000000002
0.7833333333333333
0.7571428571428571
0.8
0.8
0.8000000000000002
0.8000000000000002
0.8000000000000002
0.8
0.8
0.7333333333333334
0.7666666666666666
0.7666666666666666
0.7666666666666666
0.8
0.8
0.8000000000000002
0.8
0.8
0.8
0.8
0.8000000000000002
0.8
0.8000000000000002
0.8
0.8000000000000002
0.8000000000000002
0.8
0.8
0.8
0.8000000000000002
0.8000000000000002
0.7428571428571429
0.8
0.8
0.8
0.8000000000000002
0.8000000000000002
0.8
0.8
0.8000000000000002
0.8
0.8
0.8000000000000002
0.8
0.8
0.8000000000000002
0.8000000000000002
0.8
0.7666666666666666
0.7833333333333333
0.8
0.8
0.74
0.8000000000000002
0.8000000000000002
0.8
0.8000000000000002
0.8000000000000002
0.8
0.8
0.8000000000000002
0.8000000000000002
0.8
0.8000000000000002
0.8
0.8
0.8
0.8000000000000002
0.8000000000000002
0.8
0.7333333333333334
0.8000000000000002
0.7428571428571429
0.8
0.8
0.8000000000000002
0.8
0.8
0.8250000000000001
0.8250000000000001
0.8
0.8
0.8
0.8
0.7
0.8142857142857143
0.8333333333333334
0.8
0.8000000000000002
0.8000000000000002
0.8000000000000002
0.8
0.8
0.8
0.8000000000000002
0.8
0.8
0.8
0.8
0.8000000000000002
0.8
0.8
0.8
0.8
0.8
0.8
0.7857142857142857
0.7666666666666666
0.8
0.8
0.8
0.8
0.8
0.8
0.8
0.72
0.8000000000000002
0.8000000000000002
0.8
0.8000000000000002
0.8000000000000002
0.8000000000000002
0.8000000000000002
0.8000000000000002
0.75
0.8000000000000002
0.8
0.8
0.8000000000000002
0.78
0.76
0.8
0.8
0.8
0.8
0.8000000000000002
0.8400000000000001
0.7666666666666666
0.8000000000000002
0.8000000000000002
0.8000000000000002
0.8
0.7
0.7
0.7
0.7857142857142857
0.8
0.8
0.8
0.8
0.7428571428571429
0.8
0.8
0.8000000000000002
0.8
0.8
0.8
0.8000000000000002
0.8
0.8
0.8
0.8
0.8
0.8
0.8
0.8
0.8
0.8
0.8000000000000002
0.8
0.8
0.8
0.7666666666666666
0.7833333333333333
0.8000000000000002
0.8
0.8
0.8000000000000002
0.8000000000000002
0.8000000000000002
0.8000000000000002
0.8000000000000002
0.8000000000000002
0.8
0.7428571428571429
0.8000000000000002
0.8000000000000002
0.8000000000000002
0.8
0.8000000000000002
0.8000000000000002
0.8
0.8000000000000002
0.8
0.8
0.8
0.7333333333333334
0.8
0.8
0.8
0.8
0.8
0.8
0.8
0.8000000000000002
0.8000000000000002
0.7666666666666666
0.7666666666666666
0.8
0.8000000000000002
0.7666666666666666
0.7833333333333333
0.7428571428571429
0.8
0.8
0.76
0.7142857142857143
0.8000000000000002
0.7571428571428571
0.7333333333333334
0.8000000000000002
0.8000000000000002
0.8
0.8000000000000002
0.8000000000000002
0.75
0.8
0.8000000000000002
0.8333333333333334
0.8333333333333334
0.9
0.6999999999999998
0.7833333333333333
0.8000000000000002
0.8000000000000002
0.8
0.8
0.8
0.8
0.8
0.8
0.8
0.8
0.8
0.8
0.8
0.8
0.8
0.8
0.8
0.8
0.8
0.8
0.8
0.7714285714285715
0.7714285714285715
0.75
0.8428571428571429
0.8166666666666668
0.8000000000000002
0.8000000000000002
0.8000000000000002
0.8
0.8000000000000002
0.8
0.8
0.8000000000000002
0.8000000000000002
0.8
0.8
0.8
0.8000000000000002
0.8
0.8
0.7428571428571429
0.8000000000000002
0.8000000000000002
0.7428571428571429
0.8
0.8
0.8000000000000002
0.8
0.8
0.7428571428571429
0.8
0.8
0.78
0.7571428571428571
0.7333333333333334
0.8
0.8000000000000002
0.8000000000000002
0.8
0.8
0.8
0.8000000000000002
0.8000000000000002
0.8
0.8
0.8
0.8000000000000002
0.8
0.8000000000000002
0.8
0.8
0.7
0.7
0.76
0.8
0.7857142857142857
0.7666666666666666
0.8000000000000002
0.8000000000000002
0.8
0.8
0.8
0.8
0.8
0.8
0.8000000000000002
0.7
0.7
0.8000000000000002
0.7571428571428571
0.8
0.8
0.8
0.75
0.7857142857142857
0.8000000000000002
0.8
0.8
0.8000000000000002
0.8000000000000002
0.8
0.8
0.8
0.8000000000000002
0.8000000000000002
0.7333333333333334
0.8000000000000002
0.7333333333333334
0.8000000000000002
0.7
0.7428571428571429
0.8000000000000002
0.8000000000000002
0.8000000000000002
0.8
0.8000000000000002
0.7428571428571429
0.8000000000000002
0.7285714285714285
0.7714285714285715
0.8000000000000002
0.7571428571428571
0.78
0.8
0.8000000000000002
0.8000000000000002
0.74
0.8
0.75
0.8
0.7666666666666666
0.7714285714285715
0.76
0.76
0.8
0.8000000000000002
0.8
0.8000000000000002
0.8000000000000002
0.7333333333333334
0.7142857142857143
0.8
0.8
0.8
0.8
0.75
0.7857142857142857
0.7571428571428571
0.8000000000000002
0.8000000000000002
0.7714285714285715
0.7571428571428571
0.7428571428571429
0.8
0.74
0.74
0.7
0.75
0.8
0.8000000000000002
0.8000000000000002
0.8
0.8
0.8
0.8
0.8
0.7333333333333334
0.8
0.8
0.8
0.76
0.7666666666666666
0.8000000000000002
0.8
0.8
0.8
0.8000000000000002
0.75
0.7833333333333333
0.8
0.8
0.8
0.8
0.75
0.8
0.7428571428571429
0.7714285714285715
0.7666666666666666
0.7666666666666666
0.7666666666666666
0.8000000000000002
0.8000000000000002
0.8
0.8
0.8000000000000002
0.8000000000000002
0.7857142857142857
0.75
0.8
0.7428571428571429
0.8
0.8000000000000002
0.7714285714285715
0.74
0.8
0.8
0.8
0.8
0.75
0.74
0.8
0.8000000000000002
0.8000000000000002
0.8
0.7571428571428571
0.7
0.7
0.8
0.7428571428571429
0.8
0.8
0.8
0.8
0.8
0.8
0.8000000000000002
0.8
0.8
0.725
0.725
0.8
0.8000000000000002
0.8000000000000002
0.8000000000000002
0.8000000000000002
0.8000000000000002
0.72
0.8
0.8000000000000002
0.8000000000000002
0.75
0.7833333333333333
0.8000000000000002
0.8000000000000002
0.8000000000000002
0.8000000000000002
0.8000000000000002
0.7666666666666666
0.72
0.72
0.8
0.8000000000000002
0.8000000000000002
0.8000000000000002
0.8
0.8
0.8
0.9
0.8
0.8
0.8
0.8000000000000002
0.8000000000000002
0.8
0.8
0.75
0.7666666666666666
0.7666666666666666
0.75
0.75
0.75
0.75
0.8000000000000002
0.8000000000000002
0.8000000000000002
0.8
0.8
0.8
0.8000000000000002
0.8000000000000002
0.8
0.8000000000000002
0.8000000000000002
0.8000000000000002
0.8000000000000002
0.7571428571428571
0.7666666666666666
0.7833333333333333
0.74
0.74
0.74
0.8
0.8
0.8000000000000002
0.7428571428571429
0.8000000000000002
0.8200000000000001
0.8200000000000001
0.9
0.8142857142857143
0.8
0.8
0.8
0.8000000000000002
0.8
0.8
0.8
0.8
0.75
0.75
0.75
0.7333333333333334
0.7333333333333334
0.8
0.8000000000000002
0.78
0.78
0.7
0.8
0.8
0.8000000000000002
0.8000000000000002
0.8
0.8
0.8
0.8000000000000002
0.75
0.8
0.7333333333333334
0.8
0.8000000000000002
0.8
0.8
0.8
0.72
0.8000000000000002
0.8000000000000002
0.8
0.7428571428571429
0.8000000000000002
0.8000000000000002
0.72
0.72
0.72
0.75
0.8
0.7833333333333333
0.75
0.75
0.8000000000000002
0.8000000000000002
0.8000000000000002
0.8000000000000002
0.7
0.7
0.7666666666666666
0.7666666666666666
0.8000000000000002
0.7333333333333334
0.7666666666666666
0.7666666666666666
0.8
0.7666666666666666
0.7333333333333334
0.74
0.8
0.8
0.8
0.8
0.8000000000000002
0.8000000000000002
0.8000000000000002
0.8
0.8
0.7714285714285715
0.75
0.75
0.8
0.8000000000000002
0.8
0.8
0.8
0.8
0.8000000000000002
0.8000000000000002
0.7571428571428571
0.8000000000000002
0.8
0.8000000000000002
0.8
0.8000000000000002
0.8000000000000002
0.8
0.75
0.7833333333333333
0.8
0.8
0.8
0.8
0.8
0.7428571428571429
0.8
0.8
0.8
0.8
0.8
0.7428571428571429
0.8
0.8
0.8
0.8000000000000002
0.8000000000000002
0.8000000000000002
0.8
0.8
0.8
0.8000000000000002
0.8
0.8
0.8000000000000002
0.8000000000000002
0.8000000000000002
0.7333333333333334
0.8000000000000002
0.8
0.8000000000000002
0.8000000000000002
0.8000000000000002
0.8
0.8
0.8
0.74
0.7333333333333334
0.8000000000000002
0.8000000000000002
0.8000000000000002
0.8000000000000002
0.8000000000000002
0.8000000000000002
0.75
0.7
0.7571428571428571
0.7714285714285715
0.8
0.7571428571428571
0.8
0.8
0.8
0.8000000000000002
0.8000000000000002
0.8000000000000002
0.8
0.8
0.8
0.7333333333333334
0.75
0.7333333333333334
0.7333333333333334
0.7333333333333334
0.8000000000000002
0.7
0.7
0.7666666666666666
0.7428571428571429
0.7833333333333333
0.8000000000000002
0.8
0.8
0.8
0.8000000000000002
0.8
0.8000000000000002
0.8
0.8
0.8000000000000002
0.8000000000000002
0.8000000000000002
0.8000000000000002
0.8000000000000002
0.8000000000000002
0.8000000000000002
0.8000000000000002
0.8
0.78
0.7571428571428571
0.8000000000000002
0.7142857142857143
0.75
0.75
0.8
0.75
0.8
0.7333333333333334
0.7333333333333334
0.7333333333333334
0.8000000000000002
0.8
0.8
0.8
0.8
0.8000000000000002
0.8000000000000002
0.8
0.8
0.8
0.8
0.8
0.8000000000000002
0.8000000000000002
0.75
0.75
0.8
0.8000000000000002
0.8000000000000002
0.8
0.8000000000000002
0.75
0.8166666666666668
0.8166666666666668
0.8166666666666668
0.8571428571428571
0.8
0.8000000000000002
0.7333333333333334
0.7714285714285715
0.86
0.8200000000000001
0.8200000000000001
0.8
0.75
0.7857142857142857
0.8000000000000002
0.8000000000000002
0.8000000000000002
0.8000000000000002
0.8000000000000002
0.8000000000000002
0.8
0.8000000000000002
0.8000000000000002
0.8000000000000002
0.8000000000000002
0.8
0.8
0.8000000000000002
0.8
0.8
0.8000000000000002
0.8000000000000002
0.8000000000000002
0.8000000000000002
0.8
0.8
0.8
0.8
0.8
0.8
0.8000000000000002
0.8000000000000002
0.8000000000000002
0.8000000000000002
0.8000000000000002
0.8
0.8
0.8000000000000002
0.8
0.78
0.7142857142857143
0.75
0.8000000000000002
0.8
0.8000000000000002
0.8
0.8000000000000002
0.8
0.8
0.8
0.8
0.8
0.75
0.8000000000000002
0.8
0.8
0.8
0.7571428571428571
0.8
0.8
0.8
0.8
0.8
0.8
0.8
0.8
0.8250000000000001
0.8000000000000002
0.8
0.8
0.8
0.8
0.8
0.8000000000000002
0.8
0.8
0.8
0.8
0.8000000000000002
0.8000000000000002
0.8000000000000002
0.8
0.8
0.75
0.7333333333333334
0.7333333333333334
0.8
0.8000000000000002
0.8000000000000002
0.8
0.8000000000000002
0.8000000000000002
0.8000000000000002
0.8
0.8
0.8
0.8
0.8000000000000002
0.75
0.8000000000000002
0.8000000000000002
0.8000000000000002
0.8000000000000002
0.7571428571428571
0.8000000000000002
0.8000000000000002
0.8000000000000002
0.8000000000000002
0.8000000000000002
0.8000000000000002
0.7333333333333334
0.7571428571428571
0.8
0.8000000000000002
0.8
0.8
0.8
0.7571428571428571
0.8000000000000002
0.8
0.8
0.8
0.8
0.8000000000000002
0.8
0.8
0.8
0.75
0.8
0.8000000000000002
0.8
0.8000000000000002
0.8000000000000002
0.8000000000000002
0.8000000000000002
0.8000000000000002
0.8
0.8
0.8
0.8000000000000002
0.8000000000000002
0.8
0.8
0.8
0.8
0.8
0.8
0.8
0.8
0.8
0.8
0.7571428571428571
0.7
0.7833333333333333
0.7833333333333333
0.7833333333333333
0.8000000000000002
0.8
0.8
0.8
0.8
0.8
0.8
0.8
0.8000000000000002
0.8
0.7333333333333334
0.7
0.8000000000000002
0.8
0.8
0.8
0.8
0.7333333333333334
0.74
0.8000000000000002
0.8000000000000002
0.8
0.8
0.8
0.8
0.8
0.8
0.8
0.8000000000000002
0.8000000000000002
0.8000000000000002
0.8
0.8
0.8000000000000002
0.8333333333333334
0.8333333333333334
0.875
0.8
0.8
0.8
0.8000000000000002
0.8
0.8
0.8000000000000002
0.7428571428571429
0.7571428571428571
0.7833333333333333
0.8000000000000002
0.8000000000000002
0.8
0.8000000000000002
0.8000000000000002
0.8000000000000002
0.7714285714285715
0.7666666666666666
0.8
0.7333333333333334
0.8000000000000002
0.8000000000000002
0.8
0.8
0.8000000000000002
0.8000000000000002
0.8
0.8
0.8000000000000002
0.8000000000000002
0.8
0.7571428571428571
0.8000000000000002
0.8000000000000002
0.8
0.8000000000000002
0.8000000000000002
0.7285714285714285
0.8
0.8
0.8
0.8000000000000002
0.725
0.725
0.8
0.8
0.8
0.8000000000000002
0.8000000000000002
0.8
0.7714285714285715
0.7166666666666667
0.7428571428571429
0.8
0.8000000000000002
0.8
0.8000000000000002
0.8
0.8
0.8000000000000002
0.8
0.8
0.8
0.7285714285714285
0.8
0.8000000000000002
0.8
0.8000000000000002
0.8000000000000002
0.8000000000000002
0.8000000000000002
0.8000000000000002
0.8
0.8
0.6999999999999998
0.8000000000000002
0.8000000000000002
0.75
0.7571428571428571
0.775
0.775
0.8
0.8
0.8
0.8000000000000002
0.7833333333333333
0.75
0.8000000000000002
0.8
0.8
0.8
0.8
0.8000000000000002
0.75
0.8
0.8000000000000002
0.8000000000000002
0.75
0.8
0.8
0.8
0.8
0.8000000000000002
0.8000000000000002
0.8
0.8
0.8000000000000002
0.8000000000000002
0.8
0.8000000000000002
0.8000000000000002
0.75
0.76
0.7833333333333333
0.8000000000000002
0.8000000000000002
0.8000000000000002
0.8
0.8000000000000002
0.7333333333333334
0.7333333333333334
0.8
0.8000000000000002
0.8000000000000002
0.7166666666666667
0.74
0.75
0.75
0.8000000000000002
0.8000000000000002
0.8
0.8
0.7428571428571429
0.8000000000000002
0.8
0.8
0.8
0.8000000000000002
0.8
0.8
0.8
0.8
0.8
0.8
0.8000000000000002
0.8
0.8
0.7714285714285715
0.7714285714285715
0.7714285714285715
0.8000000000000002
0.8000000000000002
0.8
0.8000000000000002
0.8000000000000002
0.8000000000000002
0.8000000000000002
0.8
0.8
0.8
0.8
0.8
0.8000000000000002
0.75
0.7285714285714285
0.8
0.7
0.76
0.7
0.7666666666666666
0.8
0.8
0.7666666666666666
0.74
0.74
0.74
0.8000000000000002
0.7
0.7666666666666666
0.7666666666666666
0.8000000000000002
0.8
0.8000000000000002
0.7428571428571429
0.8
0.8
0.8
0.8000000000000002
0.8000000000000002
0.8000000000000002
0.8000000000000002
0.8000000000000002
0.7857142857142857
0.75
0.8
0.76
0.76
0.8
0.8
0.7333333333333334
0.7666666666666666
0.75
0.8000000000000002
0.8666666666666667
0.8
0.7666666666666666
0.7666666666666666
0.7666666666666666
0.8000000000000002
0.8000000000000002
0.7666666666666666
0.7666666666666666
0.75
0.7
0.7
0.8
0.8
0.8
0.8
0.8000000000000002
0.8
0.8000000000000002
0.7571428571428571
0.7833333333333333
0.75
0.8
0.7428571428571429
0.8000000000000002
0.8
0.8
0.8
0.8
0.8000000000000002
0.75
0.7833333333333333
0.8000000000000002
0.74
0.8000000000000002
0.8000000000000002
0.8
0.8000000000000002
0.8000000000000002
0.75
0.7833333333333333
0.8000000000000002
0.8000000000000002
0.8000000000000002
0.725
0.8
0.8000000000000002
0.7333333333333334
0.7333333333333334
0.7333333333333334
0.8000000000000002
0.8
0.8000000000000002
0.7428571428571429
0.8000000000000002
0.8
0.8
0.8000000000000002
0.8
0.8000000000000002
0.7142857142857143
0.775
0.775
0.8000000000000002
0.78
0.78
0.8
0.7857142857142857
0.75
0.8
0.8
0.8000000000000002
0.8
0.8
0.8
0.7857142857142857
0.7142857142857143
0.7571428571428571
0.7833333333333333
0.8
0.8
0.8000000000000002
0.8000000000000002
0.8
0.8
0.8
0.775
0.75
0.75
0.8000000000000002
0.8000000000000002
0.8
0.7666666666666666
0.7666666666666666
0.8000000000000002
0.7428571428571429
0.7333333333333334
0.7857142857142857
0.8
0.8
0.8
0.8
0.8000000000000002
0.8000000000000002
0.8000000000000002
0.8000000000000002
0.7857142857142857
0.7714285714285715
0.8000000000000002
0.7333333333333334
0.8000000000000002
0.8
0.8
0.8000000000000002
0.8000000000000002
0.75
0.78
0.7571428571428571
0.7333333333333334
0.7333333333333334
0.8
0.8000000000000002
0.7166666666666667
0.725
0.725
0.8
0.8
0.8
0.8
0.8
0.8
0.8
0.8
0.8
0.7666666666666666
0.7833333333333333
0.7833333333333333
0.7833333333333333
0.75
0.78
0.75
0.8
0.8
0.8
0.8000000000000002
0.7857142857142857
0.7857142857142857
0.7857142857142857
0.7833333333333333
0.8000000000000002
0.7428571428571429
0.75
0.7333333333333334
0.8
0.7285714285714285
0.8000000000000002
0.8
0.75
0.8
0.8
0.8
0.8000000000000002
0.75
0.74
0.8
0.8
0.8
0.8000000000000002
0.7571428571428571
0.7
0.75
0.7
0.8
0.8000000000000002
0.8000000000000002
0.8
0.7333333333333334
0.8
0.8000000000000002
0.8
0.8000000000000002
0.8000000000000002
0.8000000000000002
0.8000000000000002
0.8
0.8
0.8
0.8000000000000002
0.7666666666666666
0.7142857142857143
0.7833333333333333
0.75
0.75
0.8
0.8
0.8
0.75
0.8000000000000002
0.8
0.8
0.8000000000000002
0.8000000000000002
0.8000000000000002
0.8
0.8
0.8
0.8
0.8
0.8000000000000002
0.7857142857142857
0.74
0.74
0.8
0.8
0.8
0.8
0.7428571428571429
0.8000000000000002
0.8
0.8
0.8
0.8
0.8
0.8
0.8
0.8000000000000002
0.8
0.8000000000000002
0.75
0.8000000000000002
0.86
0.86
0.8
0.8
0.8
0.8000000000000002
0.8000000000000002
0.8000000000000002
0.8000000000000002
0.8
0.8
0.8
0.7
0.7333333333333334
0.7333333333333334
0.8000000000000002
0.8000000000000002
0.8
0.8
0.8
0.8
0.8000000000000002
0.8000000000000002
0.8000000000000002
0.8
0.7333333333333334
0.8
0.8
0.8000000000000002
0.8000000000000002
0.74
0.775
0.775
0.8
0.7833333333333333
0.7571428571428571
0.8
0.8000000000000002
0.8
0.8000000000000002
0.8
0.8
0.8
0.8
0.8
0.8
0.8
0.8
0.76
0.76
0.76
0.7
0.8
0.8000000000000002
0.8000000000000002
0.8000000000000002
0.7666666666666666
0.7833333333333333
0.8000000000000002
0.725
0.725
0.75
0.7
0.7
0.8
0.8
0.8
0.8
0.7
0.7857142857142857
0.7333333333333334
0.8000000000000002
0.7714285714285715
0.7714285714285715
0.8
0.8
0.7666666666666666
0.7142857142857143
0.8
0.7666666666666666
0.7333333333333334
0.8
0.74
0.7833333333333333
0.8000000000000002
0.8000000000000002
0.8000000000000002
0.8
0.7857142857142857
0.7
0.75
0.8
0.8000000000000002
0.8000000000000002
0.8000000000000002
0.78
0.76
0.8000000000000002
0.8000000000000002
0.8000000000000002
0.8000000000000002
0.8000000000000002
0.75
0.75
0.7833333333333333
0.7571428571428571
0.8000000000000002
0.8000000000000002
0.8000000000000002
0.8000000000000002
0.8
0.8000000000000002
0.8000000000000002
0.8000000000000002
0.8
0.8
0.8
0.8
0.8
0.8
0.8000000000000002
0.8000000000000002
0.8
0.7428571428571429
0.8000000000000002
0.8
0.8
0.8000000000000002
0.8
0.8000000000000002
0.78
0.7571428571428571
0.8
0.8
0.8000000000000002
0.8
0.8
0.8000000000000002
0.8000000000000002
0.7
0.78
0.78
0.8
0.74
0.7428571428571429
0.8000000000000002
0.775
0.775
0.775
0.775
0.8
0.8
0.74
0.7857142857142857
0.7571428571428571
0.6999999999999998
0.7833333333333333
0.8000000000000002
0.8000000000000002
0.8
0.8
0.8
0.8
0.8000000000000002
0.7333333333333334
0.7333333333333334
0.7333333333333334
0.8
0.8
0.8
0.8
0.8
0.8
0.8000000000000002
0.8000000000000002
0.8000000000000002
0.8000000000000002
0.8
0.8
0.8
0.8000000000000002
0.7285714285714285
0.7333333333333334
0.8
0.7571428571428571
0.8000000000000002
0.7833333333333333
0.7
0.7
0.8000000000000002
0.74
0.76
0.76
0.8
0.75
0.8
0.7285714285714285
0.75
0.8
0.8
0.8
0.8
0.8
0.8
0.8
0.8
0.8
0.8
0.8
0.8
0.8000000000000002
0.7428571428571429
0.7166666666666667
0.7
0.75
0.8000000000000002
0.8
0.8
0.8
0.75
0.8000000000000002
0.8
0.8
0.8000000000000002
0.7333333333333334
0.8000000000000002
0.8000000000000002
0.8
0.8
0.8
0.8
0.8
0.7428571428571429
0.75
0.8
0.7833333333333333
0.7666666666666666
0.7571428571428571
0.7857142857142857
0.8000000000000002
0.8000000000000002
0.8000000000000002
0.8000000000000002
0.8000000000000002
0.8000000000000002
0.8000000000000002
0.8
0.8
0.8000000000000002
0.8
0.8
0.7833333333333333
0.7666666666666666
0.8000000000000002
0.8000000000000002
0.8
0.8000000000000002
0.8000000000000002
0.8000000000000002
0.8000000000000002
0.8000000000000002
0.8000000000000002
0.8
0.8
0.8
0.8
0.8
0.75
0.75
0.7571428571428571
0.8000000000000002
0.8
0.8
0.8000000000000002
0.8
0.8
0.8
0.775
0.7571428571428571
0.8000000000000002
0.8
0.8
0.8
0.8
0.8000000000000002
0.8000000000000002
0.8
0.7857142857142857
0.7428571428571429
0.7428571428571429
0.8000000000000002
0.8
0.8000000000000002
0.7857142857142857
0.7
0.8000000000000002
0.8
0.8
0.8
0.8
0.8000000000000002
0.8
0.8
0.74
0.75
0.75
0.75
0.75
0.8
0.8
0.8
0.8
0.8
0.8000000000000002
0.7833333333333333
0.7571428571428571
0.8000000000000002
0.8000000000000002
0.8000000000000002
0.8000000000000002
0.8000000000000002
0.8000000000000002
0.8000000000000002
0.8000000000000002
0.8
0.7571428571428571
0.7
0.7
0.7666666666666666
0.8000000000000002
0.8
0.7714285714285715
0.76
0.74
0.8000000000000002
0.8000000000000002
0.8000000000000002
0.8
0.7333333333333334
0.7333333333333334
0.7333333333333334
0.8000000000000002
0.8
0.7166666666666667
0.7833333333333333
0.75
0.8000000000000002
0.8000000000000002
0.8
0.8
0.8000000000000002
0.8000000000000002
0.8000000000000002
0.8
0.8
0.8
0.8
0.8
0.8000000000000002
0.8
0.8
0.8
0.8
0.725
0.8000000000000002
0.8
0.8
0.8
0.8
0.8000000000000002
0.8000000000000002
0.8000000000000002
0.8000000000000002
0.8
0.8
0.8
0.8000000000000002
0.8000000000000002
0.7
0.7666666666666666
0.8
0.7714285714285715
0.7666666666666666
0.8000000000000002
0.72
0.7714285714285715
0.8
0.8
0.8
0.8
0.8000000000000002
0.8
0.75
0.8000000000000002
0.7857142857142857
0.74
0.7666666666666666
0.7571428571428571
0.8000000000000002
0.8
0.8
0.8
0.8
0.8
0.8
0.8
0.8000000000000002
0.7333333333333334
0.8500000000000001
0.8500000000000001
0.8400000000000001
0.8
0.8
0.8
0.8
0.8
0.75
0.8
0.8
0.8000000000000002
0.8500000000000001
0.8500000000000001
0.8
0.7571428571428571
0.8000000000000002
0.7714285714285715
0.7571428571428571
0.7166666666666667
0.7166666666666667
0.7166666666666667
0.8000000000000002
0.8
0.8
0.8
0.8
0.8
0.8
0.8000000000000002
0.8
0.8
0.8
0.8000000000000002
0.7166666666666667
0.8
0.8
0.8000000000000002
0.7666666666666666
0.7857142857142857
0.8
0.8000000000000002
0.8000000000000002
0.8000000000000002
0.8000000000000002
0.7571428571428571
0.7833333333333333
0.8000000000000002
0.8
0.8000000000000002
0.8000000000000002
0.8
0.8
0.7
0.7
0.8
0.8
0.8
0.8000000000000002
0.725
0.7666666666666666
0.8
0.7666666666666666
0.7166666666666667
0.8000000000000002
0.8
0.76
0.7666666666666666
0.8
0.7333333333333334
0.8
0.8000000000000002
0.7428571428571429
0.7571428571428571
0.7857142857142857
0.8000000000000002
0.8
0.8
0.8
0.8
0.8
0.8000000000000002
0.8000000000000002
0.8000000000000002
0.8000000000000002
0.8000000000000002
0.8000000000000002
0.8
0.8000000000000002
0.8000000000000002
0.8000000000000002
0.8
0.8
0.8000000000000002
0.8000000000000002
0.8
0.8
0.8
0.8
0.8000000000000002
0.8
0.8
0.8
0.7714285714285715
0.8
0.8
0.8
0.8000000000000002
0.7571428571428571
0.8428571428571429
0.8000000000000002
0.78
0.7571428571428571
0.8000000000000002
0.8
0.8
0.8000000000000002
0.8
0.8
0.7333333333333334
0.7333333333333334
0.7333333333333334
0.8000000000000002
0.8000000000000002
0.8
0.8
0.8
0.8
0.8000000000000002
0.8000000000000002
0.8
0.8
0.8
0.8
0.8000000000000002
0.8000000000000002
0.8
0.8
0.8
0.8
0.8
0.8
0.8
0.8
0.8
0.8
0.8
0.8
0.8
0.8000000000000002
0.8
0.8000000000000002
0.8
0.8000000000000002
0.8000000000000002
0.8
0.8
0.8
0.8000000000000002
0.8000000000000002
0.8000000000000002
0.8
0.8
0.8
0.8166666666666668
0.8166666666666668
0.8166666666666668
0.8
0.8000000000000002
0.8000000000000002
0.8
0.7428571428571429
0.8000000000000002
0.7571428571428571
0.8
0.8000000000000002
0.8
0.8
0.7
0.7714285714285715
0.8000000000000002
0.8
0.8000000000000002
0.8000000000000002
0.8
0.8
0.8
0.8000000000000002
0.8000000000000002
0.8
0.8
0.8
0.8000000000000002
0.8000000000000002
0.8000000000000002
0.8000000000000002
0.8000000000000002
0.8000000000000002
0.8
0.8
0.8
0.8
0.8
0.8
0.75
0.8
0.7428571428571429
0.8
0.8
0.8
0.8
0.8000000000000002
0.8
0.75
0.8
0.7333333333333334
0.8
0.8000000000000002
0.8000000000000002
0.8
0.8
0.7
0.76
0.8000000000000002
0.8
0.8
0.7714285714285715
0.7666666666666666
0.8
0.8
0.8
0.8
0.8
0.8
0.8
0.8
0.8
0.8
0.7833333333333333
0.7571428571428571
0.8000000000000002
0.8000000000000002
0.8666666666666667
0.8
0.8
0.8
0.8000000000000002
0.8000000000000002
0.7428571428571429
0.8
0.8000000000000002
0.8
0.8
0.8
0.8
0.8000000000000002
0.8
0.9
0.9
0.8166666666666668
0.8000000000000002
0.8
0.8000000000000002
0.8
0.8000000000000002
0.75
0.8000000000000002
0.8
0.8
0.8
0.8000000000000002
0.8000000000000002
0.8000000000000002
0.8
0.8000000000000002
0.7666666666666666
0.7833333333333333
0.8
0.8000000000000002
0.8000000000000002
0.8000000000000002
0.8000000000000002
0.8
0.8
0.8000000000000002
0.8000000000000002
0.8
0.8
0.8000000000000002
0.8
0.8
0.75
0.75
0.8
0.8000000000000002
0.8000000000000002
0.7666666666666666
0.7666666666666666
0.8000000000000002
0.8
0.8000000000000002
0.7333333333333334
0.8
0.8
0.8
0.8000000000000002
0.8000000000000002
0.8
0.8000000000000002
0.8
0.8000000000000002
0.8
0.8
0.8
0.8
0.8
0.8
0.7666666666666666
0.7
0.8
0.8000000000000002
0.8000000000000002
0.75
0.8000000000000002
0.8000000000000002
0.7333333333333334
0.8000000000000002
0.8
0.8000000000000002
0.8000000000000002
0.8000000000000002
0.8000000000000002
0.8
0.8
0.8
0.8
0.8000000000000002
0.8000000000000002
0.8000000000000002
0.8000000000000002
0.8
0.8
0.8000000000000002
0.74
0.8000000000000002
0.8400000000000001
0.8285714285714286
0.8
0.8
0.8
0.8
0.8
0.8
0.8
0.8
0.8000000000000002
0.8000000000000002
0.8
0.8000000000000002
0.8
0.8
0.8
0.8000000000000002
0.8
0.8000000000000002
0.8000000000000002
0.8
0.8
0.875
0.9
0.9
0.7666666666666666
0.8
0.8000000000000002
0.8
0.8
0.8000000000000002
0.8000000000000002
0.8000000000000002
0.8000000000000002
0.8
0.7833333333333333
0.7714285714285715
0.8
0.8000000000000002
0.8000000000000002
0.7285714285714285
0.75
0.8
0.7714285714285715
0.6999999999999998
0.7571428571428571
0.7428571428571429
0.8
0.8
0.8
0.8
0.8
0.8000000000000002
0.7333333333333334
0.8000000000000002
0.7714285714285715
0.775
0.7571428571428571
0.74
0.74
0.74
0.8000000000000002
0.8000000000000002
0.8000000000000002
0.8000000000000002
0.8
0.7833333333333333
0.8166666666666668
0.8000000000000002
0.8
0.8
0.8
0.8
0.8000000000000002
0.8
0.75
0.8000000000000002
0.8
0.8
0.8
0.7333333333333334
0.8000000000000002
0.8
0.8
0.8
0.8
0.8
0.8
0.8
0.8000000000000002
0.8
0.8
0.8000000000000002
0.7333333333333334
0.7428571428571429
0.8000000000000002
0.8000000000000002
0.8000000000000002
0.8000000000000002
0.8000000000000002
0.8
0.8000000000000002
0.8000000000000002
0.8000000000000002
0.8000000000000002
0.8000000000000002
0.7333333333333334
0.8
0.8000000000000002
0.8000000000000002
0.8000000000000002
0.72
0.7833333333333333
0.7666666666666666
0.8000000000000002
0.8
0.8000000000000002
0.8
0.8
0.8000000000000002
0.8
0.8000000000000002
0.7333333333333334
0.8
0.8
0.8571428571428571
0.8000000000000002
0.8
0.8000000000000002
0.8
0.8
0.8
0.8000000000000002
0.8000000000000002
0.8
0.7714285714285715
0.9
0.9
0.8500000000000001
0.7714285714285715
0.75
0.7666666666666666
0.8000000000000002
0.8000000000000002
0.8000000000000002
0.8
0.8000000000000002
0.8000000000000002
0.8
0.8
0.8
0.8
0.8
0.75
0.75
0.8000000000000002
0.8000000000000002
0.8
0.7333333333333334
0.7857142857142857
0.7
0.7
0.8
0.8000000000000002
0.78
0.78
0.8
0.8
0.8
0.8000000000000002
0.8
0.8
0.8
0.725
0.7285714285714285
0.7857142857142857
0.75
0.8000000000000002
0.8000000000000002
0.8
0.8
0.8
0.8
0.8000000000000002
0.8
0.8
0.8
0.8
0.8000000000000002
0.7428571428571429
0.8000000000000002
0.8000000000000002
0.8000000000000002
0.8
0.8000000000000002
0.8
0.8000000000000002
0.8
0.7833333333333333
0.7428571428571429
0.7571428571428571
0.7428571428571429
0.8000000000000002
0.7428571428571429
0.8
0.7833333333333333
0.7571428571428571
0.7428571428571429
0.8
0.7428571428571429
0.8000000000000002
0.8
0.8
0.8000000000000002
0.8
0.8
0.8
0.8
0.8000000000000002
0.8000000000000002
0.8000000000000002
0.8
0.8
0.8
0.7571428571428571
0.7571428571428571
0.7571428571428571
0.8000000000000002
0.8000000000000002
0.8
0.7833333333333333
0.7
0.7714285714285715
0.7666666666666666
0.7666666666666666
0.7666666666666666
0.74
0.8
0.8
0.775
0.75
0.75
0.8
0.8
0.8000000000000002
0.7428571428571429
0.7
0.7
0.78
0.8000000000000002
0.8
0.8
0.8
0.8
0.8000000000000002
0.8000000000000002
0.8000000000000002
0.8
0.7571428571428571
0.8
0.8
0.8
0.8
0.8
0.8000000000000002
0.8
0.8000000000000002
0.8
0.8
0.8
0.8
0.8
0.8000000000000002
0.8000000000000002
0.8000000000000002
0.8000000000000002
0.7833333333333333
0.7571428571428571
0.8000000000000002
0.8000000000000002
0.8000000000000002
0.7428571428571429
0.8
0.8
0.78
0.7142857142857143
0.8
0.8
0.75
0.7571428571428571
0.8
0.8
0.8
0.8
0.8000000000000002
0.7571428571428571
0.7833333333333333
0.8
0.8
0.8
0.8000000000000002
0.8000000000000002
0.8000000000000002
0.8
0.7833333333333333
0.8
0.8
0.8
0.8
0.8
0.8000000000000002
0.7666666666666666
0.7666666666666666
0.7666666666666666
0.8
0.8
0.7428571428571429
0.7428571428571429
0.7428571428571429
0.8000000000000002
0.7833333333333333
0.7
0.7428571428571429
0.8
0.8
0.8
0.8000000000000002
0.75
0.75
0.8000000000000002
0.8
0.8
0.8000000000000002
0.8
0.75
0.75
0.75
0.8
0.8000000000000002
0.8000000000000002
0.8000000000000002
0.8000000000000002
0.8
0.8
0.8000000000000002
0.8
0.8
0.8000000000000002
0.8000000000000002
0.8000000000000002
0.8
0.8000000000000002
0.8428571428571429
0.7285714285714285
0.8000000000000002
0.8000000000000002
0.7666666666666666
0.7714285714285715
0.8000000000000002
0.8
0.8
0.8
0.8
0.8
0.8
0.8000000000000002
0.8000000000000002
0.8
0.8000000000000002
0.8
0.8
0.74
0.75
0.75
0.7
0.7
0.8000000000000002
0.7285714285714285
0.7666666666666666
0.8
0.8000000000000002
0.8000000000000002
0.7333333333333334
0.7333333333333334
0.7333333333333334
0.8
0.7166666666666667
0.7714285714285715
0.8
0.7428571428571429
0.7714285714285715
0.7333333333333334
0.7333333333333334
0.8
0.7333333333333334
0.7333333333333334
0.8000000000000002
0.8000000000000002
0.7833333333333333
0.7666666666666666
0.8000000000000002
0.8000000000000002
0.8
0.7428571428571429
0.7666666666666666
0.7666666666666666
0.6999999999999998
0.8000000000000002
0.7714285714285715
0.7714285714285715
0.8
0.8
0.7
0.7666666666666666
0.8000000000000002
0.8000000000000002
0.8
0.8
0.8
0.8
0.8
0.8
0.8
0.8
0.8
0.8
0.8000000000000002
0.8
0.8000000000000002
0.8000000000000002
0.8
0.8
0.8000000000000002
0.8428571428571429
0.8
0.7571428571428571
0.8
0.8
0.8
0.8
0.8
0.8000000000000002
0.8000000000000002
0.8000000000000002
0.8000000000000002
0.8000000000000002
0.8000000000000002
0.8
0.7428571428571429
0.8
0.8
0.7333333333333334
0.8000000000000002
0.8000000000000002
0.8000000000000002
0.8000000000000002
0.8000000000000002
0.8
0.8000000000000002
0.8000000000000002
0.8
0.8000000000000002
0.8000000000000002
0.8
0.74
0.75
0.8
0.8
0.8000000000000002
0.7666666666666666
0.7833333333333333
0.7333333333333334
0.8
0.7333333333333334
0.76
0.8
0.75
0.8
0.8
0.8
0.8
0.8
0.8
0.8000000000000002
0.76
0.8000000000000002
0.8
0.8000000000000002
0.8000000000000002
0.7166666666666667
0.7571428571428571
0.8000000000000002
0.75
0.8
0.8000000000000002
0.7428571428571429
0.8
0.8
0.8
0.8
0.8
0.8
0.8
0.8
0.8
0.8
0.8666666666666667
0.8000000000000002
0.8
0.8
0.8
0.76
0.7333333333333334
0.8
0.8
0.8000000000000002
0.8000000000000002
0.8
0.8
0.8000000000000002
0.8000000000000002
0.8
0.7428571428571429
0.8000000000000002
0.7666666666666666
0.75
0.7333333333333334
0.8000000000000002
0.8000000000000002
0.8
0.8000000000000002
0.7333333333333334
0.8000000000000002
0.8
0.8
0.8
0.8000000000000002
0.8
0.8
0.8000000000000002
0.8000000000000002
0.8000000000000002
0.8000000000000002
0.7857142857142857
0.75
0.7333333333333334
0.8
0.8000000000000002
0.8
0.8000000000000002
0.7833333333333333
0.75
0.75
0.8000000000000002
0.8
0.7833333333333333
0.75
0.8000000000000002
0.8
0.8
0.8000000000000002
0.8000000000000002
0.8
0.8
0.8000000000000002
0.8
0.775
0.75
0.75
0.8
0.76
0.8
0.8
0.8
0.8
0.8
0.78
0.725
0.725
0.8
0.8
0.8
0.8000000000000002
0.75
0.7833333333333333
0.8
0.8
0.8
0.8
0.8
0.75
0.7333333333333334
0.8250000000000001
0.8250000000000001
0.8
0.8000000000000002
0.8000000000000002
0.8
0.8000000000000002
0.7666666666666666
0.7833333333333333
0.8
0.8000000000000002
0.8000000000000002
0.7333333333333334
0.8000000000000002
0.7428571428571429
0.8000000000000002
0.8000000000000002
0.8000000000000002
0.75
0.7857142857142857
0.8000000000000002
0.7428571428571429
0.8000000000000002
0.7333333333333334
0.8000000000000002
0.8
0.8
0.8
0.8
0.8
0.8000000000000002
0.8000000000000002
0.8
0.8000000000000002
0.8
0.8
0.8
0.8
0.8000000000000002
0.8000000000000002
0.8000000000000002
0.8
0.8
0.7333333333333334
0.8000000000000002
0.7333333333333334
0.8
0.8000000000000002
0.8
0.8
0.8
0.7571428571428571
0.8
0.8
0.8
0.8
0.8
0.8
0.8000000000000002
0.7571428571428571
0.8000000000000002
0.8000000000000002
0.8000000000000002
0.8
0.8
0.8000000000000002
0.8
0.76
0.7333333333333334
0.8000000000000002
0.8
0.8000000000000002
0.7333333333333334
0.8
0.8
0.8
0.8
0.8
0.8000000000000002
0.8
0.8000000000000002
0.8000000000000002
0.8
0.8
0.8000000000000002
0.8
0.8000000000000002
0.8000000000000002
0.8000000000000002
0.75
0.8
0.8
0.8
0.8
0.8
0.8000000000000002
0.8
0.8
0.8
0.8
0.7428571428571429
0.8000000000000002
0.8000000000000002
0.8428571428571429
0.8166666666666668
0.8000000000000002
0.8000000000000002
0.8
0.76
0.8000000000000002
0.7571428571428571
0.8000000000000002
0.8000000000000002
0.8000000000000002
0.8000000000000002
0.8000000000000002
0.8
0.8
0.8000000000000002
0.8
0.8
0.8000000000000002
0.8
0.7666666666666666
0.7666666666666666
0.8000000000000002
0.8000000000000002
0.8
0.8
0.8
0.8
0.8
0.8000000000000002
0.8000000000000002
0.8
0.8
0.8
0.8
0.8000000000000002
0.8000000000000002
0.8000000000000002
0.8
0.8
0.8
0.8
0.8
0.8
0.8
0.8
0.8000000000000002
0.75
0.775
0.8000000000000002
0.8
0.8
0.8
0.8
0.8
0.8000000000000002
0.8
0.8
0.8
0.75
0.8
0.8000000000000002
0.8000000000000002
0.8000000000000002
0.8000000000000002
0.8
0.8
0.8
0.8000000000000002
0.8000000000000002
0.8000000000000002
0.75
0.7666666666666666
0.7833333333333333
0.8000000000000002
0.8
0.8
0.8000000000000002
0.8
0.8
0.8
0.8
0.7428571428571429
0.8
0.8
0.8
0.8
0.8
0.8
0.8
0.7333333333333334
0.75
0.7833333333333333
0.7833333333333333
0.8
0.8000000000000002
0.8
0.8000000000000002
0.8000000000000002
0.8000000000000002
0.7857142857142857
0.7857142857142857
0.7857142857142857
0.6999999999999998
0.7571428571428571
0.7571428571428571
0.7571428571428571
0.8
0.7833333333333333
0.725
0.725
0.8
0.8000000000000002
0.8
0.8
0.8
0.8000000000000002
0.8000000000000002
0.8000000000000002
0.8
0.8
0.8
0.6999999999999998
0.8000000000000002
0.8000000000000002
0.8000000000000002
0.8
0.72
0.72
0.8
0.8
0.8
0.8
0.8
0.8
0.8000000000000002
0.8
0.8000000000000002
0.8000000000000002
0.8000000000000002
0.8000000000000002
0.8
0.7571428571428571
0.75
0.7571428571428571
0.8000000000000002
0.8000000000000002
0.8
0.8
0.8
0.8000000000000002
0.8000000000000002
0.8000000000000002
0.75
0.8
0.8
0.8
0.8
0.8
0.8428571428571429
0.8
0.8000000000000002
0.8000000000000002
0.8
0.75
0.8500000000000001
0.7999999999999999
0.7714285714285715
0.8000000000000002
0.8000000000000002
0.8
0.8
0.8
0.8
0.8000000000000002
0.8000000000000002
0.7428571428571429
0.7833333333333333
0.75
0.75
0.8
0.7428571428571429
0.7428571428571429
0.7428571428571429
0.8000000000000002
0.8000000000000002
0.8
0.8
0.8
0.8333333333333334
0.8333333333333334
0.9
0.8166666666666668
0.8
0.8000000000000002
0.8
0.75
0.75
0.78
0.8000000000000002
0.8000000000000002
0.8
0.7666666666666666
0.7714285714285715
0.8
0.8000000000000002
0.8428571428571429
0.8166666666666668
0.8
0.8
0.8
0.8
0.7857142857142857
0.75
0.8
0.7428571428571429
0.8000000000000002
0.8000000000000002
0.8
0.8000000000000002
0.8000000000000002
0.8
0.8000000000000002
0.8
0.8000000000000002
0.7833333333333333
0.8
0.8
0.75
0.8000000000000002
0.8000000000000002
0.8000000000000002
0.8000000000000002
0.8000000000000002
0.8
0.8
0.8
0.8000000000000002
0.8
0.8000000000000002
0.8
0.8
0.8000000000000002
0.8
0.8
0.8
0.8
0.7428571428571429
0.7333333333333334
0.7333333333333334
0.8000000000000002
0.8000000000000002
0.8000000000000002
0.8000000000000002
0.8
0.8000000000000002
0.8000000000000002
0.7714285714285715
0.75
0.7571428571428571
0.7571428571428571
0.7571428571428571
0.8
0.8000000000000002
0.7571428571428571
0.8000000000000002
0.8
0.8000000000000002
0.8
0.8
0.8
0.8
0.8000000000000002
0.8000000000000002
0.8000000000000002
0.8
0.8
0.8
0.8000000000000002
0.8000000000000002
0.8000000000000002
0.8000000000000002
0.8
0.7285714285714285
0.7666666666666666
0.8000000000000002
0.8
0.8
0.8
0.8
0.76
0.78
0.8
0.8000000000000002
0.8
0.8000000000000002
0.8
0.8
0.8
0.8
0.8
0.8000000000000002
0.8000000000000002
0.8
0.8
0.8
0.8
0.8
0.8
0.8
0.75
0.7714285714285715
0.7666666666666666
0.8
0.8000000000000002
0.8
0.8000000000000002
0.8
0.7666666666666666
0.7666666666666666
0.75
0.8000000000000002
0.8
0.8000000000000002
0.8000000000000002
0.8000000000000002
0.8000000000000002
0.8000000000000002
0.8
0.725
0.725
0.725
0.725
0.8000000000000002
0.8
0.8000000000000002
0.7428571428571429
0.75
0.8
0.8
0.72
0.8000000000000002
0.8
0.8
0.8000000000000002
0.8000000000000002
0.8
0.75
0.8
0.8
0.8
0.8
0.8
0.8
0.8
0.8
0.8
0.8
0.8
0.8000000000000002
0.8000000000000002
0.75
0.7857142857142857
0.8
0.8000000000000002
0.8
0.8
0.8
0.8
0.8
0.8000000000000002
0.8000000000000002
0.75
0.8
0.8
0.8
0.8
0.8000000000000002
0.8
0.8
0.8
0.8
0.8
0.7857142857142857
0.7857142857142857
0.7857142857142857
0.8
0.7666666666666666
0.7714285714285715
0.7333333333333334
0.72
0.72
0.8
0.7428571428571429
0.8
0.8
0.8
0.8
0.8
0.7333333333333334
0.7142857142857143
0.7142857142857143
0.7142857142857143
0.7142857142857143
0.8
0.8000000000000002
0.8
0.8
0.8
0.7333333333333334
0.7571428571428571
0.7666666666666666
0.7666666666666666
0.8
0.725
0.725
0.7333333333333334
0.8
0.8000000000000002
0.7333333333333334
0.7857142857142857
0.76
0.74
0.8000000000000002
0.75
0.8000000000000002
0.8000000000000002
0.8000000000000002
0.7333333333333334
0.75
0.8
0.8000000000000002
0.7428571428571429
0.8
0.8
0.8
0.8
0.8
0.8
0.8
0.8
0.8000000000000002
0.7333333333333334
0.8
0.8
0.8
0.8000000000000002
0.75
0.8000000000000002
0.8
0.8
0.8000000000000002
0.8000000000000002
0.8000000000000002
0.7833333333333333
0.75
0.75
0.8000000000000002
0.8
0.8000000000000002
0.8
0.8
0.8
0.78
0.7666666666666666
0.7428571428571429
0.8
0.8
0.8
0.8
0.76
0.7714285714285715
0.8000000000000002
0.8
0.8
0.8000000000000002
0.8000000000000002
0.8
0.8000000000000002
0.8
0.8
0.8
0.8000000000000002
0.8000000000000002
0.8
0.8000000000000002
0.7571428571428571
0.7833333333333333
0.8
0.8000000000000002
0.7571428571428571
0.8000000000000002
0.775
0.76
0.8000000000000002
0.7714285714285715
0.76
0.76
0.8
0.8
0.8
0.8
0.8
0.8
0.8
0.8000000000000002
0.8
0.8000000000000002
0.8
0.8
0.8
0.8
0.8000000000000002
0.8000000000000002
0.8000000000000002
0.8000000000000002
0.8000000000000002
0.7428571428571429
0.8000000000000002
0.8
0.8
0.8
0.7857142857142857
0.78
0.8166666666666668
0.7714285714285715
0.7666666666666666
0.7666666666666666
0.8000000000000002
0.7428571428571429
0.7333333333333334
0.7142857142857143
0.7333333333333334
0.8
0.7166666666666667
0.7833333333333333
0.8
0.8000000000000002
0.7
0.7
0.8
0.8
0.8
0.8
0.8000000000000002
0.8
0.8000000000000002
0.7
0.7428571428571429
0.8
0.8000000000000002
0.8000000000000002
0.8
0.8000000000000002
0.8
0.8000000000000002
0.8000000000000002
0.8
0.75
0.8000000000000002
0.8
0.8000000000000002
0.8
0.8
0.8000000000000002
0.8
0.8000000000000002
0.8000000000000002
0.8
0.8
0.8
0.8
0.78
0.7666666666666666
0.75
0.7833333333333333
0.75
0.8000000000000002
0.7333333333333334
0.8000000000000002
0.8
0.8
0.8
0.8000000000000002
0.8000000000000002
0.8
0.8
0.8
0.8000000000000002
0.8
0.8000000000000002
0.7571428571428571
0.8
0.8
0.8
0.8
0.8
0.8
0.8
0.75
0.75
0.8
0.8000000000000002
0.8
0.8
0.8
0.8
0.8
0.8
0.8000000000000002
0.8000000000000002
0.8000000000000002
0.75
0.7833333333333333
0.8000000000000002
0.7333333333333334
0.8
0.7428571428571429
0.8000000000000002
0.7571428571428571
0.7714285714285715
0.8
0.8000000000000002
0.8
0.8000000000000002
0.8
0.8
0.8
0.7428571428571429
0.8
0.8
0.8
0.8
0.8
0.8
0.8
0.8
0.6999999999999998
0.6999999999999998
0.8
0.8000000000000002
0.8
0.8000000000000002
0.8000000000000002
0.8000000000000002
0.7666666666666666
0.72
0.72
0.8
0.8000000000000002
0.8
0.7666666666666666
0.72
0.72
0.8
0.8
0.8
0.8
0.8
0.8
0.8
0.8000000000000002
0.8000000000000002
0.8000000000000002
0.8000000000000002
0.7666666666666666
0.7
0.7857142857142857
0.8
0.8
0.8
0.8
0.8000000000000002
0.8
0.8
0.8000000000000002
0.8
0.8000000000000002
0.8
0.8000000000000002
0.8000000000000002
0.8000000000000002
0.8000000000000002
0.8000000000000002
0.8000000000000002
0.8000000000000002
0.7
0.74
0.8
0.8000000000000002
0.8
0.8000000000000002
0.8
0.7857142857142857
0.75
0.8
0.8
0.8000000000000002
0.8
0.8
0.8
0.8
0.8
0.8
0.8000000000000002
0.8
0.8
0.8000000000000002
0.8
0.8
0.8
0.8
0.8
0.6999999999999998
0.78
0.7714285714285715
0.8
0.8
0.8
0.7428571428571429
0.8000000000000002
0.8000000000000002
0.8000000000000002
0.8
0.8
0.8000000000000002
0.8000000000000002
0.8
0.8
0.8
0.8000000000000002
0.8000000000000002
0.8000000000000002
0.8
0.75
0.8
0.8000000000000002
0.8
0.8
0.8
0.8000000000000002
0.8
0.8
0.8
0.74
0.7714285714285715
0.7714285714285715
0.8
0.8000000000000002
0.8
0.8000000000000002
0.8
0.8
0.8
0.7428571428571429
0.7428571428571429
0.8000000000000002
0.7833333333333333
0.7714285714285715
0.75
0.7833333333333333
0.7833333333333333
0.8
0.8000000000000002
0.8
0.8
0.8
0.8
0.8
0.8
0.8
0.8
0.8
0.8
0.8
0.8000000000000002
0.7428571428571429
0.8000000000000002
0.8
0.75
0.8
0.8
0.8000000000000002
0.8500000000000001
0.8
0.8
0.8
0.8
0.8
0.8
0.8
0.8
0.8
0.8000000000000002
0.8000000000000002
0.8000000000000002
0.8000000000000002
0.8000000000000002
0.7857142857142857
0.75
0.8
0.8
0.8
0.8000000000000002
0.8000000000000002
0.7714285714285715
0.7333333333333334
0.7333333333333334
0.7333333333333334
0.7333333333333334
0.7333333333333334
0.8
0.8
0.8000000000000002
0.8
0.8
0.8
0.8
0.8
0.8
0.8
0.8
0.8
0.7428571428571429
0.8
0.8000000000000002
0.8000000000000002
0.8000000000000002
0.8
0.8000000000000002
0.8
0.8
0.8000000000000002
0.8
0.8
0.8
0.8
0.8
0.8
0.7333333333333334
0.76
0.76
0.8
0.7428571428571429
0.8000000000000002
0.8
0.7428571428571429
0.8
0.8
0.8
0.725
0.7
0.7
0.775
0.8
0.7833333333333333
0.7571428571428571
0.7571428571428571
0.7571428571428571
0.8
0.8
0.8000000000000002
0.8000000000000002
0.8
0.8
0.8
0.8
0.8
0.8
0.8
0.8
0.8000000000000002
0.8
0.8
0.7571428571428571
0.8000000000000002
0.72
0.72
0.8
0.8000000000000002
0.75
0.7857142857142857
0.8000000000000002
0.8000000000000002
0.8
0.8
0.8
0.8
0.8
0.8
0.8
0.8
0.8000000000000002
0.8
0.8
0.8000000000000002
0.8000000000000002
0.8000000000000002
0.8000000000000002
0.8000000000000002
0.8000000000000002
0.8000000000000002
0.8000000000000002
0.8
0.8000000000000002
0.8
0.8
0.8000000000000002
0.8
0.8
0.8
0.8000000000000002
0.8
0.8
0.8
0.8
0.8
0.7333333333333334
0.7333333333333334
0.7333333333333334
0.8571428571428571
0.8000000000000002
0.8000000000000002
0.8000000000000002
0.8
0.8
0.8
0.8000000000000002
0.8000000000000002
0.8000000000000002
0.8000000000000002
0.7333333333333334
0.8000000000000002
0.8
0.8
0.8
0.8
0.7333333333333334
0.7428571428571429
0.8000000000000002
0.8
0.7166666666666667
0.7
0.7
0.7
0.7
0.7666666666666666
0.7666666666666666
0.8
0.8
0.8
0.8000000000000002
0.725
0.725
0.8000000000000002
0.8000000000000002
0.8
0.8000000000000002
0.8
0.8
0.8
0.8
0.8
0.8000000000000002
0.8
0.8
0.7428571428571429
0.8
0.8
0.8000000000000002
0.8
0.8
0.8
0.8
0.8
0.8
0.7571428571428571
0.7
0.7
0.8
0.8
0.8
0.7833333333333333
0.7833333333333333
0.8000000000000002
0.8000000000000002
0.7333333333333334
0.8
0.8
0.8
0.8
0.8000000000000002
0.8
0.7285714285714285
0.7333333333333334
0.8000000000000002
0.7714285714285715
0.7666666666666666
0.8
0.7
0.7
0.8
0.8
0.8000000000000002
0.8
0.8
0.8000000000000002
0.8000000000000002
0.8000000000000002
0.8
0.8
0.8000000000000002
0.8000000000000002
0.8
0.8000000000000002
0.8000000000000002
0.8000000000000002
0.8000000000000002
0.7833333333333333
0.7833333333333333
0.7833333333333333
0.8
0.75
0.75
0.8
0.8200000000000001
0.8200000000000001
0.8
0.8
0.8
0.8
0.8000000000000002
0.8
0.8000000000000002
0.7428571428571429
0.8000000000000002
0.8000000000000002
0.8
0.8
0.8
0.8
0.8
0.7428571428571429
0.8000000000000002
0.75
0.7571428571428571
0.78
0.78
0.8
0.8
0.8
0.8
0.8
0.8
0.8
0.8
0.8
0.8000000000000002
0.7571428571428571
0.7285714285714285
0.8
0.8000000000000002
0.8
0.8
0.8
0.8
0.8
0.8
0.8000000000000002
0.8
0.7428571428571429
0.8000000000000002
0.8
0.8
0.8
0.8000000000000002
0.8000000000000002
0.8000000000000002
0.8
0.8000000000000002
0.8
0.8
0.8
0.8
0.8
0.8
0.8000000000000002
0.8
0.8
0.8
0.8
0.8
0.8
0.8
0.8
0.8
0.8
0.8
0.8
0.8
0.8
0.8000000000000002
0.8000000000000002
0.8000000000000002
0.8000000000000002
0.7428571428571429
0.7333333333333334
0.8000000000000002
0.7571428571428571
0.6999999999999998
0.7571428571428571
0.7714285714285715
0.8000000000000002
0.8000000000000002
0.8
0.8
0.8000000000000002
0.8000000000000002
0.8
0.8
0.8
0.8000000000000002
0.75
0.75
0.75
0.8000000000000002
0.8
0.8
0.75
0.7833333333333333
0.8000000000000002
0.8
0.8
0.8000000000000002
0.8000000000000002
0.7333333333333334
0.7428571428571429
0.8
0.8
0.8
0.8000000000000002
0.8000000000000002
0.6999999999999998
0.8
0.8
0.8
0.8
0.8
0.8
0.8
0.8
0.8
0.8
0.7333333333333334
0.7666666666666666
0.8
0.8000000000000002
0.8
0.8000000000000002
0.8
0.8
0.8000000000000002
0.8000000000000002
0.74
0.7714285714285715
0.72
0.75
0.8
0.8000000000000002
0.8
0.8
0.8
0.8
0.8
0.8
0.8000000000000002
0.8000000000000002
0.8
0.7428571428571429
0.8
0.8
0.8000000000000002
0.8000000000000002
0.8
0.8
0.8
0.8
0.8
0.7166666666666667
0.8166666666666668
0.8
0.8
0.8000000000000002
0.8000000000000002
0.8
0.8
0.8000000000000002
0.8000000000000002
0.75
0.7833333333333333
0.8
0.8
0.8
0.8500000000000001
0.8000000000000002
0.8000000000000002
0.8000000000000002
0.8000000000000002
0.8000000000000002
0.8
0.8
0.8000000000000002
0.8000000000000002
0.8000000000000002
0.75
0.8
0.8000000000000002
0.8
0.7571428571428571
0.7857142857142857
0.7333333333333334
0.8
0.8000000000000002
0.74
0.74
0.8
0.8000000000000002
0.8000000000000002
0.8
0.8
0.8000000000000002
0.8000000000000002
0.8000000000000002
0.8
0.8
0.8000000000000002
0.7285714285714285
0.8000000000000002
0.8
0.8
0.8
0.7857142857142857
0.7428571428571429
0.8000000000000002
0.8
0.8
0.8000000000000002
0.8
0.8
0.7285714285714285
0.7166666666666667
0.7166666666666667
0.7166666666666667
0.8000000000000002
0.7571428571428571
0.8
0.8
0.8000000000000002
0.8000000000000002
0.8000000000000002
0.8000000000000002
0.8000000000000002
0.8000000000000002
0.8000000000000002
0.8
0.8
0.8
0.8
0.8000000000000002
0.8
0.8
0.74
0.8
0.8
0.8000000000000002
0.8000000000000002
0.8000000000000002
0.8
0.72
0.72
0.8
0.8000000000000002
0.8
0.8
0.78
0.78
0.7
0.7714285714285715
0.8
0.8
0.8
0.8
0.8000000000000002
0.8
0.8
0.8
0.8
0.75
0.75
0.8
0.8
0.8000000000000002
0.8
0.8
0.8
0.8000000000000002
0.8000000000000002
0.8000000000000002
0.8000000000000002
0.8
0.8
0.8
0.8000000000000002
0.8
0.8
0.8
0.8
0.8
0.8
0.8
0.8000000000000002
0.8
0.7571428571428571
0.8000000000000002
0.8000000000000002
0.7666666666666666
0.8000000000000002
0.8
0.8
0.8
0.8000000000000002
0.8000000000000002
0.8000000000000002
0.74
0.7428571428571429
0.8000000000000002
0.8
0.8
0.8
0.8
0.8
0.8000000000000002
0.8
0.8000000000000002
0.8000000000000002
0.8000000000000002
0.8
0.8
0.8
0.8
0.7666666666666666
0.7666666666666666
0.8
0.8
0.8
0.8
0.7833333333333333
0.7571428571428571
0.8
0.7833333333333333
0.8
0.8
0.8
0.8
0.8
0.8000000000000002
0.8000000000000002
0.8000000000000002
0.8
0.8
0.8000000000000002
0.8000000000000002
0.8000000000000002
0.8000000000000002
0.8000000000000002
0.8000000000000002
0.8000000000000002
0.8000000000000002
0.8
0.75
0.75
0.8
0.8
0.8000000000000002
0.8000000000000002
0.8000000000000002
0.8000000000000002
0.8
0.8
0.7857142857142857
0.8
0.8
0.8
0.75
0.8
0.8000000000000002
0.8000000000000002
0.8
0.8
0.8
0.8
0.8
0.8
0.8
0.8
0.7571428571428571
0.7571428571428571
0.7571428571428571
0.7571428571428571
0.8000000000000002
0.8
0.8
0.8
0.7666666666666666
0.7857142857142857
0.8
0.7428571428571429
0.8000000000000002
0.8000000000000002
0.8000000000000002
0.8000000000000002
0.8
0.8
0.8000000000000002
0.7571428571428571
0.8
0.8
0.8
0.8
0.8
0.7333333333333334
0.7333333333333334
0.7333333333333334
0.75
0.8
0.8000000000000002
0.8000000000000002
0.8000000000000002
0.8
0.7714285714285715
0.7666666666666666
0.8
0.8
0.8
0.8000000000000002
0.8
0.7857142857142857
0.8166666666666668
0.8000000000000002
0.8000000000000002
0.8
0.8000000000000002
0.75
0.8000000000000002
0.8000000000000002
0.8
0.8
0.8
0.8
0.7714285714285715
0.75
0.75
0.8
0.8000000000000002
0.8000000000000002
0.8
0.7714285714285715
0.725
0.725
0.8000000000000002
0.78
0.78
0.78
0.8
0.7571428571428571
0.7833333333333333
0.7428571428571429
0.8000000000000002
0.8
0.78
0.7714285714285715
0.8
0.7571428571428571
0.7857142857142857
0.8
0.7333333333333334
0.8
0.8
0.8
0.8
0.7571428571428571
0.7833333333333333
0.8500000000000001
0.8000000000000002
0.75
0.7833333333333333
0.7666666666666666
0.6999999999999998
0.8
0.8
0.8
0.8
0.8000000000000002
0.75
0.7833333333333333
0.8
0.8
0.8
0.8
0.8
0.8
0.75
0.7571428571428571
0.8
0.8
0.8000000000000002
0.8000000000000002
0.8
0.8
0.8
0.8
0.8
0.8
0.7428571428571429
0.8
0.7333333333333334
0.7428571428571429
0.8000000000000002
0.8
0.8
0.8000000000000002
0.8000000000000002
0.8000000000000002
0.8
0.8
0.8
0.8
0.8
0.7428571428571429
0.8000000000000002
0.8
0.8000000000000002
0.8
0.8
0.775
0.7285714285714285
0.8000000000000002
0.75
0.7714285714285715
0.7714285714285715
0.7714285714285715
0.75
0.7833333333333333
0.8
0.8
0.8
0.8
0.8
0.7428571428571429
0.8
0.8
0.8
0.8
0.8000000000000002
0.8000000000000002
0.8000000000000002
0.8
0.8
0.8000000000000002
0.8000000000000002
0.8
0.78
0.7714285714285715
0.7714285714285715
0.7714285714285715
0.8000000000000002
0.8
0.8
0.8
0.725
0.725
0.8
0.75
0.8
0.8
0.8
0.8
0.8
0.8000000000000002
0.8000000000000002
0.8
0.8
0.8
0.8
0.72
0.8
0.8
0.8
0.8
0.7833333333333333
0.7
0.7857142857142857
0.7666666666666666
0.7666666666666666
0.7428571428571429
0.8000000000000002
0.8
0.8
0.8
0.8000000000000002
0.8
0.8
0.8
0.8
0.8
0.8
0.8
0.7666666666666666
0.7666666666666666
0.8
0.8
0.8
0.8000000000000002
0.8
0.8000000000000002
0.74
0.8
0.8000000000000002
0.7428571428571429
0.8000000000000002
0.8
0.8000000000000002
0.8000000000000002
0.8
0.7666666666666666
0.8
0.8
0.725
0.78
0.78
0.8
0.7428571428571429
0.8
0.8000000000000002
0.8
0.8
0.8
0.8
0.8
0.7428571428571429
0.8
0.8
0.78
0.6999999999999998
0.7333333333333334
0.7333333333333334
0.8000000000000002
0.7428571428571429
0.7428571428571429
0.8000000000000002
0.8
0.8000000000000002
0.8
0.8
0.8
0.7
0.7
0.8
0.8
0.8
0.8
0.8000000000000002
0.75
0.8000000000000002
0.8000000000000002
0.8000000000000002
0.7333333333333334
0.7714285714285715
0.8
0.8
0.74
0.7285714285714285
0.8
0.8000000000000002
0.8
0.8
0.8
0.8000000000000002
0.75
0.7857142857142857
0.8
0.8
0.8
0.8
0.7428571428571429
0.8
0.8
0.7571428571428571
0.7666666666666666
0.8000000000000002
0.8
0.8
0.8
0.8
0.8
0.8
0.7333333333333334
0.8
0.8
0.8000000000000002
0.8000000000000002
0.8000000000000002
0.8
0.8000000000000002
0.8000000000000002
0.8
0.8
0.8
0.8
0.8
0.8
0.8
0.8
0.8000000000000002
0.8000000000000002
0.8000000000000002
0.8
0.8000000000000002
0.7
0.7571428571428571
0.7571428571428571
0.78
0.8
0.8000000000000002
0.8000000000000002
0.8
0.8
0.8
0.8000000000000002
0.8000000000000002
0.8
0.8
0.8000000000000002
0.8000000000000002
0.8000000000000002
0.8000000000000002
0.8
0.8000000000000002
0.8
0.8000000000000002
0.8000000000000002
0.7833333333333333
0.76
0.74
0.78
0.75
0.8000000000000002
0.75
0.8000000000000002
0.7571428571428571
0.8
0.8000000000000002
0.8
0.8
0.8
0.8
0.8000000000000002
0.8
0.75
0.7833333333333333
0.8000000000000002
0.8000000000000002
0.75
0.8
0.8
0.8
0.8
0.8
0.8000000000000002
0.8
0.8
0.775
0.775
0.8
0.8000000000000002
0.8
0.8000000000000002
0.8000000000000002
0.7428571428571429
0.8000000000000002
0.8
0.8
0.8
0.8
0.8000000000000002
0.8
0.8
0.8000000000000002
0.8000000000000002
0.8
0.7166666666666667
0.75
0.7666666666666666
0.8
0.8
0.8000000000000002
0.8000000000000002
0.8
0.8000000000000002
0.8000000000000002
0.8
0.8
0.8000000000000002
0.8
0.8
0.8
0.8
0.74
0.8
0.8000000000000002
0.8
0.8
0.8000000000000002
0.8000000000000002
0.8
0.8
0.8
0.7333333333333334
0.8
0.8
0.8000000000000002
0.8000000000000002
0.8000000000000002
0.7428571428571429
0.8
0.8
0.8
0.8
0.7833333333333333
0.8
0.8
0.8000000000000002
0.8
0.8
0.8
0.7857142857142857
0.75
0.75
0.7833333333333333
0.7666666666666666
0.7666666666666666
0.7666666666666666
0.8
0.8
0.8000000000000002
0.8000000000000002
0.7571428571428571
0.8
0.8
0.8000000000000002
0.8
0.8
0.72
0.7857142857142857
0.8000000000000002
0.8
0.7571428571428571
0.7285714285714285
0.8
0.8000000000000002
0.8
0.8
0.7333333333333334
0.8
0.8
0.8
0.8
0.8
0.8000000000000002
0.8000000000000002
0.8000000000000002
0.8
0.8000000000000002
0.7428571428571429
0.8000000000000002
0.8
0.8
0.8
0.8
0.8000000000000002
0.8000000000000002
0.8
0.8000000000000002
0.78
0.75
0.75
0.8000000000000002
0.8
0.8
0.8
0.8000000000000002
0.7333333333333334
0.8
0.8
0.8000000000000002
0.8000000000000002
0.8
0.8
0.8
0.8
0.8
0.74
0.7428571428571429
0.8
0.8
0.74
0.7571428571428571
0.7833333333333333
0.8000000000000002
0.7428571428571429
0.8
0.8
0.8000000000000002
0.8
0.8000000000000002
0.8000000000000002
0.8
0.7428571428571429
0.7285714285714285
0.8000000000000002
0.8000000000000002
0.8000000000000002
0.8
0.8
0.8
0.8
0.8
0.8
0.8
0.72
0.72
0.8
0.8
0.7666666666666666
0.7833333333333333
0.8
0.8
0.8
0.8333333333333334
0.8333333333333334
0.8333333333333334
0.8000000000000002
0.8000000000000002
0.7
0.7666666666666666
0.8
0.75
0.7857142857142857
0.8
0.75
0.7875000000000001
0.8000000000000002
0.8
0.8000000000000002
0.7833333333333333
0.7833333333333333
0.8
0.7428571428571429
0.7333333333333334
0.8000000000000002
0.8000000000000002
0.8
0.7333333333333334
0.8
0.7333333333333334
0.8000000000000002
0.74
0.74
0.74
0.75
0.8000000000000002
0.8000000000000002
0.8000000000000002
0.8
0.72
0.7857142857142857
0.76
0.7333333333333334
0.8
0.8
0.8000000000000002
0.8000000000000002
0.8
0.8000000000000002
0.7333333333333334
0.725
0.725
0.8
0.7571428571428571
0.7571428571428571
0.7571428571428571
0.8000000000000002
0.8000000000000002
0.8
0.8
0.8
0.7166666666666667
0.7714285714285715
0.7714285714285715
0.7714285714285715
0.8
0.8000000000000002
0.8000000000000002
0.8000000000000002
0.8000000000000002
0.8000000000000002
0.8
0.7428571428571429
0.8000000000000002
0.8000000000000002
0.8000000000000002
0.8
0.8000000000000002
0.7428571428571429
0.8000000000000002
0.8000000000000002
0.7428571428571429
0.8
0.8
0.7333333333333334
0.7333333333333334
0.8000000000000002
0.8
0.8
0.7
0.8
0.7428571428571429
0.8
0.8
0.8
0.8000000000000002
0.8
0.8
0.8000000000000002
0.8
0.8
0.8
0.75
0.75
0.8
0.8
0.8
0.7
0.7571428571428571
0.8000000000000002
0.78
0.7714285714285715
0.8
0.8
0.8000000000000002
0.8000000000000002
0.8000000000000002
0.8000000000000002
0.78
0.7571428571428571
0.8000000000000002
0.8
0.8
0.8000000000000002
0.8000000000000002
0.8000000000000002
0.8
0.8
0.8000000000000002
0.8
0.8
0.8
0.8
0.8
0.8
0.8
0.8
0.8
0.8
0.7333333333333334
0.8
0.8
0.8
0.7333333333333334
0.75
0.8
0.8000000000000002
0.7714285714285715
0.7666666666666666
0.8000000000000002
0.8000000000000002
0.7714285714285715
0.7333333333333334
0.7333333333333334
0.8
0.8000000000000002
0.8000000000000002
0.8000000000000002
0.8000000000000002
0.8
0.7333333333333334
0.8
0.8
0.8000000000000002
0.8000000000000002
0.8000000000000002
0.8
0.8000000000000002
0.8000000000000002
0.8
0.8
0.8000000000000002
0.8000000000000002
0.8000000000000002
0.8
0.8000000000000002
0.8
0.8
0.8
0.8000000000000002
0.8000000000000002
0.8
0.8000000000000002
0.7
0.7
0.75
0.7666666666666666
0.8
0.8
0.75
0.7833333333333333
0.7428571428571429
0.7571428571428571
0.8
0.8000000000000002
0.8
0.8
0.8
0.8
0.8
0.8000000000000002
0.8
0.8
0.8
0.8
0.8
0.775
0.775
0.7
0.7
0.8
0.8000000000000002
0.8000000000000002
0.8
0.8000000000000002
0.8
0.7333333333333334
0.7666666666666666
0.7666666666666666
0.7666666666666666
0.75
0.8
0.8
0.8000000000000002
0.8
0.8
0.8
0.775
0.8
0.8
0.8000000000000002
0.8
0.8000000000000002
0.8000000000000002
0.7714285714285715
0.6999999999999998
0.6999999999999998
0.6999999999999998
0.8
0.8
0.8
0.75
0.75
0.8
0.8
0.8
0.8000000000000002
0.8
0.7
0.7833333333333333
0.75
0.8
0.8000000000000002
0.7857142857142857
0.7
0.8000000000000002
0.8000000000000002
0.8
0.8
0.6999999999999998
0.7333333333333334
0.8
0.8000000000000002
0.8
0.725
0.725
0.8
0.8
0.7285714285714285
0.8
0.8
0.75
0.7666666666666666
0.8
0.8000000000000002
0.7571428571428571
0.78
0.78
0.8
0.8000000000000002
0.8
0.8000000000000002
0.8000000000000002
0.8000000000000002
0.8
0.8
0.8000000000000002
0.8000000000000002
0.8000000000000002
0.8000000000000002
0.725
0.8000000000000002
0.74
0.8
0.8000000000000002
0.8000000000000002
0.8000000000000002
0.8000000000000002
0.7428571428571429
0.8
0.7333333333333334
0.8000000000000002
0.8
0.8000000000000002
0.75
0.7833333333333333
0.7428571428571429
0.8000000000000002
0.8000000000000002
0.7333333333333334
0.8000000000000002
0.7714285714285715
0.7666666666666666
0.8
0.7625
0.7833333333333333
0.8
0.7571428571428571
0.7833333333333333
0.8
0.8
0.8000000000000002
0.8
0.8000000000000002
0.8000000000000002
0.8
0.8000000000000002
0.8
0.8
0.8
0.8
0.8000000000000002
0.8
0.8000000000000002
0.8
0.8000000000000002
0.8000000000000002
0.8000000000000002
0.8000000000000002
0.7666666666666666
0.775
0.775
0.8
0.7428571428571429
0.7833333333333333
0.7
0.7666666666666666
0.7666666666666666
0.7666666666666666
0.78
0.7333333333333334
0.7857142857142857
0.76
0.7571428571428571
0.7857142857142857
0.8000000000000002
0.7833333333333333
0.7666666666666666
0.7333333333333334
0.7333333333333334
0.775
0.7666666666666666
0.8
0.8
0.8
0.7
0.7
0.76
0.8
0.8166666666666668
0.8333333333333334
0.8
0.75
0.75
0.75
0.8
0.8
0.8
0.8000000000000002
0.8000000000000002
0.7666666666666666
0.7666666666666666
0.8000000000000002
0.8
0.7857142857142857
0.74
0.74
0.8
0.8
0.8
0.8
0.7428571428571429
0.8000000000000002
0.8000000000000002
0.8
0.8
0.8000000000000002
0.7428571428571429
0.8
0.8000000000000002
0.8000000000000002
0.8
0.8
0.8
0.8
0.8
0.8
0.8
0.8
0.8000000000000002
0.8166666666666668
0.8166666666666668
0.9
0.8250000000000001
0.8
0.8
0.8
0.8
0.7833333333333333
0.7333333333333334
0.7333333333333334
0.8
0.8000000000000002
0.8000000000000002
0.75
0.75
0.75
0.8
0.8000000000000002
0.8000000000000002
0.8000000000000002
0.8000000000000002
0.8000000000000002
0.8000000000000002
0.8
0.7428571428571429
0.7571428571428571
0.78
0.8000000000000002
0.75
0.72
0.72
0.8
0.8
0.8
0.8000000000000002
0.8
0.8000000000000002
0.8
0.8
0.8
0.8
0.8000000000000002
0.8000000000000002
0.8
0.8
0.8000000000000002
0.8000000000000002
0.8000000000000002
0.76
0.76
0.8
0.8000000000000002
0.8000000000000002
0.8
0.7333333333333334
0.7333333333333334
0.7666666666666666
0.7666666666666666
0.8
0.8
0.8
0.7428571428571429
0.8000000000000002
0.8000000000000002
0.8
0.8
0.8000000000000002
0.7666666666666666
0.7666666666666666
0.775
0.8000000000000002
0.8000000000000002
0.75
0.7714285714285715
0.8
0.8
0.8
0.8000000000000002
0.8000000000000002
0.8000000000000002
0.8
0.8
0.8
0.8
0.8
0.8000000000000002
0.8000000000000002
0.8000000000000002
0.8000000000000002
0.8000000000000002
0.8000000000000002
0.8
0.8
0.8
0.8000000000000002
0.8
0.8
0.8
0.8
0.8000000000000002
0.7714285714285715
0.7833333333333333
0.75
0.7571428571428571
0.7571428571428571
0.7333333333333334
0.7333333333333334
0.8
0.8
0.8
0.8000000000000002
0.8
0.7666666666666666
0.7142857142857143
0.8
0.8
0.8
0.74
0.8
0.7571428571428571
0.8000000000000002
0.8
0.8
0.8
0.8000000000000002
0.8
0.6999999999999998
0.775
0.775
0.8
0.75
0.8000000000000002
0.8000000000000002
0.8000000000000002
0.8
0.8000000000000002
0.8000000000000002
0.8000000000000002
0.8000000000000002
0.78
0.78
0.78
0.78
0.7
0.7142857142857143
0.8000000000000002
0.8000000000000002
0.8000000000000002
0.7857142857142857
0.7571428571428571
0.7571428571428571
0.7571428571428571
0.8
0.8
0.8
0.8000000000000002
0.8000000000000002
0.8000000000000002
0.8000000000000002
0.7666666666666666
0.7666666666666666
0.6999999999999998
0.8
0.7833333333333333
0.7571428571428571
0.8
0.8000000000000002
0.8
0.8
0.8000000000000002
0.8000000000000002
0.8000000000000002
0.8000000000000002
0.8000000000000002
0.75
0.7333333333333334
0.7571428571428571
0.74
0.7571428571428571
0.7
0.7
0.8
0.8
0.8
0.8
0.75
0.75
0.7666666666666666
0.7714285714285715
0.8000000000000002
0.8000000000000002
0.8000000000000002
0.8
0.8
0.8
0.8
0.8
0.8
0.8
0.8
0.8
0.8
0.8000000000000002
0.8
0.8
0.8
0.8
0.8
0.8000000000000002
0.8
0.8
0.8000000000000002
0.7666666666666666
0.7666666666666666
0.7
0.7333333333333334
0.8
0.8
0.8
0.8000000000000002
0.8000000000000002
0.8000000000000002
0.8
0.75
0.7285714285714285
0.7571428571428571
0.6999999999999998
0.7571428571428571
0.7333333333333334
0.7333333333333334
0.8000000000000002
0.8000000000000002
0.8
0.8
0.8
0.8
0.8
0.8
0.8000000000000002
0.8000000000000002
0.8
0.7714285714285715
0.7666666666666666
0.8000000000000002
0.76
0.8000000000000002
0.8000000000000002
0.8
0.8
0.8
0.8000000000000002
0.8
0.8
0.8
0.8
0.8000000000000002
0.8000000000000002
0.8
0.7428571428571429
0.8
0.75
0.7857142857142857
0.8000000000000002
0.8
0.8
0.8000000000000002
0.8
0.8
0.8
0.8000000000000002
0.8
0.8
0.8000000000000002
0.8
0.8000000000000002
0.8
0.7285714285714285
0.7833333333333333
0.8
0.8
0.8000000000000002
0.8000000000000002
0.8
0.8
0.8
0.8
0.8
0.8
0.8
0.8
0.8
0.8
0.8000000000000002
0.8
0.8
0.8
0.8000000000000002
0.8
0.8
0.8
0.7
0.7
0.8
0.8
0.8
0.7666666666666666
0.7571428571428571
0.8
0.8
0.8
0.8000000000000002
0.8000000000000002
0.8000000000000002
0.8000000000000002
0.8
0.8
0.8
0.7666666666666666
0.7666666666666666
0.8000000000000002
0.8000000000000002
0.8000000000000002
0.8000000000000002
0.7333333333333334
0.7571428571428571
0.8
0.8
0.8000000000000002
0.8
0.8
0.8000000000000002
0.7285714285714285
0.8
0.8000000000000002
0.8
0.8
0.8000000000000002
0.8000000000000002
0.8
0.8
0.8
0.8000000000000002
0.7428571428571429
0.8
0.8
0.8
0.7
0.8
0.8000000000000002
0.8
0.7571428571428571
0.8
0.8
0.8
0.8000000000000002
0.8000000000000002
0.76
0.76
0.7666666666666666
0.75
0.75
0.7666666666666666
0.7666666666666666
0.7666666666666666
0.7
0.7333333333333334
0.8
0.8
0.7333333333333334
0.7833333333333333
0.7857142857142857
0.75
0.75
0.8
0.7428571428571429
0.8000000000000002
0.6999999999999998
0.6999999999999998
0.6999999999999998
0.6999999999999998
0.6999999999999998
0.8000000000000002
0.8000000000000002
0.75
0.7833333333333333
0.7285714285714285
0.76
0.8000000000000002
0.8000000000000002
0.8500000000000001
0.8
0.75
0.7333333333333334
0.74
0.8000000000000002
0.8
0.8000000000000002
0.8000000000000002
0.7666666666666666
0.7666666666666666
0.74
0.76
0.7833333333333333
0.8
0.7428571428571429
0.6999999999999998
0.6999999999999998
0.8
0.8000000000000002
0.8000000000000002
0.8
0.8
0.8
0.8
0.8
0.8
0.7333333333333334
0.7666666666666666
0.78
0.8000000000000002
0.8000000000000002
0.7666666666666666
0.7666666666666666
0.7571428571428571
0.7833333333333333
0.7833333333333333
0.7833333333333333
0.76
0.8
0.7833333333333333
0.75
0.7571428571428571
0.7857142857142857
0.8
0.8
0.8
0.8
0.8
0.8000000000000002
0.8
0.8
0.725
0.7
0.7
0.8
0.7571428571428571
0.8000000000000002
0.8000000000000002
0.8
0.8
0.8
0.8000000000000002
0.8000000000000002
0.8000000000000002
0.8
0.8
0.78
0.75
0.8
0.7333333333333334
0.8
0.8000000000000002
0.8000000000000002
0.8
0.8
0.7666666666666666
0.7666666666666666
0.8
0.8
0.8000000000000002
0.8
0.8000000000000002
0.8000000000000002
0.8
0.8
0.8000000000000002
0.8
0.8000000000000002
0.8000000000000002
0.8000000000000002
0.8000000000000002
0.8000000000000002
0.8
0.8
0.8
0.8
0.8
0.8000000000000002
0.8000000000000002
0.8
0.8000000000000002
0.8000000000000002
0.8000000000000002
0.8
0.7857142857142857
0.7666666666666666
0.8000000000000002
0.8000000000000002
0.8
0.7833333333333333
0.7166666666666667
0.7166666666666667
0.7166666666666667
0.8000000000000002
0.8
0.8000000000000002
0.8000000000000002
0.8
0.8
0.8
0.8
0.78
0.7714285714285715
0.8000000000000002
0.8
0.8
0.74
0.74
0.8
0.8000000000000002
0.8000000000000002
0.8
0.8
0.8
0.7333333333333334
0.8
0.75
0.7333333333333334
0.8000000000000002
0.8000000000000002
0.8
0.7714285714285715
0.7666666666666666
0.7666666666666666
0.8
0.8000000000000002
0.8000000000000002
0.8000000000000002
0.8000000000000002
0.8000000000000002
0.8
0.8
0.8
0.8
0.8
0.8
0.8
0.8
0.8
0.8
0.74
0.8
0.8000000000000002
0.8
0.8
0.8
0.7857142857142857
0.7666666666666666
0.8
0.8000000000000002
0.8000000000000002
0.8000000000000002
0.8000000000000002
0.8
0.8
0.8000000000000002
0.8000000000000002
0.8
0.8
0.8
0.8000000000000002
0.8000000000000002
0.8
0.7333333333333334
0.7857142857142857
0.6999999999999998
0.8000000000000002
0.8000000000000002
0.8
0.8000000000000002
0.8000000000000002
0.8
0.8000000000000002
0.8000000000000002
0.8000000000000002
0.8
0.8
0.8
0.8
0.8
0.8
0.8000000000000002
0.8
0.8000000000000002
0.7333333333333334
0.8000000000000002
0.8
0.8
0.8
0.8
0.8
0.8
0.8
0.8000000000000002
0.8
0.8000000000000002
0.7571428571428571
0.8000000000000002
0.8000000000000002
0.8000000000000002
0.8
0.8
0.8
0.8
0.7714285714285715
0.7857142857142857
0.8000000000000002
0.8000000000000002
0.8000000000000002
0.7333333333333334
0.8000000000000002
0.8000000000000002
0.8000000000000002
0.75
0.8000000000000002
0.8000000000000002
0.8000000000000002
0.8000000000000002
0.8000000000000002
0.7428571428571429
0.7
0.7
0.7333333333333334
0.8000000000000002
0.8000000000000002
0.7714285714285715
0.7666666666666666
0.7571428571428571
0.7428571428571429
0.8000000000000002
0.8
0.8
0.8
0.8000000000000002
0.8
0.8
0.8
0.8
0.8
0.8
0.8
0.8000000000000002
0.8000000000000002
0.8000000000000002
0.8
0.8
0.75
0.8
0.8
0.8
0.7833333333333333
0.75
0.8
0.7333333333333334
0.8000000000000002
0.75
0.7857142857142857
0.8000000000000002
0.8
0.8
0.8
0.8
0.7428571428571429
0.8
0.7714285714285715
0.7166666666666667
0.8
0.8000000000000002
0.7428571428571429
0.8000000000000002
0.8000000000000002
0.8000000000000002
0.7571428571428571
0.7833333333333333
0.8000000000000002
0.8000000000000002
0.8
0.8000000000000002
0.8
0.7333333333333334
0.7571428571428571
0.8000000000000002
0.8000000000000002
0.8
0.8000000000000002
0.7571428571428571
0.7857142857142857
0.7833333333333333
0.7833333333333333
0.7833333333333333
0.74
0.8000000000000002
0.8
0.8000000000000002
0.7714285714285715
0.7142857142857143
0.8000000000000002
0.8000000000000002
0.7833333333333333
0.7166666666666667
0.8
0.8000000000000002
0.7428571428571429
0.7857142857142857
0.7
0.8000000000000002
0.8000000000000002
0.8
0.8
0.8
0.8000000000000002
0.8
0.8
0.8000000000000002
0.8000000000000002
0.8
0.7428571428571429
0.74
0.74
0.8
0.8
0.75
0.75
0.75
0.8
0.8
0.8
0.7857142857142857
0.75
0.8000000000000002
0.7166666666666667
0.7666666666666666
0.8
0.8
0.8
0.8
0.6999999999999998
0.7857142857142857
0.8
0.8
0.8
0.8000000000000002
0.8
0.8
0.74
0.8000000000000002
0.7833333333333333
0.7666666666666666
0.8
0.8
0.8
0.8
0.8
0.8
0.78
0.6999999999999998
0.8
0.8
0.8
0.8000000000000002
0.7428571428571429
0.7142857142857143
0.7714285714285715
0.8000000000000002
0.8
0.8000000000000002
0.8
0.8000000000000002
0.8500000000000001
0.7666666666666666
0.8
0.8
0.725
0.7571428571428571
0.7285714285714285
0.8000000000000002
0.8
0.8000000000000002
0.7333333333333334
0.7571428571428571
0.8250000000000001
0.8250000000000001
0.8333333333333334
0.7666666666666666
0.8
0.8
0.8
0.8000000000000002
0.8
0.74
0.74
0.7142857142857143
0.75
0.7833333333333333
0.8
0.7428571428571429
0.8
0.8000000000000002
0.8000000000000002
0.8000000000000002
0.8
0.8
0.8
0.8
0.8
0.8000000000000002
0.8000000000000002
0.8000000000000002
0.8
0.6999999999999998
0.7666666666666666
0.8000000000000002
0.8000000000000002
0.8000000000000002
0.7833333333333333
0.8
0.8000000000000002
0.8000000000000002
0.8
0.8000000000000002
0.8000000000000002
0.8000000000000002
0.8000000000000002
0.8000000000000002
0.8000000000000002
0.8000000000000002
0.8
0.8
0.8
0.8
0.8000000000000002
0.8000000000000002
0.8
0.8
0.8
0.8
0.7571428571428571
0.775
0.8
0.8
0.8
0.8
0.8
0.8
0.7571428571428571
0.72
0.8
0.8
0.8
0.8000000000000002
0.8000000000000002
0.8
0.7333333333333334
0.8
0.7666666666666666
0.8
0.8
0.7428571428571429
0.7666666666666666
0.725
0.725
0.8
0.7714285714285715
0.7666666666666666
0.7666666666666666
0.7666666666666666
0.6999999999999998
0.8
0.8
0.8
0.8
0.7333333333333334
0.7714285714285715
0.7666666666666666
0.7666666666666666
0.7666666666666666
0.6999999999999998
0.7666666666666666
0.8000000000000002
0.7571428571428571
0.7857142857142857
0.76
0.76
0.8
0.7142857142857143
0.7333333333333334
0.8000000000000002
0.8000000000000002
0.8000000000000002
0.74
0.8
0.8000000000000002
0.7
0.7833333333333333
0.8000000000000002
0.8
0.8
0.8
0.8000000000000002
0.8000000000000002
0.8
0.8
0.8
0.8
0.7333333333333334
0.8
0.7833333333333333
0.76
0.8000000000000002
0.8
0.8
0.8
0.8
0.8
0.8
0.8
0.7714285714285715
0.7
0.7
0.74
0.7571428571428571
0.7833333333333333
0.8000000000000002
0.8
0.8
0.8
0.8
0.8000000000000002
0.8000000000000002
0.8000000000000002
0.78
0.6999999999999998
0.8000000000000002
0.8
0.8
0.8
0.8
0.8
0.8
0.8
0.8
0.8
0.8
0.8
0.8
0.7428571428571429
0.8000000000000002
0.8000000000000002
0.8
0.8
0.8
0.8
0.7428571428571429
0.8
0.8
0.75
0.75
0.8
0.8000000000000002
0.7
0.7714285714285715
0.75
0.7857142857142857
0.7333333333333334
0.8
0.8
0.8
0.8
0.8
0.8000000000000002
0.8
0.8
0.8
0.8
0.8
0.8
0.8
0.8
0.8
0.8
0.8200000000000001
0.8200000000000001
0.9
0.8
0.8
0.8000000000000002
0.8000000000000002
0.7833333333333333
0.7833333333333333
0.7833333333333333
0.8000000000000002
0.8
0.7
0.7
0.7
0.75
0.75
0.8
0.8
0.8
0.8
0.8
0.8
0.8000000000000002
0.8
0.8
0.8
0.8000000000000002
0.8
0.7666666666666666
0.7142857142857143
0.8000000000000002
0.8
0.8000000000000002
0.8
0.7333333333333334
0.8
0.8000000000000002
0.7857142857142857
0.7857142857142857
0.7857142857142857
0.8000000000000002
0.8
0.8000000000000002
0.8000000000000002
0.8000000000000002
0.7333333333333334
0.7571428571428571
0.7666666666666666
0.7666666666666666
0.7666666666666666
0.8000000000000002
0.8000000000000002
0.8
0.8
0.8
0.8
0.7333333333333334
0.7333333333333334
0.8
0.7857142857142857
0.725
0.725
0.725
0.8
0.8
0.8000000000000002
0.8
0.7428571428571429
0.8
0.8
0.9
0.7666666666666666
0.8
0.8
0.8
0.8000000000000002
0.7428571428571429
0.8
0.8
0.8
0.8
0.8000000000000002
0.8
0.8
0.8
0.7333333333333334
0.8
0.8
0.7166666666666667
0.8
0.8
0.7333333333333334
0.7833333333333333
0.7857142857142857
0.7
0.7571428571428571
0.7
0.7
0.7
0.8
0.8000000000000002
0.8
0.8000000000000002
0.75
0.75
0.8
0.8
0.8
0.8000000000000002
0.75
0.75
0.7
0.7285714285714285
0.8
0.8
0.8
0.7714285714285715
0.7833333333333333
0.8000000000000002
0.8000000000000002
0.7833333333333333
0.7571428571428571
0.8
0.8
0.8
0.7428571428571429
0.8
0.7428571428571429
0.7333333333333334
0.8
0.74
0.8
0.75
0.8
0.7571428571428571
0.7666666666666666
0.8
0.8
0.8
0.8
0.8
0.8
0.75
0.8
0.8
0.8
0.8
0.8428571428571429
0.8000000000000002
0.75
0.75
0.8
0.75
0.8
0.8
0.8000000000000002
0.8
0.8000000000000002
0.8000000000000002
0.9
0.9
0.8500000000000001
0.8000000000000002
0.8000000000000002
0.8
0.75
0.7833333333333333
0.8
0.8000000000000002
0.8
0.8000000000000002
0.8
0.8
0.8
0.8000000000000002
0.8
0.8
0.8
0.8
0.8
0.8
0.8
0.7428571428571429
0.8
0.8000000000000002
0.8000000000000002
0.8000000000000002
0.8
0.8000000000000002
0.8
0.8000000000000002
0.8000000000000002
0.8000000000000002
0.8
0.8000000000000002
0.8000000000000002
0.8000000000000002
0.8
0.8
0.8
0.8
0.8
0.8
0.8
0.75
0.8000000000000002
0.8000000000000002
0.7666666666666666
0.7666666666666666
0.7666666666666666
0.7666666666666666
0.8
0.8
0.8
0.74
0.8
0.8000000000000002
0.8000000000000002
0.8000000000000002
0.8000000000000002
0.8
0.8
0.8
0.8
0.8
0.8
0.8
0.8
0.8
0.8
0.75
0.8
0.8000000000000002
0.8
0.8
0.8000000000000002
0.8
0.8
0.8000000000000002
0.7833333333333333
0.75
0.75
0.8
0.8
0.8000000000000002
0.8285714285714285
0.7571428571428571
0.8
0.8
0.8
0.7571428571428571
0.8
0.8
0.8
0.8000000000000002
0.7333333333333334
0.8
0.7857142857142857
0.74
0.8
0.8
0.8000000000000002
0.725
0.7142857142857143
0.7142857142857143
0.7142857142857143
0.8
0.8
0.8
0.7333333333333334
0.8000000000000002
0.8000000000000002
0.7333333333333334
0.8
0.8
0.7333333333333334
0.8
0.8
0.8
0.8
0.8
0.7571428571428571
0.7285714285714285
0.8
0.8000000000000002
0.75
0.75
0.725
0.8000000000000002
0.8
0.7714285714285715
0.8
0.8
0.8
0.8
0.8000000000000002
0.7333333333333334
0.72
0.72
0.8000000000000002
0.8000000000000002
0.7
0.7
0.8000000000000002
0.8000000000000002
0.8
0.8000000000000002
0.8000000000000002
0.75
0.8000000000000002
0.8
0.8000000000000002
0.8
0.8
0.8000000000000002
0.8000000000000002
0.78
0.78
0.7
0.7428571428571429
0.7833333333333333
0.8
0.8000000000000002
0.8000000000000002
0.8000000000000002
0.8
0.8
0.8000000000000002
0.8
0.8000000000000002
0.8
0.8
0.8
0.78
0.7333333333333334
0.7333333333333334
0.8
0.8
0.8
0.8
0.8
0.8
0.8
0.8
0.8
0.7
0.7666666666666666
0.7428571428571429
0.8
0.8
0.8
0.7428571428571429
0.8000000000000002
0.8
0.8
0.8
0.8000000000000002
0.8
0.8
0.7714285714285715
0.7666666666666666
0.8
0.8000000000000002
0.8000000000000002
0.7333333333333334
0.7333333333333334
0.7333333333333334
0.8000000000000002
0.8
0.8
0.8
0.8
0.8
0.8
0.8
0.8
0.8
0.8
0.8000000000000002
0.7714285714285715
0.78
0.78
0.8
0.8
0.8000000000000002
0.8000000000000002
0.8
0.8
0.8000000000000002
0.8000000000000002
0.8
0.8
0.8
0.8
0.8
0.8
0.7833333333333333
0.6999999999999998
0.7571428571428571
0.75
0.8
0.8
0.8
0.8
0.75
0.7833333333333333
0.7
0.7
0.7
0.7833333333333333
0.8
0.7428571428571429
0.8000000000000002
0.8
0.8
0.8
0.8000000000000002
0.7428571428571429
0.8000000000000002
0.8000000000000002
0.8000000000000002
0.8000000000000002
0.8000000000000002
0.8
0.8000000000000002
0.8
0.8000000000000002
0.8
0.8000000000000002
0.8000000000000002
0.8000000000000002
0.8000000000000002
0.7857142857142857
0.7571428571428571
0.75
0.7166666666666667
0.7666666666666666
0.7571428571428571
0.7833333333333333
0.7833333333333333
0.8
0.8
0.8
0.8000000000000002
0.8000000000000002
0.8000000000000002
0.8
0.8
0.8
0.8000000000000002
0.8
0.8
0.8000000000000002
0.8
0.74
0.74
0.8
0.8
0.8
0.8
0.8
0.8000000000000002
0.8
0.8
0.8
0.8500000000000001
0.8166666666666668
0.8000000000000002
0.8000000000000002
0.8000000000000002
0.8000000000000002
0.7428571428571429
0.8000000000000002
0.8
0.8000000000000002
0.8
0.8000000000000002
0.8
0.8000000000000002
0.8000000000000002
0.8000000000000002
0.8000000000000002
0.7428571428571429
0.8000000000000002
0.7333333333333334
0.7333333333333334
0.8
0.8000000000000002
0.8
0.8000000000000002
0.8000000000000002
0.7571428571428571
0.7857142857142857
0.7428571428571429
0.8000000000000002
0.8000000000000002
0.8000000000000002
0.8000000000000002
0.8000000000000002
0.8
0.8
0.8
0.8
0.8
0.8
0.8
0.8000000000000002
0.8000000000000002
0.8000000000000002
0.8
0.8
0.8
0.8
0.8
0.75
0.75
0.8
0.7714285714285715
0.7857142857142857
0.8000000000000002
0.8
0.8
0.8
0.8
0.7428571428571429
0.8000000000000002
0.8
0.8
0.8
0.8000000000000002
0.8
0.8
0.8
0.8000000000000002
0.7666666666666666
0.78
0.7571428571428571
0.8
0.8000000000000002
0.8000000000000002
0.8
0.8
0.8000000000000002
0.8000000000000002
0.8000000000000002
0.8
0.8
0.8
0.78
0.6999999999999998
0.8
0.7
0.7
0.76
0.8
0.8
0.7666666666666666
0.7666666666666666
0.75
0.8000000000000002
0.8
0.8
0.8
0.8
0.8000000000000002
0.8000000000000002
0.8000000000000002
0.8000000000000002
0.8000000000000002
0.75
0.78
0.7666666666666666
0.7571428571428571
0.7666666666666666
0.8
0.8000000000000002
0.75
0.8000000000000002
0.8000000000000002
0.8000000000000002
0.8
0.8000000000000002
0.6999999999999998
0.8000000000000002
0.7666666666666666
0.76
0.8000000000000002
0.8000000000000002
0.6999999999999998
0.78
0.7333333333333334
0.7571428571428571
0.8000000000000002
0.8000000000000002
0.7428571428571429
0.8000000000000002
0.8
0.8000000000000002
0.7571428571428571
0.8000000000000002
0.8000000000000002
0.76
0.75
0.75
0.8
0.8000000000000002
0.8
0.8
0.8
0.8
0.8
0.8000000000000002
0.8
0.8000000000000002
0.8
0.8
0.8
0.8000000000000002
0.8000000000000002
0.8000000000000002
0.8000000000000002
0.8000000000000002
0.8000000000000002
0.8
0.8
0.8
0.8
0.8000000000000002
0.75
0.8
0.8000000000000002
0.8000000000000002
0.8000000000000002
0.8
0.8000000000000002
0.8
0.8
0.8
0.8000000000000002
0.8
0.8
0.8
0.8
0.8
0.8
0.74
0.74
0.74
0.74
0.8
0.8
0.8000000000000002
0.8
0.8000000000000002
0.8000000000000002
0.8000000000000002
0.8
0.8
0.8
0.8
0.7428571428571429
0.75
0.7833333333333333
0.7857142857142857
0.6999999999999998
0.8
0.8
0.8000000000000002
0.8
0.8000000000000002
0.8
0.8
0.8000000000000002
0.8000000000000002
0.8
0.8
0.8000000000000002
0.8000000000000002
0.8000000000000002
0.7571428571428571
0.7833333333333333
0.8
0.8
0.8
0.8
0.75
0.75
0.75
0.75
0.75
0.7666666666666666
0.8
0.8
0.8000000000000002
0.8000000000000002
0.8000000000000002
0.8000000000000002
0.8
0.8
0.8
0.8000000000000002
0.8000000000000002
0.7833333333333333
0.7
0.8
0.8000000000000002
0.8
0.7571428571428571
0.7833333333333333
0.7333333333333334
0.6999999999999998
0.7571428571428571
0.8
0.8
0.7666666666666666
0.75
0.75
0.8
0.8000000000000002
0.8000000000000002
0.7428571428571429
0.8000000000000002
0.8
0.8
0.8
0.8
0.8000000000000002
0.8000000000000002
0.8000000000000002
0.8
0.8
0.7428571428571429
0.8
0.8
0.8000000000000002
0.8
0.8
0.8000000000000002
0.8000000000000002
0.8
0.8
0.8
0.8
0.8000000000000002
0.78
0.78
0.7
0.8000000000000002
0.8000000000000002
0.8000000000000002
0.8
0.8
0.8000000000000002
0.8
0.8000000000000002
0.8000000000000002
0.8
0.7333333333333334
0.8000000000000002
0.8
0.8
0.8
0.8000000000000002
0.8000000000000002
0.8
0.8000000000000002
0.8
0.8
0.8
0.8000000000000002
0.8000000000000002
0.8000000000000002
0.8000000000000002
0.8000000000000002
0.8000000000000002
0.8
0.72
0.72
0.8
0.8000000000000002
0.8000000000000002
0.8
0.8000000000000002
0.8000000000000002
0.8
0.8000000000000002
0.8
0.8
0.8
0.8
0.8000000000000002
0.7571428571428571
0.8000000000000002
0.7428571428571429
0.8
0.8
0.8
0.8
0.8000000000000002
0.8
0.8000000000000002
0.8
0.8
0.8000000000000002
0.8
0.8
0.8000000000000002
0.8000000000000002
0.8000000000000002
0.8
0.7333333333333334
0.8000000000000002
0.7
0.7
0.7666666666666666
0.7
0.8
0.8000000000000002
0.8
0.8
0.8
0.8
0.8
0.8
0.8
0.7
0.7
0.8
0.8
0.8
0.8
0.8
0.75
0.75
0.75
0.8000000000000002
0.8000000000000002
0.8000000000000002
0.8
0.7428571428571429
0.8000000000000002
0.8
0.8000000000000002
0.7428571428571429
0.8000000000000002
0.8000000000000002
0.8000000000000002
0.7833333333333333
0.7333333333333334
0.7333333333333334
0.8250000000000001
0.8
0.8000000000000002
0.8000000000000002
0.8000000000000002
0.7333333333333334
0.8
0.8000000000000002
0.8000000000000002
0.8
0.8
0.8
0.8000000000000002
0.8000000000000002
0.8000000000000002
0.8000000000000002
0.7333333333333334
0.75
0.7166666666666667
0.7166666666666667
0.8
0.8
0.8
0.8
0.8000000000000002
0.75
0.75
0.8
0.8
0.8
0.8
0.8
0.8
0.8
0.8000000000000002
0.8
0.8
0.8000000000000002
0.8
0.8
0.8
0.8
0.8
0.8
0.8
0.8
0.8
0.8
0.775
0.7333333333333334
0.7333333333333334
0.8
0.75
0.75
0.75
0.75
0.75
0.75
0.8
0.8
0.8
0.725
0.725
0.8
0.7666666666666666
0.7666666666666666
0.7
0.8
0.7428571428571429
0.8000000000000002
0.8
0.8
0.8
0.8000000000000002
0.7428571428571429
0.8
0.7833333333333333
0.7
0.7
0.8
0.8
0.8
0.8
0.8
0.8
0.8000000000000002
0.8000000000000002
0.8
0.8
0.8000000000000002
0.75
0.8
0.8
0.8
0.8
0.8
0.8000000000000002
0.775
0.775
0.8
0.8
0.8
0.8
0.7
0.7
0.8
0.8
0.8000000000000002
0.75
0.75
0.7
0.7666666666666666
0.8
0.8
0.8
0.8
0.8
0.7
0.7166666666666667
0.8000000000000002
0.8000000000000002
0.8
0.8
0.8
0.8
0.8
0.75
0.7833333333333333
0.74
0.8
0.8
0.8
0.8
0.8
0.8
0.8
0.8
0.8
0.8
0.8
0.75
0.75
0.75
0.7666666666666666
0.7666666666666666
0.8
0.8000000000000002
0.8
0.8
0.8
0.8
0.7428571428571429
0.8000000000000002
0.7833333333333333
0.7666666666666666
0.7428571428571429
0.8000000000000002
0.8
0.8000000000000002
0.8
0.8000000000000002
0.8
0.8
0.8
0.8
0.8
0.7428571428571429
0.8000000000000002
0.8000000000000002
0.8
0.8
0.8
0.7666666666666666
0.725
0.725
0.8
0.7571428571428571
0.7833333333333333
0.8
0.8
0.8
0.8
0.8
0.8
0.8
0.75
0.8
0.8
0.8
0.8
0.8
0.7333333333333334
0.7333333333333334
0.8
0.8000000000000002
0.8000000000000002
0.8
0.8
0.8
0.8
0.8
0.8
0.8
0.8
0.8
0.8
0.8
0.8
0.8
0.8000000000000002
0.8
0.8
0.8
0.8000000000000002
0.8
0.8
0.8000000000000002
0.8000000000000002
0.8
0.8
0.8000000000000002
0.8000000000000002
0.8000000000000002
0.8
0.8
0.8
0.8000000000000002
0.8
0.8
0.8000000000000002
0.8000000000000002
0.8
0.8
0.8000000000000002
0.8000000000000002
0.8000000000000002
0.8000000000000002
0.8
0.8000000000000002
0.8000000000000002
0.8000000000000002
0.8000000000000002
0.8
0.7285714285714285
0.72
0.72
0.8
0.75
0.7857142857142857
0.8
0.8
0.8
0.8
0.8
0.8000000000000002
0.7571428571428571
0.8000000000000002
0.8
0.8
0.8000000000000002
0.8
0.8
0.8
0.7666666666666666
0.7833333333333333
0.8
0.8
0.8000000000000002
0.7428571428571429
0.8
0.8
0.8
0.76
0.76
0.8
0.7666666666666666
0.75
0.75
0.8
0.8
0.8
0.8
0.8
0.8
0.8
0.8
0.8
0.8
0.8
0.8
0.8000000000000002
0.8000000000000002
0.8000000000000002
0.8000000000000002
0.8
0.8
0.8
0.8
0.7166666666666667
0.7571428571428571
0.725
0.725
0.7333333333333334
0.7833333333333333
0.8000000000000002
0.8000000000000002
0.8
0.8
0.8
0.8
0.75
0.8000000000000002
0.8000000000000002
0.8
0.8
0.8
0.8
0.8
0.8
0.8
0.8
0.8
0.8
0.8
0.8
0.8
0.8
0.8
0.8
0.8
0.8
0.8
0.8500000000000001
0.8666666666666667
0.8666666666666667
0.8000000000000002
0.8
0.8000000000000002
0.7571428571428571
0.7857142857142857
0.8
0.8000000000000002
0.8000000000000002
0.8
0.8
0.7428571428571429
0.7333333333333334
0.8000000000000002
0.75
0.8
0.8000000000000002
0.75
0.75
0.8
0.8000000000000002
0.8000000000000002
0.8
0.7857142857142857
0.75
0.75
0.75
0.75
0.75
0.8
0.8
0.8
0.8000000000000002
0.8
0.8000000000000002
0.8
0.8
0.76
0.7285714285714285
0.8
0.8
0.8
0.7833333333333333
0.725
0.725
0.8
0.8000000000000002
0.7833333333333333
0.8
0.8
0.8
0.8
0.8
0.8000000000000002
0.7714285714285715
0.7714285714285715
0.8
0.7571428571428571
0.7333333333333334
0.8
0.75
0.7857142857142857
0.8
0.8
0.8
0.7428571428571429
0.8000000000000002
0.8
0.8000000000000002
0.7428571428571429
0.8
0.8
0.7666666666666666
0.7714285714285715
0.7571428571428571
0.8000000000000002
0.7142857142857143
0.7714285714285715
0.7333333333333334
0.7
0.7
0.7666666666666666
0.7333333333333334
0.6999999999999998
0.8000000000000002
0.8
0.8
0.7
0.8
0.8
0.8
0.8
0.8000000000000002
0.8000000000000002
0.725
0.72
0.72
0.8
0.8000000000000002
0.8
0.76
0.7142857142857143
0.7333333333333334
0.7
0.7
0.775
0.7571428571428571
0.8
0.8
0.8
0.8000000000000002
0.8
0.8
0.8000000000000002
0.75
0.8
0.8
0.8000000000000002
0.8000000000000002
0.7428571428571429
0.8000000000000002
0.7333333333333334
0.7333333333333334
0.8000000000000002
0.8000000000000002
0.8000000000000002
0.8000000000000002
0.8000000000000002
0.8000000000000002
0.8000000000000002
0.8000000000000002
0.8000000000000002
0.8
0.8
0.8
0.8
0.8
0.8
0.8
0.8
0.7
0.7
0.7
0.7666666666666666
0.7666666666666666
0.7666666666666666
0.7666666666666666
0.7666666666666666
0.7666666666666666
0.7666666666666666
0.8
0.8000000000000002
0.8000000000000002
0.8
0.7285714285714285
0.76
0.76
0.76
0.76
0.8000000000000002
0.7857142857142857
0.75
0.8000000000000002
0.7428571428571429
0.7833333333333333
0.6999999999999998
0.7428571428571429
0.8
0.8
0.8
0.8
0.8
0.8
0.8
0.8
0.8
0.8333333333333334
0.74
0.74
0.8000000000000002
0.8000000000000002
0.8
0.8
0.8
0.8000000000000002
0.8
0.8
0.8
0.8
0.8
0.8
0.8
0.8
0.8
0.8
0.8
0.8
0.8
0.8000000000000002
0.8
0.8
0.8
0.75
0.7
0.8000000000000002
0.7714285714285715
0.7142857142857143
0.8
0.7571428571428571
0.8
0.8
0.8
0.8
0.8
0.8
0.7428571428571429
0.8000000000000002
0.7285714285714285
0.7
0.7
0.8
0.8
0.7571428571428571
0.7571428571428571
0.7666666666666666
0.8000000000000002
0.8000000000000002
0.8
0.7333333333333334
0.8
0.8
0.7333333333333334
0.7333333333333334
0.8
0.75
0.7571428571428571
0.7857142857142857
0.8000000000000002
0.8
0.8
0.7833333333333333
0.7571428571428571
0.74
0.74
0.74
0.8000000000000002
0.8000000000000002
0.8000000000000002
0.8000000000000002
0.8000000000000002
0.8
0.75
0.7428571428571429
0.8000000000000002
0.8000000000000002
0.8
0.8
0.7428571428571429
0.7428571428571429
0.7428571428571429
0.7333333333333334
0.8000000000000002
0.8000000000000002
0.75
0.6999999999999998
0.8000000000000002
0.78
0.75
0.75
0.8000000000000002
0.8
0.8
0.8
0.8
0.8
0.8
0.8000000000000002
0.8000000000000002
0.8428571428571429
0.7857142857142857
0.8000000000000002
0.8000000000000002
0.8000000000000002
0.8
0.75
0.8000000000000002
0.8
0.8000000000000002
0.8000000000000002
0.8000000000000002
0.7428571428571429
0.8
0.8
0.7428571428571429
0.7428571428571429
0.8
0.8000000000000002
0.8
0.8
0.8000000000000002
0.8
0.8000000000000002
0.8000000000000002
0.8000000000000002
0.8000000000000002
0.8
0.8000000000000002
0.7857142857142857
0.6999999999999998
0.8
0.8000000000000002
0.8
0.8
0.8
0.8
0.8
0.7428571428571429
0.8
0.8
0.8
0.8000000000000002
0.8000000000000002
0.72
0.72
0.72
0.8000000000000002
0.8000000000000002
0.8
0.8
0.8
0.8
0.7142857142857143
0.7833333333333333
0.8
0.8000000000000002
0.8
0.8000000000000002
0.8000000000000002
0.8000000000000002
0.8000000000000002
0.8
0.8000000000000002
0.7714285714285715
0.75
0.75
0.8
0.8
0.8
0.8000000000000002
0.8
0.7714285714285715
0.7714285714285715
0.8000000000000002
0.8
0.8
0.8
0.8
0.8000000000000002
0.8
0.75
0.8
0.8
0.8
0.7833333333333333
0.75
0.75
0.8000000000000002
0.8
0.8000000000000002
0.8000000000000002
0.8
0.8
0.8
0.8
0.8
0.8
0.8
0.8000000000000002
0.7333333333333334
0.7333333333333334
0.8000000000000002
0.8000000000000002
0.8000000000000002
0.8000000000000002
0.8
0.8
0.8
0.75
0.8
0.8
0.8000000000000002
0.8
0.8
0.8
0.8
0.8
0.7833333333333333
0.7625
0.8000000000000002
0.8
0.8
0.8
0.72
0.7857142857142857
0.7857142857142857
0.7
0.7571428571428571
0.7333333333333334
0.8
0.8
0.8
0.8
0.8
0.8
0.8000000000000002
0.8
0.8
0.8
0.8
0.8
0.8
0.8
0.8000000000000002
0.7
0.7833333333333333
0.8000000000000002
0.8000000000000002
0.8000000000000002
0.8
0.7857142857142857
0.7666666666666666
0.8
0.8000000000000002
0.8000000000000002
0.8000000000000002
0.8
0.8000000000000002
0.75
0.8000000000000002
0.75
0.725
0.725
0.8
0.7428571428571429
0.8000000000000002
0.75
0.8000000000000002
0.8000000000000002
0.8
0.8000000000000002
0.8
0.8
0.8
0.8
0.8
0.8
0.8
0.7333333333333334
0.8000000000000002
0.8
0.72
0.72
0.8
0.8
0.8000000000000002
0.8000000000000002
0.7333333333333334
0.8000000000000002
0.8000000000000002
0.8
0.8
0.8
0.8000000000000002
0.8
0.7
0.76
0.76
0.8
0.7428571428571429
0.8
0.8000000000000002
0.8
0.8000000000000002
0.7333333333333334
0.7333333333333334
0.8000000000000002
0.8
0.8
0.8
0.8
0.7333333333333334
0.7333333333333334
0.8
0.8
0.8
0.8000000000000002
0.7333333333333334
0.8
0.8000000000000002
0.8
0.8000000000000002
0.8000000000000002
0.7571428571428571
0.7166666666666667
0.8000000000000002
0.72
0.72
0.8
0.7875000000000001
0.7166666666666667
0.7166666666666667
0.7166666666666667
0.8
0.8000000000000002
0.7666666666666666
0.6999999999999998
0.8
0.8
0.8000000000000002
0.8000000000000002
0.8000000000000002
0.75
0.8000000000000002
0.7833333333333333
0.75
0.8
0.8000000000000002
0.8000000000000002
0.8000000000000002
0.8
0.8
0.8
0.75
0.75
0.7714285714285715
0.7714285714285715
0.8
0.8000000000000002
0.8000000000000002
0.8
0.8000000000000002
0.8000000000000002
0.8000000000000002
0.8
0.8
0.7
0.7666666666666666
0.8000000000000002
0.8000000000000002
0.7428571428571429
0.7571428571428571
0.75
0.75
0.75
0.8000000000000002
0.8000000000000002
0.8000000000000002
0.8
0.8
0.8
0.8
0.8000000000000002
0.8
0.8
0.8
0.8
0.7166666666666667
0.75
0.75
0.8000000000000002
0.75
0.75
0.8
0.8
0.8
0.8
0.8
0.8
0.8
0.8
0.8000000000000002
0.8000000000000002
0.8000000000000002
0.8000000000000002
0.8
0.8
0.7142857142857143
0.7714285714285715
0.8
0.8
0.8
0.8
0.8
0.8
0.8000000000000002
0.7714285714285715
0.7714285714285715
0.75
0.7333333333333334
0.8
0.8
0.8
0.8000000000000002
0.8
0.8
0.78
0.7571428571428571
0.8
0.8
0.7666666666666666
0.7666666666666666
0.8000000000000002
0.8
0.7428571428571429
0.7428571428571429
0.7428571428571429
0.8
0.8
0.8
0.8
0.8000000000000002
0.8
0.8000000000000002
0.7
0.6999999999999998
0.7714285714285715
0.7714285714285715
0.8
0.8
0.8
0.8
0.8
0.8
0.7
0.8
0.8
0.8
0.8
0.8000000000000002
0.8000000000000002
0.8
0.8
0.8000000000000002
0.8
0.8
0.8
0.8
0.7
0.7
0.75
0.75
0.75
0.8000000000000002
0.7333333333333334
0.7333333333333334
0.7333333333333334
0.7333333333333334
0.7333333333333334
0.8
0.75
0.75
0.8
0.6999999999999998
0.6999999999999998
0.775
0.7
0.8
0.8
0.8000000000000002
0.8
0.8
0.8
0.8
0.8
0.8
0.8000000000000002
0.8000000000000002
0.8
0.775
0.775
0.8
0.7333333333333334
0.8
0.8
0.8
0.8
0.8
0.72
0.8
0.8
0.8
0.8
0.8
0.8000000000000002
0.8
0.8000000000000002
0.8
0.8
0.8
0.8000000000000002
0.7571428571428571
0.8000000000000002
0.8
0.8
0.8
0.8
0.7333333333333334
0.72
0.72
0.8000000000000002
0.8000000000000002
0.7428571428571429
0.8
0.8
0.8000000000000002
0.8
0.8
0.8000000000000002
0.8000000000000002
0.8000000000000002
0.8000000000000002
0.8
0.8000000000000002
0.8
0.8
0.8000000000000002
0.8000000000000002
0.7857142857142857
0.7
0.78
0.78
0.8
0.8
0.8
0.8
0.8
0.8
0.8000000000000002
0.75
0.7285714285714285
0.8000000000000002
0.8
0.7571428571428571
0.7333333333333334
0.7333333333333334
0.7333333333333334
0.8
0.75
0.8000000000000002
0.8
0.8
0.74
0.7833333333333333
0.7857142857142857
0.7857142857142857
0.7857142857142857
0.7833333333333333
0.7428571428571429
0.8000000000000002
0.8000000000000002
0.7666666666666666
0.7666666666666666
0.75
0.8
0.7571428571428571
0.8
0.8
0.8000000000000002
0.8
0.8
0.8
0.8
0.8
0.7666666666666666
0.7666666666666666
0.725
0.8
0.7428571428571429
0.8
0.8
0.8
0.8
0.8
0.8
0.8000000000000002
0.8
0.8
0.8
0.8000000000000002
0.8
0.7428571428571429
0.7714285714285715
0.75
0.75
0.8
0.8
0.8
0.8
0.7666666666666666
0.7
0.8
0.8
0.8
0.8000000000000002
0.8000000000000002
0.7833333333333333
0.6999999999999998
0.75
0.7833333333333333
0.7833333333333333
0.8
0.8
0.8
0.8
0.8
0.8
0.8
0.8
0.8000000000000002
0.7
0.7
0.74
0.8
0.8
0.8
0.8000000000000002
0.8000000000000002
0.8
0.75
0.8
0.8
0.8
0.8
0.7714285714285715
0.7714285714285715
0.8
0.8000000000000002
0.8
0.8
0.8
0.8000000000000002
0.7571428571428571
0.7571428571428571
0.7571428571428571
0.8
0.8
0.8
0.8000000000000002
0.8
0.8
0.8000000000000002
0.8000000000000002
0.8
0.8
0.8
0.8
0.775
0.7142857142857143
0.8
0.75
0.75
0.75
0.75
0.75
0.75
0.775
0.775
0.8000000000000002
0.8000000000000002
0.8
0.8
0.8000000000000002
0.8000000000000002
0.8000000000000002
0.7333333333333334
0.8
0.8
0.8
0.8
0.8
0.8
0.7
0.7666666666666666
0.8000000000000002
0.8
0.8
0.8
0.8000000000000002
0.8000000000000002
0.775
0.775
0.75
0.7333333333333334
0.76
0.76
0.75
0.8
0.7428571428571429
0.8
0.8
0.8000000000000002
0.8
0.8000000000000002
0.8000000000000002
0.8000000000000002
0.8000000000000002
0.8
0.78
0.78
0.78
0.78
0.725
0.725
0.8
0.8
0.8
0.8000000000000002
0.7714285714285715
0.75
0.75
0.8
0.7
0.7833333333333333
0.8
0.8
0.8
0.8
0.8000000000000002
0.8
0.8
0.8000000000000002
0.8000000000000002
0.8000000000000002
0.8
0.8
0.8
0.8
0.8
0.75
0.7833333333333333
0.8000000000000002
0.7428571428571429
0.8000000000000002
0.8000000000000002
0.8
0.8
0.8
0.8
0.8
0.8
0.8000000000000002
0.8
0.8
0.8000000000000002
0.75
0.7428571428571429
0.8000000000000002
0.8000000000000002
0.8
0.7714285714285715
0.7666666666666666
0.8
0.8
0.8
0.75
0.75
0.8
0.7833333333333333
0.6999999999999998
0.8
0.8
0.8
0.8
0.8
0.8
0.8
0.8000000000000002
0.8000000000000002
0.8000000000000002
0.8000000000000002
0.7833333333333333
0.75
0.8
0.8
0.8000000000000002
0.8000000000000002
0.8000000000000002
0.8
0.7833333333333333
0.6999999999999998
0.8
0.8
0.7
0.78
0.8
0.8
0.7333333333333334
0.8000000000000002
0.8000000000000002
0.8
0.7571428571428571
0.7571428571428571
0.7571428571428571
0.8
0.7666666666666666
0.7
0.7
0.7333333333333334
0.75
0.7571428571428571
0.7666666666666666
0.7666666666666666
0.8
0.8
0.8
0.8
0.8
0.8
0.7333333333333334
0.75
0.8000000000000002
0.8000000000000002
0.8000000000000002
0.7428571428571429
0.75
0.8
0.8000000000000002
0.7333333333333334
0.7333333333333334
0.8
0.8
0.8
0.75
0.75
0.7666666666666666
0.8000000000000002
0.8000000000000002
0.8
0.8000000000000002
0.8
0.8000000000000002
0.7571428571428571
0.74
0.7666666666666666
0.7666666666666666
0.8
0.8
0.8
0.8000000000000002
0.8
0.75
0.7333333333333334
0.7833333333333333
0.7833333333333333
0.7
0.7857142857142857
0.8
0.7333333333333334
0.7571428571428571
0.8
0.8
0.8000000000000002
0.7285714285714285
0.7333333333333334
0.7333333333333334
0.7666666666666666
0.7714285714285715
0.8000000000000002
0.8
0.7714285714285715
0.7714285714285715
0.7714285714285715
0.8000000000000002
0.7571428571428571
0.7857142857142857
0.8
0.8
0.8000000000000002
0.8
0.75
0.8
0.8
0.8000000000000002
0.8
0.74
0.74
0.8
0.7857142857142857
0.74
0.74
0.8
0.8
0.8
0.8
0.8
0.8
0.8
0.8
0.8
0.7666666666666666
0.7
0.7666666666666666
0.8
0.7571428571428571
0.78
0.8
0.7
0.7428571428571429
0.8000000000000002
0.7428571428571429
0.8
0.8
0.8
0.8
0.8
0.8
0.7333333333333334
0.8
0.8
0.7571428571428571
0.75
0.8000000000000002
0.8
0.7428571428571429
0.8000000000000002
0.7571428571428571
0.7333333333333334
0.8
0.8000000000000002
0.8
0.8
0.8
0.8
0.8
0.8000000000000002
0.7714285714285715
0.7285714285714285
0.8
0.8000000000000002
0.75
0.7285714285714285
0.8000000000000002
0.7428571428571429
0.7666666666666666
0.7833333333333333
0.8000000000000002
0.75
0.8
0.8000000000000002
0.8142857142857143
0.8333333333333334
0.8000000000000002
0.7571428571428571
0.8000000000000002
0.75
0.8
0.7333333333333334
0.75
0.8
0.7571428571428571
0.7833333333333333
0.8000000000000002
0.7571428571428571
0.7333333333333334
0.7333333333333334
0.72
0.78
0.78
0.78
0.8
0.7571428571428571
0.7285714285714285
0.8
0.8
0.75
0.8
0.8
0.7428571428571429
0.7571428571428571
0.8000000000000002
0.8000000000000002
0.8000000000000002
0.8000000000000002
0.8
0.8000000000000002
0.8000000000000002
0.75
0.8
0.8
0.8000000000000002
0.8
0.8000000000000002
0.8
0.8
0.8
0.7714285714285715
0.7833333333333333
0.8000000000000002
0.7428571428571429
0.7714285714285715
0.6999999999999998
0.8
0.8
0.8
0.7333333333333334
0.8000000000000002
0.8
0.7428571428571429
0.8000000000000002
0.7166666666666667
0.7166666666666667
0.8
0.8000000000000002
0.8
0.8
0.8
0.8
0.8
0.8000000000000002
0.8
0.8000000000000002
0.8000000000000002
0.8000000000000002
0.8
0.8000000000000002
0.7333333333333334
0.7428571428571429
0.8000000000000002
0.8000000000000002
0.8
0.8000000000000002
0.8000000000000002
0.8000000000000002
0.8000000000000002
0.7428571428571429
0.75
0.7666666666666666
0.7666666666666666
0.7666666666666666
0.8
0.7428571428571429
0.6999999999999998
0.8
0.8
0.8000000000000002
0.8
0.8000000000000002
0.8
0.8000000000000002
0.8
0.7428571428571429
0.8000000000000002
0.8
0.7428571428571429
0.8000000000000002
0.7285714285714285
0.8
0.8
0.8
0.8000000000000002
0.7428571428571429
0.7571428571428571
0.7428571428571429
0.7333333333333334
0.8000000000000002
0.8000000000000002
0.7666666666666666
0.75
0.6999999999999998
0.7
0.7
0.8
0.8
0.8
0.8000000000000002
0.8
0.7333333333333334
0.75
0.8
0.8
0.8
0.7428571428571429
0.7714285714285715
0.7714285714285715
0.8000000000000002
0.7428571428571429
0.8000000000000002
0.8
0.8
0.8
0.7428571428571429
0.8
0.8000000000000002
0.7428571428571429
0.8000000000000002
0.8000000000000002
0.8000000000000002
0.8
0.8
0.8000000000000002
0.8000000000000002
0.8
0.75
0.8000000000000002
0.8
0.8000000000000002
0.8000000000000002
0.8
0.7428571428571429
0.8
0.7428571428571429
0.8
0.8
0.8
0.8
0.6999999999999998
0.7857142857142857
0.7333333333333334
0.8
0.7428571428571429
0.8000000000000002
0.8
0.8
0.8000000000000002
0.8000000000000002
0.7333333333333334
0.8
0.7428571428571429
0.7833333333333333
0.7571428571428571
0.8
0.7428571428571429
0.8000000000000002
0.8000000000000002
0.8000000000000002
0.8
0.8
0.8000000000000002
0.8000000000000002
0.7571428571428571
0.8000000000000002
0.7428571428571429
0.8000000000000002
0.75
0.7833333333333333
0.75
0.8
0.8000000000000002
0.8
0.8
0.8
0.8
0.8
0.8000000000000002
0.8000000000000002
0.7428571428571429
0.7428571428571429
0.8
0.8
0.8
0.8
0.8
0.8000000000000002
0.8000000000000002
0.7428571428571429
0.8000000000000002
0.7333333333333334
0.75
0.8
0.8
0.8
0.8
0.8000000000000002
0.8000000000000002
0.8
0.7428571428571429
0.7428571428571429
0.8
0.8
0.8
0.8
0.8
0.8
0.7428571428571429
0.8000000000000002
0.74
0.72
0.8
0.8000000000000002
0.6999999999999998
0.7833333333333333
0.7857142857142857
0.75
0.8000000000000002
0.7833333333333333
0.7833333333333333
0.7833333333333333
0.7833333333333333
0.7666666666666666
0.7571428571428571
0.8000000000000002
0.7142857142857143
0.7166666666666667
0.8
0.8000000000000002
0.8000000000000002
0.8000000000000002
0.8000000000000002
0.8000000000000002
0.8
0.8
0.8
0.8000000000000002
0.7285714285714285
0.7666666666666666
0.8
0.8
0.7428571428571429
0.7333333333333334
0.75
0.8
0.8
0.8000000000000002
0.8000000000000002
0.8
0.7
0.7571428571428571
0.75
0.75
0.8
0.8
0.8000000000000002
0.75
0.7142857142857143
0.7571428571428571
0.74
0.74
0.8
0.8
0.8
0.8000000000000002
0.8000000000000002
0.8000000000000002
0.7714285714285715
0.75
0.75
0.8
0.7166666666666667
0.7714285714285715
0.8000000000000002
0.7428571428571429
0.75
0.75
0.8
0.7333333333333334
0.8
0.8
0.8000000000000002
0.8000000000000002
0.8
0.8000000000000002
0.7571428571428571
0.7571428571428571
0.8000000000000002
0.7833333333333333
0.7
0.8
0.8000000000000002
0.74
0.74
0.8000000000000002
0.8
0.8
0.8000000000000002
0.7428571428571429
0.8
0.75
0.7142857142857143
0.7142857142857143
0.7142857142857143
0.8
0.8000000000000002
0.8000000000000002
0.8
0.8
0.7333333333333334
0.8
0.8
0.7428571428571429
0.8000000000000002
0.7666666666666666
0.7666666666666666
0.75
0.8
0.8
0.75
0.7571428571428571
0.7833333333333333
0.8
0.78
0.78
0.78
0.78
0.7571428571428571
0.7
0.8000000000000002
0.8
0.74
0.74
0.8
0.7333333333333334
0.8
0.8000000000000002
0.75
0.7857142857142857
0.8000000000000002
0.8000000000000002
0.8000000000000002
0.8000000000000002
0.7428571428571429
0.8000000000000002
0.7428571428571429
0.7666666666666666
0.7666666666666666
0.8000000000000002
0.8
0.8
0.8
0.8000000000000002
0.8
0.8000000000000002
0.7666666666666666
0.7428571428571429
0.7666666666666666
0.8
0.8000000000000002
0.8
0.8
0.7833333333333333
0.75
0.76
0.8
0.8000000000000002
0.8000000000000002
0.8000000000000002
0.8000000000000002
0.7166666666666667
0.7833333333333333
0.7333333333333334
0.8000000000000002
0.8
0.8
0.8
0.8
0.8
0.8
0.7857142857142857
0.75
0.7166666666666667
0.7166666666666667
0.8
0.8000000000000002
0.8000000000000002
0.7833333333333333
0.7833333333333333
0.8
0.8
0.8
0.8000000000000002
0.8
0.7666666666666666
0.7571428571428571
0.7833333333333333
0.8
0.8
0.8
0.7428571428571429
0.8
0.75
0.8
0.7333333333333334
0.7571428571428571
0.8000000000000002
0.75
0.75
0.8
0.7333333333333334
0.8
0.8
0.8
0.8000000000000002
0.7333333333333334
0.7333333333333334
0.8000000000000002
0.8
0.8
0.6999999999999998
0.78
0.6999999999999998
0.8
0.8000000000000002
0.8000000000000002
0.8
0.8000000000000002
0.8
0.8
0.8000000000000002
0.8
0.74
0.74
0.8
0.8
0.7714285714285715
0.72
0.72
0.8
0.8000000000000002
0.8
0.8000000000000002
0.8000000000000002
0.8000000000000002
0.8000000000000002
0.8000000000000002
0.8000000000000002
0.8000000000000002
0.8000000000000002
0.8000000000000002
0.8000000000000002
0.8000000000000002
0.8000000000000002
0.8000000000000002
0.8000000000000002
0.8
0.8
0.8
0.74
0.74
0.74
0.74
0.8000000000000002
0.8
0.8000000000000002
0.8000000000000002
0.7666666666666666
0.7666666666666666
0.8
0.8
0.8000000000000002
0.7428571428571429
0.725
0.725
0.8000000000000002
0.8
0.7833333333333333
0.7833333333333333
0.8
0.8
0.8
0.8
0.8000000000000002
0.8000000000000002
0.8
0.8
0.8
0.8
0.8000000000000002
0.75
0.8
0.8000000000000002
0.75
0.75
0.8000000000000002
0.8
0.8000000000000002
0.8000000000000002
0.8
0.8
0.8
0.8000000000000002
0.8000000000000002
0.76
0.76
0.76
0.7428571428571429
0.76
0.76
0.76
0.8000000000000002
0.8000000000000002
0.8
0.8
0.8
0.7428571428571429
0.725
0.725
0.8
0.8
0.8
0.7428571428571429
0.8000000000000002
0.8000000000000002
0.8
0.75
0.8
0.8
0.8
0.8000000000000002
0.8
0.8000000000000002
0.8000000000000002
0.8
0.8
0.8000000000000002
0.8
0.8
0.8
0.7
0.7571428571428571
0.7666666666666666
0.7666666666666666
0.7666666666666666
0.7
0.75
0.8
0.8
0.8
0.7428571428571429
0.7428571428571429
0.7428571428571429
0.75
0.75
0.8
0.8
0.8
0.8
0.8
0.8
0.8
0.8
0.8
0.8
0.7833333333333333
0.76
0.76
0.8
0.7166666666666667
0.725
0.725
0.8
0.8000000000000002
0.7428571428571429
0.8
0.7666666666666666
0.7833333333333333
0.8
0.8
0.8
0.8
0.78
0.7666666666666666
0.8000000000000002
0.75
0.8
0.8
0.8
0.7857142857142857
0.75
0.75
0.76
0.6999999999999998
0.8
0.7428571428571429
0.8000000000000002
0.8
0.8
0.8000000000000002
0.8000000000000002
0.8000000000000002
0.8
0.8000000000000002
0.74
0.74
0.8
0.8000000000000002
0.8000000000000002
0.8000000000000002
0.8
0.8
0.7833333333333333
0.725
0.725
0.75
0.74
0.74
0.7
0.6999999999999998
0.6999999999999998
0.6999999999999998
0.6999999999999998
0.6999999999999998
0.7666666666666666
0.75
0.8000000000000002
0.8
0.8
0.8
0.8
0.7571428571428571
0.8
0.8
0.8
0.8
0.8
0.7714285714285715
0.7666666666666666
0.7666666666666666
0.8000000000000002
0.7428571428571429
0.7857142857142857
0.7571428571428571
0.7333333333333334
0.7333333333333334
0.7333333333333334
0.8000000000000002
0.8
0.8
0.8
0.8
0.8000000000000002
0.8000000000000002
0.8
0.8
0.8
0.8
0.8000000000000002
0.8000000000000002
0.8
0.8
0.8
0.8000000000000002
0.8000000000000002
0.8000000000000002
0.8
0.8
0.775
0.775
0.8
0.8
0.8
0.8
0.8
0.8
0.8
0.8
0.7571428571428571
0.78
0.78
0.8000000000000002
0.6999999999999998
0.7571428571428571
0.6999999999999998
0.8
0.8
0.8000000000000002
0.8000000000000002
0.8
0.8000000000000002
0.8
0.8
0.8
0.8
0.8
0.72
0.8
0.8
0.8
0.8000000000000002
0.7428571428571429
0.7833333333333333
0.8
0.7428571428571429
0.8000000000000002
0.8000000000000002
0.8
0.8
0.8
0.8
0.78
0.7428571428571429
0.7428571428571429
0.7
0.7833333333333333
0.7833333333333333
0.8
0.8
0.8
0.8
0.8
0.6999999999999998
0.8
0.8
0.8
0.75
0.8
0.8000000000000002
0.7428571428571429
0.8000000000000002
0.8000000000000002
0.8000000000000002
0.8
0.8
0.8000000000000002
0.8
0.8
0.8
0.8
0.8
0.8000000000000002
0.8000000000000002
0.8000000000000002
0.8
0.8
0.75
0.8000000000000002
0.8000000000000002
0.8
0.8
0.7714285714285715
0.75
0.75
0.8
0.8
0.8
0.8
0.8
0.7666666666666666
0.7666666666666666
0.8
0.8
0.8
0.8
0.8
0.8000000000000002
0.8000000000000002
0.8000000000000002
0.8
0.8000000000000002
0.8000000000000002
0.7
0.7428571428571429
0.8000000000000002
0.8000000000000002
0.8000000000000002
0.8
0.8
0.8
0.8000000000000002
0.8000000000000002
0.8000000000000002
0.8
0.8
0.8000000000000002
0.8000000000000002
0.8
0.8000000000000002
0.8000000000000002
0.7333333333333334
0.8
0.8
0.8
0.8000000000000002
0.8
0.8
0.8000000000000002
0.8
0.8
0.8
0.8
0.8
0.7666666666666666
0.7666666666666666
0.8
0.8
0.8
0.75
0.75
0.7571428571428571
0.7857142857142857
0.8
0.8
0.8
0.76
0.7142857142857143
0.7142857142857143
0.7142857142857143
0.8000000000000002
0.7714285714285715
0.7714285714285715
0.8000000000000002
0.8000000000000002
0.8000000000000002
0.8000000000000002
0.8
0.8000000000000002
0.8000000000000002
0.7
0.7666666666666666
0.8
0.8
0.8
0.8000000000000002
0.8
0.8
0.8
0.8
0.8
0.7333333333333334
0.7714285714285715
0.8
0.8
0.8000000000000002
0.8000000000000002
0.75
0.7857142857142857
0.8000000000000002
0.8000000000000002
0.8000000000000002
0.8
0.8
0.8000000000000002
0.7428571428571429
0.7428571428571429
0.775
0.775
0.775
0.8000000000000002
0.8
0.8
0.8000000000000002
0.8
0.8
0.7666666666666666
0.75
0.75
0.8
0.8000000000000002
0.8000000000000002
0.8
0.8
0.8000000000000002
0.9
0.9
0.86
0.86
0.8
0.8
0.8
0.8
0.8000000000000002
0.7428571428571429
0.8000000000000002
0.8
0.8000000000000002
0.8000000000000002
0.7857142857142857
0.7857142857142857
0.7857142857142857
0.8
0.8
0.8
0.8000000000000002
0.8000000000000002
0.8
0.8
0.8000000000000002
0.7833333333333333
0.7833333333333333
0.8
0.8000000000000002
0.8000000000000002
0.8000000000000002
0.8000000000000002
0.8000000000000002
0.8000000000000002
0.8
0.8
0.8
0.75
0.75
0.8
0.8000000000000002
0.8
0.7
0.7714285714285715
0.8
0.8
0.76
0.7142857142857143
0.8
0.8
0.74
0.8000000000000002
0.7833333333333333
0.7
0.75
0.75
0.7666666666666666
0.7666666666666666
0.8
0.8
0.8000000000000002
0.7571428571428571
0.7833333333333333
0.7833333333333333
0.8
0.8
0.8
0.78
0.7
0.8
0.78
0.7142857142857143
0.8000000000000002
0.7714285714285715
0.7666666666666666
0.75
0.75
0.74
0.8
0.8
0.8
0.8
0.8000000000000002
0.8
0.8000000000000002
0.8
0.7571428571428571
0.8000000000000002
0.7333333333333334
0.7333333333333334
0.8
0.8000000000000002
0.7833333333333333
0.7285714285714285
0.8000000000000002
0.8
0.8000000000000002
0.7875000000000001
0.6999999999999998
0.8000000000000002
0.8000000000000002
0.8
0.8000000000000002
0.8
0.8
0.7571428571428571
0.78
0.8000000000000002
0.725
0.725
0.8
0.8
0.8
0.8
0.8000000000000002
0.8000000000000002
0.7571428571428571
0.7857142857142857
0.8
0.8000000000000002
0.7714285714285715
0.7857142857142857
0.76
0.76
0.8
0.7333333333333334
0.8
0.8000000000000002
0.8
0.8000000000000002
0.8000000000000002
0.8000000000000002
0.8000000000000002
0.8
0.8
0.8
0.7333333333333334
0.7666666666666666
0.8
0.7714285714285715
0.75
0.7
0.8
0.8
0.8
0.8
0.7333333333333334
0.7
0.7
0.8000000000000002
0.7285714285714285
0.6999999999999998
0.7666666666666666
0.8
0.8
0.8
0.8
0.8
0.8
0.8
0.8
0.8000000000000002
0.8000000000000002
0.8
0.7333333333333334
0.8
0.8
0.8
0.8
0.8000000000000002
0.8
0.8
0.8
0.8
0.8
0.8
0.8
0.8
0.8
0.8
0.8000000000000002
0.7
0.7
0.7285714285714285
0.7428571428571429
0.8
0.75
0.7666666666666666
0.7833333333333333
0.8000000000000002
0.8
0.8
0.76
0.7571428571428571
0.8
0.75
0.75
0.8
0.775
0.775
0.74
0.8000000000000002
0.7
0.7833333333333333
0.7857142857142857
0.6999999999999998
0.8000000000000002
0.8
0.7857142857142857
0.7
0.7857142857142857
0.8000000000000002
0.8
0.7857142857142857
0.75
0.7714285714285715
0.7166666666666667
0.8
0.8
0.8
0.72
0.72
0.8
0.8
0.8
0.8
0.8
0.8
0.76
0.76
0.8
0.75
0.75
0.7428571428571429
0.8
0.8
0.8
0.8
0.8000000000000002
0.8
0.8000000000000002
0.8
0.8000000000000002
0.7857142857142857
0.7857142857142857
0.7857142857142857
0.7714285714285715
0.7166666666666667
0.7571428571428571
0.8000000000000002
0.8
0.8000000000000002
0.7428571428571429
0.8000000000000002
0.7166666666666667
0.7
0.7
0.8
0.75
0.8000000000000002
0.7571428571428571
0.8
0.8
0.75
0.8
0.7428571428571429
0.8000000000000002
0.8000000000000002
0.7
0.7
0.7333333333333334
0.8
0.8
0.8
0.8
0.8000000000000002
0.8000000000000002
0.7857142857142857
0.6999999999999998
0.7571428571428571
0.7833333333333333
0.8000000000000002
0.76
0.76
0.8
0.7428571428571429
0.7333333333333334
0.8
0.8
0.8
0.8
0.8
0.8
0.8
0.7666666666666666
0.7714285714285715
0.7714285714285715
0.7714285714285715
0.8
0.7833333333333333
0.7666666666666666
0.8
0.7666666666666666
0.7166666666666667
0.8000000000000002
0.8000000000000002
0.75
0.75
0.7333333333333334
0.6999999999999998
0.7571428571428571
0.7833333333333333
0.8000000000000002
0.8
0.8
0.8000000000000002
0.7571428571428571
0.8
0.8
0.8
0.75
0.75
0.75
0.7
0.7
0.7
0.725
0.75
0.7857142857142857
0.8000000000000002
0.7285714285714285
0.7
0.775
0.775
0.8
0.8000000000000002
0.8000000000000002
0.7571428571428571
0.8000000000000002
0.8000000000000002
0.8
0.8000000000000002
0.8
0.7428571428571429
0.8000000000000002
0.7714285714285715
0.7166666666666667
0.75
0.75
0.7
0.7571428571428571
0.76
0.8
0.7833333333333333
0.7333333333333334
0.7333333333333334
0.8
0.7285714285714285
0.8000000000000002
0.8
0.7571428571428571
0.8000000000000002
0.8
0.75
0.8000000000000002
0.8000000000000002
0.7428571428571429
0.8000000000000002
0.75
0.7833333333333333
0.8000000000000002
0.8
0.75
0.7142857142857143
0.8000000000000002
0.8000000000000002
0.8
0.8
0.8
0.8
0.8
0.8
0.8
0.7833333333333333
0.7833333333333333
0.7833333333333333
0.7666666666666666
0.7833333333333333
0.8000000000000002
0.8
0.7666666666666666
0.7666666666666666
0.7666666666666666
0.7666666666666666
0.775
0.75
0.75
0.8
0.7571428571428571
0.7666666666666666
0.7
0.7833333333333333
0.7833333333333333
0.8
0.7428571428571429
0.8
0.8
0.8
0.8000000000000002
0.8
0.8
0.8
0.8000000000000002
0.8000000000000002
0.7666666666666666
0.7666666666666666
0.7666666666666666
0.8000000000000002
0.7428571428571429
0.8
0.8
0.8
0.7166666666666667
0.7833333333333333
0.7857142857142857
0.6999999999999998
0.7833333333333333
0.7833333333333333
0.8
0.7571428571428571
0.8000000000000002
0.8
0.8
0.8
0.8000000000000002
0.8000000000000002
0.8000000000000002
0.8000000000000002
0.7333333333333334
0.7333333333333334
0.7333333333333334
0.8
0.8
0.7333333333333334
0.7285714285714285
0.6999999999999998
0.7333333333333334
0.7333333333333334
0.8
0.8
0.75
0.75
0.8000000000000002
0.7857142857142857
0.6999999999999998
0.75
0.8000000000000002
0.8000000000000002
0.8
0.8
0.8
0.8
0.75
0.75
0.775
0.8
0.8000000000000002
0.8
0.8000000000000002
0.7666666666666666
0.8000000000000002
0.7428571428571429
0.7666666666666666
0.7571428571428571
0.7666666666666666
0.7571428571428571
0.75
0.75
0.8
0.75
0.75
0.75
0.7833333333333333
0.7
0.7
0.7
0.7714285714285715
0.8
0.8
0.8
0.8
0.8
0.8
0.8
0.7833333333333333
0.75
0.75
0.8
0.7857142857142857
0.725
0.725
0.8
0.8000000000000002
0.8000000000000002
0.7
0.7
0.8
0.8
0.8
0.8000000000000002
0.8
0.8
0.8
0.8
0.8
0.74
0.74
0.8
0.8
0.8
0.8
0.8
0.8
0.8000000000000002
0.8000000000000002
0.8000000000000002
0.8000000000000002
0.7428571428571429
0.775
0.775
0.7
0.7857142857142857
0.8000000000000002
0.7428571428571429
0.8000000000000002
0.8
0.7833333333333333
0.7428571428571429
0.8
0.7714285714285715
0.7714285714285715
0.8000000000000002
0.8
0.7714285714285715
0.7666666666666666
0.8
0.7666666666666666
0.72
0.8000000000000002
0.8000000000000002
0.8
0.7333333333333334
0.8000000000000002
0.8
0.78
0.7
0.78
0.8
0.8000000000000002
0.8
0.8000000000000002
0.8
0.8
0.8
0.75
0.7428571428571429
0.7428571428571429
0.7428571428571429
0.8000000000000002
0.8
0.8000000000000002
0.8
0.8
0.8
0.7333333333333334
0.7333333333333334
0.6999999999999998
0.7
0.7
0.7666666666666666
0.75
0.8
0.8
0.8000000000000002
0.8000000000000002
0.8
0.8000000000000002
0.7714285714285715
0.7714285714285715
0.8000000000000002
0.8000000000000002
0.8
0.7333333333333334
0.7666666666666666
0.8000000000000002
0.8000000000000002
0.8000000000000002
0.775
0.75
0.8
0.8
0.8000000000000002
0.8
0.8
0.8
0.8000000000000002
0.8000000000000002
0.8000000000000002
0.8000000000000002
0.8
0.8
0.74
0.725
0.725
0.8
0.8000000000000002
0.8
0.7333333333333334
0.7166666666666667
0.8000000000000002
0.8000000000000002
0.8000000000000002
0.8
0.7833333333333333
0.75
0.7571428571428571
0.7833333333333333
0.8
0.7428571428571429
0.8
0.8000000000000002
0.8
0.76
0.8
0.8
0.8
0.8000000000000002
0.8
0.8
0.8000000000000002
0.8000000000000002
0.7333333333333334
0.7666666666666666
0.7166666666666667
0.7166666666666667
0.8
0.8000000000000002
0.8000000000000002
0.8
0.8
0.8
0.8000000000000002
0.8000000000000002
0.8000000000000002
0.8000000000000002
0.7285714285714285
0.7428571428571429
0.8
0.8
0.8
0.8
0.8000000000000002
0.775
0.775
0.8000000000000002
0.8000000000000002
0.8000000000000002
0.8000000000000002
0.75
0.8
0.8
0.8
0.8
0.8
0.8
0.7428571428571429
0.7666666666666666
0.7714285714285715
0.8
0.75
0.8
0.8
0.8
0.8
0.8
0.775
0.7625
0.7666666666666666
0.7666666666666666
0.7666666666666666
0.8
0.8000000000000002
0.7666666666666666
0.7666666666666666
0.8
0.9
0.9
0.7999999999999999
0.7666666666666666
0.725
0.725
0.75
0.7666666666666666
0.7428571428571429
0.7714285714285715
0.75
0.75
0.725
0.7
0.7571428571428571
0.7666666666666666
0.7571428571428571
0.7857142857142857
0.7857142857142857
0.7857142857142857
0.8000000000000002
0.8000000000000002
0.8
0.8
0.8
0.8
0.8000000000000002
0.8
0.8
0.8
0.8000000000000002
0.8000000000000002
0.8
0.8
0.8
0.8
0.8
0.8
0.8
0.8
0.8
0.8
0.8
0.8
0.8
0.8
0.8
0.8
0.75
0.7285714285714285
0.75
0.75
0.75
0.75
0.8
0.8
0.8
0.7857142857142857
0.7666666666666666
0.8000000000000002
0.7571428571428571
0.75
0.8
0.8
0.74
0.75
0.75
0.75
0.75
0.75
0.8
0.8
0.8000000000000002
0.8000000000000002
0.8
0.8
0.75
0.75
0.75
0.76
0.76
0.8
0.7428571428571429
0.7428571428571429
0.7428571428571429
0.76
0.7666666666666666
0.7666666666666666
0.8
0.8
0.8
0.72
0.72
0.8
0.8
0.8
0.8
0.8000000000000002
0.8000000000000002
0.8000000000000002
0.775
0.775
0.725
0.8
0.8
0.8
0.7714285714285715
0.76
0.76
0.8
0.7428571428571429
0.7714285714285715
0.7571428571428571
0.7571428571428571
0.7571428571428571
0.7285714285714285
0.7857142857142857
0.6999999999999998
0.6999999999999998
0.7
0.7571428571428571
0.8
0.8
0.8000000000000002
0.8000000000000002
0.8000000000000002
0.7333333333333334
0.8000000000000002
0.7428571428571429
0.8000000000000002
0.8
0.75
0.75
0.8
0.8
0.8000000000000002
0.7666666666666666
0.75
0.75
0.8
0.725
0.725
0.8000000000000002
0.8000000000000002
0.8000000000000002
0.8000000000000002
0.75
0.7714285714285715
0.8000000000000002
0.8000000000000002
0.8
0.8
0.8
0.8000000000000002
0.8
0.76
0.76
0.8
0.8
0.8000000000000002
0.8000000000000002
0.8000000000000002
0.8
0.7666666666666666
0.7714285714285715
0.7666666666666666
0.7666666666666666
0.75
0.75
0.8000000000000002
0.8
0.8
0.8
0.8
0.8
0.8
0.8000000000000002
0.8000000000000002
0.7666666666666666
0.7666666666666666
0.7666666666666666
0.75
0.8
0.7333333333333334
0.8
0.8
0.7333333333333334
0.76
0.76
0.8000000000000002
0.7
0.8
0.8
0.76
0.76
0.76
0.8000000000000002
0.8
0.75
0.8
0.8
0.7833333333333333
0.75
0.75
0.8000000000000002
0.8000000000000002
0.8000000000000002
0.7571428571428571
0.7857142857142857
0.7833333333333333
0.7833333333333333
0.7
0.7857142857142857
0.8
0.8
0.8
0.7333333333333334
0.7333333333333334
0.8
0.8000000000000002
0.7333333333333334
0.8000000000000002
0.8
0.8
0.725
0.7857142857142857
0.8
0.8
0.8
0.725
0.725
0.8
0.8
0.8000000000000002
0.8
0.8
0.8
0.8000000000000002
0.8000000000000002
0.8
0.8
0.8
0.8
0.8
0.8000000000000002
0.8000000000000002
0.8000000000000002
0.8
0.75
0.8
0.8
0.72
0.8000000000000002
0.7428571428571429
0.8000000000000002
0.8
0.8
0.8
0.7428571428571429
0.7428571428571429
0.7428571428571429
0.8
0.8
0.8
0.8
0.8
0.8
0.8
0.75
0.8
0.725
0.725
0.8
0.7428571428571429
0.7714285714285715
0.7833333333333333
0.8
0.8
0.8
0.8000000000000002
0.8000000000000002
0.8000000000000002
0.8
0.7571428571428571
0.7142857142857143
0.8
0.8
0.8
0.8000000000000002
0.8
0.8
0.8
0.8
0.8000000000000002
0.8000000000000002
0.8
0.8
0.8
0.8
0.8
0.8
0.775
0.775
0.8
0.7857142857142857
0.76
0.76
0.8
0.8
0.7428571428571429
0.8000000000000002
0.8000000000000002
0.75
0.7571428571428571
0.75
0.8
0.8
0.8000000000000002
0.8
0.8
0.8
0.7
0.7333333333333334
0.7333333333333334
0.8
0.8
0.8000000000000002
0.8000000000000002
0.8
0.8000000000000002
0.8000000000000002
0.8000000000000002
0.8000000000000002
0.8
0.8
0.8
0.78
0.78
0.8
0.75
0.8
0.8000000000000002
0.8000000000000002
0.8000000000000002
0.8000000000000002
0.8
0.8000000000000002
0.7857142857142857
0.7142857142857143
0.7428571428571429
0.7428571428571429
0.8
0.8
0.8
0.8
0.76
0.78
0.78
0.8
0.6999999999999998
0.74
0.74
0.7
0.7571428571428571
0.7714285714285715
0.8
0.8
0.8
0.7333333333333334
0.8000000000000002
0.7428571428571429
0.8
0.8
0.8
0.7333333333333334
0.8000000000000002
0.74
0.74
0.8
0.7833333333333333
0.7833333333333333
0.7833333333333333
0.75
0.75
0.75
0.72
0.7142857142857143
0.8
0.75
0.8000000000000002
0.8
0.8000000000000002
0.7666666666666666
0.7333333333333334
0.9
0.9
0.8400000000000001
0.8
0.7428571428571429
0.7571428571428571
0.8
0.8
0.8
0.8000000000000002
0.8
0.8000000000000002
0.8000000000000002
0.8
0.8
0.8000000000000002
0.75
0.8
0.8
0.8000000000000002
0.8000000000000002
0.8
0.75
0.7714285714285715
0.7666666666666666
0.7428571428571429
0.7571428571428571
0.75
0.75
0.8
0.8000000000000002
0.8
0.8000000000000002
0.8000000000000002
0.8
0.8
0.8
0.8
0.8
0.7571428571428571
0.7333333333333333
0.7666666666666666
0.8
0.7714285714285715
0.7166666666666667
0.8
0.8000000000000002
0.8
0.8
0.8
0.75
0.8000000000000002
0.8
0.7666666666666666
0.7666666666666666
0.7666666666666666
0.7428571428571429
0.7428571428571429
0.7428571428571429
0.7833333333333333
0.7142857142857143
0.8000000000000002
0.8000000000000002
0.7857142857142857
0.7666666666666666
0.8
0.7428571428571429
0.7428571428571429
0.8
0.8
0.7428571428571429
0.8000000000000002
0.8
0.8000000000000002
0.8
0.7285714285714285
0.8
0.8
0.8
0.8
0.8000000000000002
0.8000000000000002
0.8
0.8
0.8
0.8
0.8
0.8
0.7333333333333334
0.7571428571428571
0.7
0.75
0.75
0.8
0.8
0.8
0.8
0.8
0.7428571428571429
0.7571428571428571
0.8
0.7333333333333334
0.8000000000000002
0.7571428571428571
0.72
0.7333333333333334
0.75
0.7571428571428571
0.8000000000000002
0.7857142857142857
0.7428571428571429
0.8
0.8
0.8
0.8
0.8000000000000002
0.8
0.8
0.8000000000000002
0.8
0.7333333333333334
0.7333333333333334
0.8
0.8
0.8
0.8
0.8
0.8
0.8000000000000002
0.8000000000000002
0.7833333333333333
0.7428571428571429
0.8
0.8
0.8
0.8000000000000002
0.775
0.775
0.775
0.7
0.75
0.75
0.8
0.7857142857142857
0.7333333333333334
0.7333333333333334
0.8
0.7285714285714285
0.75
0.7333333333333334
0.7857142857142857
0.725
0.725
0.8000000000000002
0.7857142857142857
0.75
0.75
0.72
0.72
0.7
0.8
0.8000000000000002
0.8000000000000002
0.8000000000000002
0.8
0.8000000000000002
0.8000000000000002
0.8
0.8
0.8
0.8
0.8000000000000002
0.8
0.8
0.8
0.72
0.7666666666666666
0.7714285714285715
0.8000000000000002
0.8
0.8
0.7666666666666666
0.7666666666666666
0.7333333333333334
0.8000000000000002
0.8000000000000002
0.8000000000000002
0.8
0.8
0.7833333333333333
0.7142857142857143
0.8000000000000002
0.8000000000000002
0.8
0.8000000000000002
0.7428571428571429
0.7571428571428571
0.8
0.8000000000000002
0.8000000000000002
0.75
0.75
0.8
0.8
0.8
0.8
0.8
0.8
0.8
0.8
0.8
0.8
0.8
0.75
0.8
0.8
0.8000000000000002
0.7333333333333334
0.8
0.8000000000000002
0.8000000000000002
0.8
0.7166666666666667
0.75
0.75
0.75
0.75
0.8
0.8
0.8
0.8
0.74
0.8
0.72
0.7166666666666667
0.7375
0.7428571428571429
0.6999999999999998
0.725
0.8
0.8
0.75
0.75
0.7
0.7
0.75
0.8000000000000002
0.8
0.8
0.8
0.8
0.8
0.8000000000000002
0.8
0.8
0.8
0.8
0.8000000000000002
0.8
0.8
0.8
0.8
0.7428571428571429
0.8000000000000002
0.7571428571428571
0.74
0.8
0.75
0.75
0.8
0.8
0.8
0.8
0.8
0.8
0.78
0.7
0.7
0.8000000000000002
0.7428571428571429
0.8000000000000002
0.8000000000000002
0.8
0.8
0.8
0.775
0.7
0.7666666666666666
0.7714285714285715
0.8
0.8
0.74
0.7
0.7
0.8
0.8
0.8
0.7857142857142857
0.74
0.8
0.8000000000000002
0.76
0.76
0.8
0.8000000000000002
0.8000000000000002
0.8000000000000002
0.8
0.7833333333333333
0.7666666666666666
0.8000000000000002
0.8
0.8
0.8
0.8
0.8
0.8
0.7333333333333334
0.7857142857142857
0.7571428571428571
0.7571428571428571
0.7571428571428571
0.78
0.7571428571428571
0.75
0.7166666666666667
0.7166666666666667
0.8
0.8
0.8000000000000002
0.78
0.78
0.7
0.7666666666666666
0.8
0.7428571428571429
0.8000000000000002
0.7
0.7666666666666666
0.7142857142857143
0.75
0.8
0.7166666666666667
0.7166666666666667
0.7166666666666667
0.7166666666666667
0.8
0.8
0.7428571428571429
0.7333333333333334
0.8
0.8
0.8
0.8
0.8000000000000002
0.8
0.8
0.8
0.8
0.8
0.8
0.76
0.7833333333333333
0.7833333333333333
0.7833333333333333
0.74
0.7285714285714285
0.75
0.8000000000000002
0.8000000000000002
0.8
0.8
0.8
0.75
0.75
0.8
0.8
0.8
0.78
0.8
0.7142857142857143
0.7857142857142857
0.8000000000000002
0.8
0.7666666666666666
0.7666666666666666
0.8
0.8
0.8000000000000002
0.8
0.8
0.7333333333333334
0.7
0.8000000000000002
0.8000000000000002
0.8000000000000002
0.8
0.8000000000000002
0.8000000000000002
0.7833333333333333
0.7333333333333334
0.7333333333333334
0.7333333333333334
0.7666666666666666
0.8
0.8
0.8
0.8000000000000002
0.8
0.8000000000000002
0.7428571428571429
0.8000000000000002
0.8
0.7333333333333334
0.7571428571428571
0.8000000000000002
0.7666666666666666
0.7666666666666666
0.8
0.8
0.7571428571428571
0.8000000000000002
0.8
0.8000000000000002
0.8000000000000002
0.8000000000000002
0.8000000000000002
0.8000000000000002
0.8000000000000002
0.8000000000000002
0.7571428571428571
0.8
0.8
0.7666666666666666
0.7714285714285715
0.8000000000000002
0.8
0.8000000000000002
0.8000000000000002
0.8
0.8
0.8
0.8000000000000002
0.8000000000000002
0.8000000000000002
0.8000000000000002
0.8
0.8000000000000002
0.7333333333333334
0.7333333333333334
0.7333333333333334
0.7666666666666666
0.75
0.75
0.8
0.8
0.8
0.8000000000000002
0.8
0.75
0.8
0.7428571428571429
0.75
0.75
0.8000000000000002
0.8000000000000002
0.8000000000000002
0.8000000000000002
0.8
0.8
0.8
0.8
0.8000000000000002
0.8000000000000002
0.8000000000000002
0.8000000000000002
0.7666666666666666
0.7666666666666666
0.7666666666666666
0.8
0.8
0.8
0.8000000000000002
0.8000000000000002
0.8000000000000002
0.8000000000000002
0.8
0.7857142857142857
0.7571428571428571
0.8000000000000002
0.8000000000000002
0.8000000000000002
0.8
0.8
0.7571428571428571
0.7833333333333333
0.8
0.8000000000000002
0.75
0.8
0.8
0.8000000000000002
0.8000000000000002
0.8000000000000002
0.8000000000000002
0.8000000000000002
0.7333333333333334
0.7333333333333334
0.8
0.8
0.8000000000000002
0.7714285714285715
0.7
0.7
0.7666666666666666
0.7833333333333333
0.8000000000000002
0.8
0.8
0.8
0.8
0.8
0.8
0.78
0.7666666666666666
0.75
0.8000000000000002
0.8000000000000002
0.8
0.8
0.8
0.8
0.8
0.8
0.8
0.8
0.8
0.8000000000000002
0.8000000000000002
0.7333333333333334
0.75
0.7
0.7
0.8
0.8
0.8
0.8
0.8
0.7333333333333334
0.6999999999999998
0.8000000000000002
0.8000000000000002
0.6999999999999998
0.6999999999999998
0.8
0.8000000000000002
0.7428571428571429
0.8000000000000002
0.8000000000000002
0.8
0.8
0.75
0.7666666666666666
0.7714285714285715
0.8
0.8
0.8
0.8
0.8
0.8
0.7428571428571429
0.8
0.7428571428571429
0.8
0.8000000000000002
0.8000000000000002
0.8
0.8
0.8
0.8
0.8
0.8
0.8
0.8
0.8000000000000002
0.8
0.8
0.8
0.8
0.8
0.8
0.8
0.8
0.8
0.8
0.7333333333333334
0.7333333333333334
0.8
0.8
0.8
0.8
0.8
0.7
0.74
0.8
0.8
0.7666666666666666
0.7666666666666666
0.6999999999999998
0.7857142857142857
0.7857142857142857
0.7428571428571429
0.7428571428571429
0.7428571428571429
0.7142857142857143
0.8
0.8
0.7333333333333334
0.7833333333333333
0.7571428571428571
0.75
0.7666666666666666
0.7833333333333333
0.8000000000000002
0.8
0.8
0.8
0.8
0.8
0.8
0.8
0.8
0.8
0.8
0.8
0.8000000000000002
0.8
0.7142857142857143
0.7571428571428571
0.8000000000000002
0.75
0.75
0.8
0.75
0.75
0.75
0.75
0.75
0.75
0.75
0.75
0.75
0.74
0.7857142857142857
0.8
0.8
0.8000000000000002
0.8
0.8000000000000002
0.8166666666666668
0.8166666666666668
0.8166666666666668
0.8000000000000002
0.7666666666666666
0.7666666666666666
0.8000000000000002
0.8000000000000002
0.8
0.8000000000000002
0.8
0.8
0.8
0.7
0.7571428571428571
0.7571428571428571
0.8
0.8
0.8
0.8000000000000002
0.7571428571428571
0.8
0.8
0.8
0.8
0.775
0.725
0.725
0.725
0.725
0.7
0.7714285714285715
0.8000000000000002
0.8
0.7428571428571429
0.7428571428571429
0.7428571428571429
0.7428571428571429
0.8
0.8
0.8000000000000002
0.7428571428571429
0.8000000000000002
0.8000000000000002
0.8
0.8
0.8
0.8000000000000002
0.8
0.8
0.8
0.8
0.8
0.8
0.8
0.8000000000000002
0.8000000000000002
0.7428571428571429
0.75
0.75
0.75
0.8
0.8
0.8000000000000002
0.75
0.8
0.8
0.8
0.7714285714285715
0.7714285714285715
0.8000000000000002
0.8
0.8
0.8
0.8000000000000002
0.8000000000000002
0.8000000000000002
0.8
0.7857142857142857
0.75
0.7714285714285715
0.7571428571428571
0.7666666666666666
0.78
0.78
0.8
0.8
0.8
0.8
0.8
0.8
0.8
0.7333333333333334
0.8
0.8
0.8000000000000002
0.7571428571428571
0.72
0.72
0.8000000000000002
0.8000000000000002
0.8000000000000002
0.8000000000000002
0.8
0.75
0.75
0.75
0.7333333333333334
0.8000000000000002
0.7857142857142857
0.7857142857142857
0.7
0.7666666666666666
0.8
0.8
0.8
0.8
0.8
0.8
0.8
0.8
0.8
0.8
0.75
0.7
0.7
0.76
0.7571428571428571
0.8
0.8
0.8
0.7833333333333333
0.7833333333333333
0.8
0.8
0.8
0.76
0.7333333333333334
0.7333333333333334
0.8
0.8
0.8
0.8000000000000002
0.8000000000000002
0.8000000000000002
0.8000000000000002
0.8000000000000002
0.8000000000000002
0.75
0.8
0.8
0.8
0.8
0.8
0.8
0.8
0.8
0.74
0.7428571428571429
0.7
0.7333333333333334
0.7333333333333334
0.8
0.8
0.8
0.8000000000000002
0.8000000000000002
0.8000000000000002
0.8000000000000002
0.8000000000000002
0.8000000000000002
0.8
0.8
0.8
0.8
0.8
0.8
0.8
0.8
0.8
0.8
0.8000000000000002
0.78
0.78
0.78
0.7
0.8000000000000002
0.8
0.8
0.8
0.8000000000000002
0.8000000000000002
0.8
0.8
0.8
0.8
0.7714285714285715
0.7714285714285715
0.8000000000000002
0.8000000000000002
0.8
0.8000000000000002
0.7857142857142857
0.7142857142857143
0.8000000000000002
0.7714285714285715
0.7833333333333333
0.8
0.8
0.8
0.8000000000000002
0.8
0.8
0.8
0.8
0.75
0.7666666666666666
0.8
0.8
0.8
0.8
0.8
0.8
0.8
0.7666666666666666
0.7666666666666666
0.8
0.7333333333333334
0.7333333333333334
0.8
0.8000000000000002
0.8
0.8
0.7
0.7
0.7
0.7857142857142857
0.8000000000000002
0.8000000000000002
0.775
0.75
0.75
0.8
0.8
0.8
0.8
0.8
0.7333333333333334
0.8000000000000002
0.8
0.8
0.8
0.7666666666666666
0.8
0.8
0.8
0.7333333333333334
0.7333333333333334
0.7333333333333334
0.8
0.8
0.8
0.8
0.8142857142857143
0.7571428571428571
0.7
0.75
0.8
0.8
0.8000000000000002
0.8000000000000002
0.8000000000000002
0.7428571428571429
0.8
0.75
0.7428571428571429
0.7666666666666666
0.7666666666666666
0.725
0.8
0.8000000000000002
0.7142857142857143
0.7666666666666666
0.7142857142857143
0.7428571428571429
0.7
0.7
0.72
0.72
0.72
0.7428571428571429
0.7571428571428571
0.8000000000000002
0.8000000000000002
0.8
0.7333333333333334
0.72
0.72
0.6999999999999998
0.7666666666666666
0.7666666666666666
0.7666666666666666
0.7166666666666667
0.7285714285714285
0.8000000000000002
0.7571428571428571
0.72
0.72
0.8
0.8
0.7666666666666666
0.7
0.7
0.8
0.7714285714285715
0.7
0.7
0.7
0.72
0.72
0.8
0.7571428571428571
0.8
0.8
0.8
0.8
0.8
0.8
0.8
0.8
0.78
0.78
0.8
0.8
0.8
0.8000000000000002
0.7333333333333334
0.7333333333333334
0.7
0.7
0.8
0.8
0.8
0.8000000000000002
0.8
0.8
0.8
0.8
0.7
0.7714285714285715
0.7571428571428571
0.7
0.75
0.7142857142857143
0.7428571428571429
0.7428571428571429
0.7428571428571429
0.7285714285714285
0.8000000000000002
0.7428571428571429
0.7714285714285715
0.8
0.8
0.8
0.8
0.75
0.8000000000000002
0.7333333333333334
0.7166666666666667
0.7428571428571429
0.8
0.8
0.8
0.7333333333333334
0.6999999999999998
0.8
0.8
0.7857142857142857
0.7666666666666666
0.7428571428571429
0.8
0.8
0.8
0.8
0.8000000000000002
0.8
0.8
0.8
0.7333333333333334
0.8000000000000002
0.7333333333333334
0.7428571428571429
0.7714285714285715
0.76
0.76
0.8
0.7714285714285715
0.7666666666666666
0.7666666666666666
0.8
0.8
0.8
0.8
0.8
0.75
0.7285714285714285
0.8
0.8
0.8
0.8000000000000002
0.7428571428571429
0.7571428571428571
0.7857142857142857
0.7333333333333334
0.7571428571428571
0.7571428571428571
0.7571428571428571
0.7571428571428571
0.775
0.75
6.071428571428571
6.071428571428571
6.071428571428571
37.1
37.457142857142856
37.028571428571425
37.48333333333333
37.15
37.019999999999996
37.41428571428571
36.785714285714285
37.46666666666667
37.03333333333333
36.92857142857143
37.25
36.6
36.6
37.03333333333333
36.63333333333333
37.4
37.4
36.6
36.5
37.35
37.35
37.35
36.699999999999996
36.53333333333333
36.53333333333333
37.3
37.3
36.3
36.5
36.95
36.61666666666667
36.912499999999994
37.0
36.5
36.5
36.5
36.6
37.233333333333334
36.61666666666667
36.528571428571425
37.38
37.38
36.5
37.279999999999994
37.279999999999994
35.9
36.93333333333333
36.542857142857144
37.25714285714286
36.65
37.0
37.233333333333334
36.699999999999996
36.84285714285714
37.1
36.5
37.3
36.68333333333333
36.57142857142857
37.37142857142857
36.82
36.84285714285714
37.25
36.4
37.0
37.300000000000004
36.5
37.4
37.019999999999996
36.949999999999996
37.54
36.88
36.88
37.45
36.550000000000004
37.53333333333333
37.53333333333333
37.53333333333333
37.53333333333333
36.839999999999996
37.166666666666664
37.333333333333336
36.65
37.6
36.98333333333333
38.05
38.05
37.25
37.214285714285715
36.957142857142856
37.300000000000004
36.228571428571435
36.55
36.55
36.55
36.7
37.0
36.699999999999996
36.67999999999999
36.67999999999999
38.0
37.016666666666666
37.31666666666667
37.45
38.2
38.2
37.6
36.94285714285714
37.2
37.2
37.25
37.25
37.614285714285714
36.54
36.54
37.9
36.84285714285714
37.36666666666667
37.733333333333334
36.4
36.4
37.9
37.15714285714286
36.949999999999996
36.8
36.8
37.12
37.028571428571425
37.67142857142857
37.44285714285714
37.31666666666667
37.5
37.17142857142857
37.01666666666667
37.01666666666667
37.01666666666667
37.08571428571429
37.37142857142857
37.15
37.15
36.93333333333333
37.199999999999996
36.96666666666667
37.5
36.75
36.75
37.239999999999995
37.239999999999995
37.239999999999995
36.8
37.766666666666666
36.92857142857143
37.214285714285715
37.483333333333334
37.483333333333334
36.4
37.52
37.52
37.52
37.583333333333336
37.016666666666666
37.56666666666667
37.56666666666667
36.800000000000004
37.28
37.28
36.4
37.0
37.0
37.975
36.9
37.471428571428575
37.24285714285714
37.285714285714285
37.55
36.8
36.8
38.3
38.083333333333336
36.82857142857143
37.5
36.65
37.3
37.46666666666667
37.46666666666667
38.3
37.36666666666667
37.48571428571429
37.46666666666667
37.5
37.5
37.28
37.25
37.31428571428571
36.85
37.55714285714286
37.385714285714286
37.07142857142857
37.300000000000004
37.300000000000004
36.93333333333334
37.6
37.6
36.72
37.699999999999996
37.699999999999996
37.699999999999996
37.4
37.4
36.73333333333333
37.43333333333334
36.666666666666664
38.3
37.875
37.875
38.4
37.1
37.0
37.0
37.15
37.68
37.214285714285715
37.550000000000004
37.43333333333333
38.5
38.5
37.8
37.233333333333334
37.583333333333336
37.17142857142857
37.57142857142857
37.6
37.185714285714276
38.5
38.5
37.260000000000005
37.666666666666664
37.87142857142857
37.14
37.48571428571428
37.65
37.05714285714286
37.75714285714286
37.833333333333336
37.53333333333334
37.53333333333334
38.1
37.1
37.4
37.271428571428565
37.1
37.785714285714285
37.300000000000004
37.300000000000004
37.57142857142857
36.971428571428575
37.5
37.08
37.08
36.5
37.52
36.9
36.9
37.36
37.739999999999995
37.739999999999995
37.739999999999995
37.0
37.75
36.6
36.6
38.1
37.4
37.4
37.8
37.31428571428571
37.75
37.75
37.75
37.75
37.5
37.5
37.8
37.68333333333333
37.25
37.25
37.2
37.728571428571435
37.166666666666664
37.34285714285714
37.85
37.01428571428571
37.642857142857146
37.91428571428571
37.285714285714285
37.6
37.557142857142864
37.1
37.68333333333333
36.6
36.6
36.6
37.48
37.36666666666667
37.31428571428571
37.833333333333336
37.833333333333336
37.05
37.2
37.2
36.775
37.8
37.028571428571425
37.528571428571425
37.73333333333333
37.371428571428574
37.82857142857143
37.050000000000004
37.050000000000004
38.1
37.58571428571429
37.4
37.4
37.4
37.06666666666666
37.81428571428571
37.56666666666667
37.18333333333333
37.542857142857144
37.75714285714286
37.32857142857143
37.32857142857143
38.2
37.099999999999994
37.099999999999994
37.9
38.14
37.128571428571426
37.65
37.5
37.15
37.550000000000004
37.63333333333333
37.371428571428574
37.65714285714285
37.55
37.55
37.0
37.58
37.58
37.23333333333333
38.03333333333333
38.03333333333333
36.7
37.68333333333334
37.128571428571426
37.614285714285714
37.666666666666664
37.260000000000005
38.6
38.6
37.166666666666664
37.85
36.8
36.8
38.06666666666667
37.614285714285714
37.35
37.699999999999996
37.699999999999996
37.025
37.65714285714286
37.166666666666664
37.5
37.9
37.114285714285714
37.114285714285714
37.114285714285714
37.53333333333334
37.76
38.4
38.4
37.9
37.9
38.4
37.51428571428572
37.75
37.51428571428572
37.31666666666666
37.76666666666667
37.42857142857143
37.574999999999996
37.574999999999996
38.125
37.26666666666667
37.55
37.628571428571426
37.03333333333333
37.839999999999996
37.839999999999996
38.4
37.6
37.699999999999996
37.75714285714286
37.449999999999996
37.675
37.160000000000004
37.160000000000004
37.160000000000004
37.3
37.31428571428571
37.31428571428571
37.31428571428571
36.94285714285714
37.65
37.699999999999996
37.699999999999996
37.699999999999996
37.699999999999996
37.13333333333333
37.13333333333333
37.13333333333333
37.13333333333333
37.08
37.6
37.57142857142857
36.95
37.628571428571426
37.15714285714286
37.1
37.1
38.1
37.400000000000006
37.400000000000006
37.38
37.17142857142857
37.766666666666666
37.25
37.166666666666664
37.449999999999996
37.0
37.0
37.3
37.357142857142854
37.28
37.63333333333333
37.63333333333333
37.300000000000004
37.9
36.8
36.8
37.96666666666666
36.7
36.7
37.65
36.96666666666667
36.96666666666667
38.4
37.06666666666666
37.06666666666666
37.9
36.9
36.9
37.9
36.983333333333334
37.285714285714285
37.35
37.35
37.0
37.5
36.9
36.8
36.8
37.12
38.0
38.0
38.0
37.75
37.18
37.53333333333333
37.53333333333333
37.1
37.53333333333333
37.057142857142864
37.057142857142864
37.4
37.2
37.2
38.4
36.88
36.88
37.65
36.980000000000004
38.3
38.3
37.3
37.2
37.65
37.06666666666667
37.06666666666667
38.019999999999996
36.9
37.15
37.15
37.325
37.442857142857136
37.74
37.74
37.1
37.65
37.55
37.55
38.4
36.949999999999996
37.357142857142854
37.25
37.25
37.25
37.2
37.2
38.1
37.06666666666667
37.3
37.3
37.8
37.4
37.4
37.4
37.285714285714285
37.8
37.8
37.075
37.528571428571425
37.41428571428571
37.31666666666667
37.519999999999996
37.519999999999996
36.7
37.516666666666666
37.0
37.0
37.65
37.4
37.4
36.9
37.1
37.1
37.1
37.62
37.1
37.5
37.72
37.15
37.85
37.85
37.23333333333333
37.614285714285714
37.614285714285714
37.614285714285714
37.22
37.4
37.4
37.34
37.833333333333336
37.550000000000004
37.300000000000004
37.1
37.1
37.449999999999996
37.38333333333333
36.7
36.7
37.1
37.1
37.800000000000004
37.028571428571425
38.5
38.5
37.26666666666667
38.075
38.075
38.4
37.8
37.8
37.371428571428574
37.285714285714285
37.56666666666667
37.449999999999996
37.614285714285714
37.385714285714286
37.714285714285715
37.714285714285715
37.714285714285715
37.542857142857144
37.17142857142857
37.233333333333334
37.233333333333334
37.233333333333334
37.13333333333333
37.76666666666667
37.76666666666667
38.025
37.15
37.666666666666664
37.550000000000004
37.550000000000004
36.9
36.9
36.9
37.028571428571425
37.699999999999996
37.22
37.22
37.4
37.1
37.1
37.625
37.625
37.625
37.4
36.6
36.6
38.0
38.0
38.0
38.0
38.0
38.0
37.199999999999996
37.771428571428565
37.65
38.4
38.4
37.78
37.34285714285714
38.0
38.0
38.0
38.0
38.0
38.0
37.6
37.542857142857144
37.35
37.35
38.3
37.0
37.63333333333333
37.625
36.96666666666667
37.87142857142857
37.5
37.03333333333333
37.699999999999996
37.25
37.06666666666667
37.13333333333333
37.13333333333333
36.775000000000006
36.775000000000006
36.775000000000006
36.88
37.980000000000004
37.980000000000004
36.5
37.699999999999996
37.15
37.15
37.68
37.128571428571426
37.128571428571426
37.128571428571426
37.128571428571426
37.128571428571426
37.099999999999994
37.3
36.5
36.5
37.779999999999994
37.779999999999994
37.779999999999994
37.599999999999994
37.5
37.5
36.7
37.4
37.4
37.4
36.6
37.32857142857143
37.028571428571425
37.199999999999996
37.457142857142856
37.300000000000004
37.300000000000004
37.349999999999994
37.349999999999994
37.349999999999994
37.7
37.13333333333333
37.285714285714285
37.385714285714286
36.4
36.4
37.375
37.35
37.349999999999994
37.349999999999994
37.6
37.6
36.75
37.57142857142857
37.15
37.56666666666667
37.56666666666667
37.2
37.2
37.31428571428571
36.5
36.5
37.36666666666667
36.5
36.5
37.625
37.425
37.15
37.15
37.3
36.699999999999996
37.442857142857136
37.1
37.1
37.1
37.1
37.7
37.51666666666667
37.6
36.857142857142854
38.2
38.2
36.5
37.542857142857144
37.559999999999995
36.8
36.78333333333333
36.78333333333333
36.78333333333333
37.13333333333333
37.13333333333333
37.13333333333333
37.1
37.333333333333336
36.4
36.4
37.0
38.3
38.3
38.3
38.3
37.1
37.1
36.6
37.02
37.02
37.1
37.339999999999996
37.339999999999996
37.1
37.21666666666667
37.21666666666667
37.2
37.371428571428574
37.21666666666667
37.1
37.1
36.5
37.44285714285714
37.300000000000004
37.15
38.3
38.3
36.94
37.65
36.949999999999996
37.36666666666667
37.5
36.800000000000004
37.2
37.2
37.2
37.2
37.64
37.08571428571429
37.62857142857143
36.875
36.875
37.9
36.7
36.7
36.8
37.61666666666667
37.61666666666667
36.3
37.5
37.15714285714286
37.4
37.4
38.2
37.56666666666667
37.56666666666667
38.0
36.6
36.6
37.775
36.8
38.0
38.0
36.9
37.019999999999996
38.0
38.0
36.5
37.51428571428572
37.51428571428572
37.51428571428572
37.528571428571425
36.675
36.675
37.55
37.142857142857146
37.08571428571429
37.239999999999995
37.239999999999995
37.0
37.449999999999996
36.98
36.98
37.3
37.4
37.4
37.4
37.4
37.1
36.4
36.4
36.56666666666666
37.2
37.2
36.6
36.6
36.6
37.666666666666664
37.25
36.73333333333333
37.31666666666667
36.975
37.15
37.31428571428571
37.03333333333333
37.449999999999996
36.81428571428571
37.016666666666666
36.9
36.9
36.9
37.25714285714286
36.871428571428574
37.7
37.7
37.05
37.28333333333333
36.3
36.3
37.583333333333336
36.92857142857143
36.699999999999996
36.3
36.3
38.0
38.0
37.3
36.4
36.4
36.98333333333333
36.98333333333333
36.98333333333333
37.3
37.3
37.58
36.75
37.275
37.275
36.8
36.8
36.8
36.8
36.6
37.9
37.9
36.93333333333333
36.93333333333333
37.2
37.4
36.9
36.9
37.3
36.86666666666667
37.166666666666664
37.166666666666664
37.1
37.357142857142854
36.9
36.9
37.25
37.25
38.0
38.0
38.0
38.0
38.0
38.2
38.2
37.05
37.2
37.2
36.87142857142857
37.800000000000004
37.2
37.2
37.62
38.1
38.1
37.46666666666667
36.833333333333336
36.833333333333336
36.833333333333336
36.699999999999996
37.839999999999996
37.839999999999996
37.0
37.0
37.0
37.15
37.15
37.15
37.03333333333333
37.03333333333333
37.03333333333333
37.03333333333333
37.53333333333333
36.9
37.11666666666667
36.93333333333334
36.93333333333334
36.8
36.8
36.8
37.0
37.519999999999996
36.771428571428565
37.44
37.15
37.050000000000004
37.050000000000004
37.3
37.9
37.9
37.68
36.949999999999996
37.528571428571425
36.95
37.333333333333336
36.3
36.3
37.35
37.333333333333336
36.766666666666666
37.57142857142857
37.1
37.07142857142857
37.199999999999996
36.949999999999996
37.4
37.4
36.88
37.550000000000004
37.114285714285714
37.03333333333333
37.800000000000004
36.699999999999996
37.34285714285714
36.88
36.88
37.0
36.98333333333333
37.01428571428572
37.550000000000004
36.800000000000004
37.44
37.43333333333333
36.68571428571429
36.68571428571429
36.68571428571429
36.9
37.3
37.3
36.92
37.36666666666667
36.82857142857143
37.4
37.1
36.800000000000004
37.8
37.8
36.650000000000006
37.1
36.84285714285715
37.5
37.5
36.5
37.4
37.4
37.4
37.4
37.125
37.1
36.9
37.4
37.4
36.666666666666664
37.76666666666667
36.71666666666666
38.0
38.0
37.2
37.128571428571426
36.4
36.4
37.3
36.666666666666664
36.666666666666664
36.666666666666664
36.666666666666664
36.666666666666664
37.2
37.1
36.7
36.7
36.94
37.31428571428571
37.31428571428571
37.31428571428571
37.266666666666666
37.442857142857136
38.3
38.3
36.3
36.3
37.42
37.357142857142854
37.1
37.65
37.21666666666667
37.016666666666666
37.557142857142864
37.15714285714286
37.1
37.51428571428572
36.85
37.375
37.375
36.875
37.349999999999994
37.349999999999994
37.300000000000004
37.3
37.3
37.18
37.199999999999996
37.54285714285714
36.849999999999994
37.5
37.5
37.5
37.72
37.72
37.4
37.528571428571425
37.25
37.0
37.77142857142858
36.98571428571429
37.300000000000004
37.733333333333334
37.34285714285714
37.43333333333333
37.5
37.07142857142857
37.1
37.1
37.2
37.63333333333333
37.35
36.9
38.0
38.0
36.8
37.65
37.75
37.17142857142857
37.666666666666664
37.666666666666664
37.766666666666666
37.51428571428571
37.714285714285715
37.48571428571428
37.199999999999996
37.68571428571429
36.92
37.25
37.68571428571429
37.45
37.45
37.36666666666667
37.36666666666667
36.9
37.699999999999996
37.32857142857143
37.36666666666667
37.53333333333333
36.833333333333336
38.4
38.4
36.983333333333334
37.699999999999996
37.214285714285715
37.18333333333333
37.75714285714286
37.233333333333334
36.957142857142856
37.760000000000005
36.833333333333336
37.5
36.75
37.06
37.06
37.05
37.199999999999996
37.480000000000004
37.480000000000004
37.45
37.357142857142854
38.0
38.0
37.05
37.699999999999996
37.300000000000004
37.41428571428571
37.41428571428571
36.7
37.739999999999995
37.1
36.93333333333333
37.75
37.1
37.38333333333333
37.699999999999996
37.166666666666664
37.166666666666664
37.65
37.72857142857142
37.1
37.72857142857142
37.583333333333336
37.32857142857143
37.86666666666667
37.42857142857143
37.28333333333333
37.28333333333333
37.28333333333333
37.28333333333333
37.1
37.56666666666666
37.199999999999996
37.31666666666666
37.93333333333333
37.285714285714285
37.24285714285714
37.81666666666667
37.300000000000004
37.714285714285715
37.6
37.25
37.25
37.25
37.6
37.56666666666667
37.766666666666666
36.96666666666667
37.88333333333333
37.0
37.214285714285715
37.760000000000005
36.949999999999996
37.36666666666667
37.35
37.199999999999996
37.4
37.728571428571435
37.01428571428572
36.9
36.9
37.14
37.557142857142864
37.75714285714286
37.07142857142857
37.22857142857142
37.46666666666667
37.083333333333336
37.6
37.550000000000004
36.94
37.239999999999995
37.53333333333333
37.4
37.4
37.48
37.214285714285715
37.4
37.3
37.1
37.1
38.2
37.25714285714286
37.457142857142856
37.0
37.0
36.9
36.9
36.9
36.8
37.800000000000004
36.9
37.416666666666664
37.416666666666664
37.416666666666664
36.5
37.5
36.857142857142854
37.9
37.9
37.1
37.84285714285714
37.84285714285714
37.84285714285714
37.68571428571429
36.833333333333336
37.785714285714285
37.46666666666667
37.285714285714285
37.86666666666667
36.9
37.6
37.31428571428571
37.050000000000004
37.800000000000004
37.300000000000004
37.675
37.675
37.5
37.75
37.228571428571435
37.25
37.25
37.25
37.44
37.699999999999996
37.12857142857143
37.833333333333336
37.5
36.96666666666667
37.833333333333336
36.7
36.7
37.5
37.21666666666667
37.666666666666664
37.449999999999996
37.333333333333336
37.333333333333336
37.94
37.1
37.5
37.5
37.3
37.471428571428575
37.3
37.857142857142854
37.13333333333333
37.5
37.5
37.075
37.739999999999995
37.739999999999995
37.739999999999995
37.766666666666666
37.019999999999996
37.68571428571429
37.63333333333333
37.03333333333333
36.728571428571435
37.85
37.5
37.25
37.528571428571425
37.43333333333333
37.24285714285714
37.9
38.2
38.2
37.78
37.24285714285714
37.483333333333334
36.8
36.8
37.42857142857143
37.61666666666667
37.114285714285714
37.614285714285714
37.699999999999996
37.300000000000004
37.85
36.7
36.7
37.02
37.36666666666667
37.833333333333336
37.13333333333333
37.13333333333333
37.13333333333333
37.714285714285715
37.142857142857146
37.72
37.72
38.5
37.628571428571426
37.75
37.57142857142857
37.18333333333334
37.8
37.271428571428565
37.06666666666667
37.61666666666667
37.32857142857143
38.0
38.0
37.35
37.542857142857144
37.85
37.0
37.733333333333334
37.199999999999996
37.65
37.65
37.9
37.142857142857146
37.800000000000004
37.266666666666666
37.371428571428574
37.9
37.050000000000004
37.58571428571429
37.728571428571435
37.35
37.41428571428572
37.68571428571429
37.199999999999996
37.775
37.775
37.1
37.6
37.666666666666664
37.666666666666664
37.440000000000005
37.81428571428571
37.050000000000004
37.050000000000004
38.5
37.199999999999996
37.199999999999996
37.6
36.93333333333334
37.542857142857144
37.63333333333333
37.050000000000004
37.449999999999996
37.471428571428575
37.300000000000004
37.96666666666667
37.13333333333333
37.13333333333333
37.13333333333333
37.5
37.45
37.76666666666667
37.56666666666666
37.56666666666666
37.56666666666666
37.23333333333333
37.23333333333333
36.7
37.02
37.58571428571429
37.542857142857144
37.6
37.6
37.800000000000004
37.228571428571435
37.800000000000004
37.57142857142857
37.13333333333333
37.61666666666667
37.56
37.56
36.7
37.31428571428571
37.35
37.583333333333336
37.583333333333336
36.6
37.57142857142857
36.833333333333336
37.949999999999996
37.949999999999996
36.4
37.785714285714285
37.03333333333333
37.53333333333333
36.4
36.4
38.083333333333336
38.083333333333336
38.083333333333336
37.6
37.6
37.6
38.083333333333336
38.083333333333336
36.8
37.13333333333333
37.56666666666667
37.36666666666667
36.833333333333336
37.84285714285714
37.75714285714286
37.42857142857143
37.82000000000001
37.31428571428571
37.228571428571435
37.916666666666664
37.199999999999996
37.07142857142857
38.0
36.8
36.8
37.8
36.81666666666667
37.642857142857146
37.642857142857146
37.642857142857146
37.44
37.44
37.7
37.519999999999996
37.519999999999996
37.275
37.35
37.35
37.35
37.339999999999996
37.2
37.2
37.114285714285714
36.6
36.6
38.2
38.2
36.6
37.54
37.54
37.8
37.58571428571429
36.6
36.6
37.3
37.457142857142856
37.15
37.92857142857143
37.92857142857143
37.92857142857143
37.785714285714285
36.75
36.75
38.4
38.4
36.9
37.699999999999996
37.699999999999996
37.699999999999996
37.699999999999996
37.699999999999996
37.699999999999996
37.699999999999996
37.699999999999996
37.699999999999996
37.699999999999996
37.699999999999996
37.699999999999996
37.699999999999996
37.699999999999996
37.699999999999996
37.699999999999996
37.699999999999996
37.699999999999996
37.699999999999996
37.699999999999996
37.699999999999996
37.699999999999996
37.699999999999996
38.4
37.275
37.4
37.4
37.75
37.75
36.9
37.58571428571429
37.300000000000004
37.300000000000004
38.4
38.4
37.48571428571428
37.18333333333334
37.18333333333334
37.18333333333334
37.25
37.114285714285714
37.714285714285715
36.771428571428565
37.800000000000004
36.86
36.86
36.86
37.8
37.333333333333336
37.480000000000004
37.480000000000004
37.0
36.92
36.92
37.15
37.15
37.15
37.56
37.4
37.4
36.5
36.5
38.2
38.2
37.6
37.371428571428574
37.41428571428571
37.41428571428571
37.7
36.81666666666667
36.81666666666667
36.9
36.9
36.9
38.1
38.1
38.1
37.05
37.4
37.4
36.771428571428565
38.019999999999996
38.019999999999996
37.0
37.4
37.4
37.8
37.7
37.7
36.66
37.34285714285714
37.34285714285714
37.34285714285714
37.34285714285714
37.75
36.81428571428571
36.81428571428571
36.81428571428571
37.1
37.4
37.4
36.86
37.68571428571429
36.7
36.7
37.660000000000004
37.199999999999996
37.199999999999996
37.75
36.925
36.925
37.56666666666666
36.9
37.76666666666667
37.228571428571435
37.114285714285714
37.81666666666666
37.050000000000004
37.6
37.65714285714286
37.2
37.2
37.75
37.028571428571425
37.36666666666667
37.442857142857136
37.0
37.0
37.8
37.5
37.5
37.76666666666667
37.220000000000006
37.57142857142857
36.86666666666667
36.86666666666667
36.86666666666667
38.1
38.1
37.6
37.6
37.7
37.285714285714285
38.3
38.3
36.86
37.65
37.65
37.3
37.642857142857146
37.528571428571425
37.1
37.1
37.775
37.050000000000004
37.839999999999996
37.839999999999996
36.8
37.699999999999996
37.699999999999996
36.6
37.885714285714286
36.825
36.825
37.46666666666667
37.4
37.4
37.43333333333333
37.43333333333333
37.9
36.857142857142854
37.233333333333334
37.166666666666664
36.56666666666667
37.8
37.8
36.55
36.800000000000004
36.800000000000004
37.15
37.15
37.0
37.5
36.857142857142854
37.6
37.6
36.642857142857146
38.1
38.1
37.0
37.32857142857143
36.95
37.31666666666667
37.233333333333334
36.98571428571428
36.3
36.3
38.0
38.0
37.0
37.6
36.800000000000004
37.457142857142856
37.457142857142856
37.457142857142856
37.199999999999996
37.0
37.275
37.275
36.5
37.53333333333333
37.53333333333333
37.53333333333333
37.8
37.8
36.58
36.58
36.58
36.1
37.357142857142854
36.88333333333333
37.13333333333333
36.714285714285715
36.714285714285715
36.714285714285715
37.06
36.98571428571429
36.7
37.457142857142856
37.0
37.23333333333333
36.72
36.72
36.4
37.1
36.93333333333333
37.416666666666664
37.416666666666664
37.416666666666664
37.07142857142857
37.0
37.0
37.0
36.949999999999996
37.266666666666666
36.95
37.2
37.2
36.733333333333334
36.733333333333334
36.733333333333334
38.0
38.0
36.95
37.5
36.84285714285715
36.800000000000004
37.03333333333333
37.03333333333333
38.1
38.1
36.1
37.25714285714286
36.9
36.8
36.8
37.3
37.333333333333336
37.333333333333336
36.6
36.6
37.65
36.916666666666664
37.43333333333333
37.01428571428572
37.55
37.55
36.5
36.5
36.5
36.5
37.14
37.300000000000004
36.7
36.7
37.339999999999996
36.971428571428575
37.4
36.93333333333334
37.625
37.625
36.2
36.2
36.2
37.175
37.15
37.15
36.4
37.4
36.61666666666667
37.166666666666664
37.300000000000004
37.46
36.64
36.64
37.3
36.92857142857143
37.1
37.35
36.440000000000005
37.08
37.17142857142857
36.699999999999996
37.15
37.15
37.53333333333333
37.199999999999996
37.199999999999996
37.23333333333333
37.1
37.1
38.2
37.3
37.3
37.8
36.93333333333333
37.46666666666667
37.042857142857144
36.839999999999996
37.65714285714286
36.983333333333334
37.55714285714286
37.55
36.699999999999996
37.35
36.3
36.3
37.86
37.199999999999996
37.17142857142857
37.4
37.4
36.75
37.1
36.82857142857143
37.266666666666666
37.53333333333333
36.699999999999996
37.733333333333334
36.8
36.8
37.559999999999995
37.21666666666667
37.45
37.45
37.53333333333333
37.53333333333333
37.53333333333333
37.166666666666664
37.15
37.6
36.88333333333333
36.833333333333336
37.614285714285714
36.942857142857136
36.983333333333334
37.9
37.9
36.4
37.483333333333334
37.483333333333334
37.483333333333334
37.385714285714286
37.03333333333333
37.03333333333333
37.03333333333333
37.35
37.35
36.8
37.199999999999996
37.160000000000004
37.05
37.05
38.2
37.0
37.416666666666664
37.14
37.0
37.36666666666667
37.36666666666667
37.36666666666667
37.55
36.86
36.86
37.9
37.199999999999996
37.06666666666667
36.5
36.5
36.5
36.8
36.95
37.2
37.0
37.0
36.95
37.449999999999996
36.857142857142854
37.6
37.6
36.8
36.8
37.3
36.98333333333333
37.1
37.4
37.028571428571425
36.98571428571429
37.239999999999995
37.239999999999995
36.5
36.971428571428575
37.425
37.425
37.4
37.35
37.35
37.5
37.5
37.35
36.57142857142857
37.56666666666667
36.85
37.166666666666664
37.128571428571426
36.45
36.45
37.3
36.957142857142856
37.43333333333333
36.760000000000005
36.760000000000005
38.0
36.771428571428565
37.5
37.5
36.720000000000006
37.05714285714286
36.82857142857143
37.333333333333336
37.028571428571425
37.050000000000004
37.34285714285714
36.800000000000004
37.3
37.43333333333333
36.74285714285714
37.7
37.7
36.46
36.5
36.5
36.98
37.1
37.114285714285714
36.65
37.08
37.08
37.2
37.4
36.800000000000004
37.15
37.15
36.55
36.55
36.55
36.5
37.5
36.800000000000004
37.08
37.05
37.05
37.2
37.1
36.666666666666664
37.5
36.92857142857143
36.916666666666664
36.980000000000004
36.980000000000004
36.2
37.266666666666666
36.550000000000004
37.3
36.91428571428571
37.08571428571429
37.449999999999996
36.81428571428571
37.15714285714286
37.4
36.75
37.52857142857143
37.0
37.0
37.5
37.016666666666666
37.3
37.3
37.3
37.25714285714286
37.41428571428572
37.385714285714286
37.03333333333333
37.43333333333334
37.271428571428565
37.042857142857144
37.266666666666666
37.228571428571435
37.075
37.075
37.400000000000006
36.957142857142856
37.36666666666667
37.06666666666667
36.96666666666667
37.52857142857143
37.1
37.271428571428565
36.3
36.3
37.32
37.06666666666667
36.833333333333336
37.48571428571429
36.85
37.34285714285714
36.9
36.9
36.9
36.9
37.083333333333336
37.542857142857144
37.1
37.0
37.166666666666664
36.75
37.36666666666667
36.81428571428571
37.214285714285715
37.142857142857146
36.71666666666667
37.233333333333334
37.233333333333334
36.75
37.333333333333336
36.74285714285715
37.300000000000004
37.18571428571429
36.85
36.6
36.6
37.8
37.8
36.9
37.0
36.96
37.333333333333336
36.8
36.8
38.2
36.9
36.97142857142857
37.583333333333336
36.699999999999996
37.36
37.199999999999996
37.199999999999996
37.199999999999996
37.5
36.839999999999996
37.35
37.48571428571429
36.9
37.21666666666666
37.385714285714286
36.800000000000004
37.457142857142856
37.416666666666664
36.528571428571425
38.1
38.1
36.76
37.5
37.15
36.857142857142854
37.583333333333336
37.03333333333334
37.8
37.8
36.825
37.7
37.7
36.7
37.542857142857144
37.0
37.057142857142864
37.266666666666666
36.857142857142854
37.65
37.65
37.65
37.65
37.6
36.94285714285714
37.4
37.0375
37.166666666666664
37.142857142857146
36.949999999999996
37.58571428571428
36.5
36.5
37.45
36.785714285714285
37.199999999999996
37.199999999999996
37.050000000000004
37.35
36.5
36.5
37.25
36.8
36.8
36.98
36.91428571428571
37.53333333333333
36.88
37.34285714285714
37.34285714285714
37.042857142857144
36.7
37.51428571428572
37.1
37.0
37.5
36.7
37.06
37.06
36.5
37.214285714285715
37.18333333333334
37.13333333333333
37.13333333333333
37.56666666666667
37.199999999999996
37.1
36.2
36.2
37.733333333333334
36.8
37.41428571428571
37.38571428571429
36.9
37.41428571428571
37.3
36.81666666666666
37.41428571428571
36.9
36.9
37.6
37.357142857142854
37.5
37.5
36.9
37.371428571428574
36.766666666666666
37.371428571428574
37.25
36.75714285714286
37.6
37.357142857142854
36.94285714285714
37.73333333333333
36.785714285714285
37.300000000000004
37.300000000000004
37.300000000000004
37.449999999999996
36.5
36.5
37.55
36.84285714285714
37.4
37.6
37.6
37.6
37.3
37.0
37.550000000000004
36.9
37.75
37.31428571428571
38.0
38.0
37.3
37.199999999999996
37.15714285714285
36.733333333333334
37.34285714285715
37.333333333333336
37.4
37.614285714285714
37.300000000000004
37.040000000000006
37.51428571428571
37.06666666666666
37.04
37.38333333333333
36.9
37.733333333333334
37.733333333333334
36.9
37.63333333333333
36.800000000000004
37.07142857142857
37.5
37.18333333333333
37.67142857142857
37.199999999999996
37.666666666666664
37.714285714285715
37.714285714285715
37.714285714285715
38.0
37.983333333333334
36.800000000000004
37.550000000000004
37.4
37.06666666666667
37.457142857142856
37.271428571428565
37.28333333333334
37.800000000000004
36.85
37.17142857142857
37.46
36.833333333333336
37.34285714285714
37.32
37.416666666666664
37.357142857142854
36.62
37.31428571428571
37.199999999999996
37.15
37.614285714285714
37.26666666666667
37.43333333333333
37.76
37.285714285714285
37.8
37.050000000000004
37.233333333333334
37.67142857142857
37.166666666666664
37.53333333333333
37.68571428571429
36.86666666666667
37.93333333333334
36.84285714285714
36.84285714285714
36.84285714285714
37.7
37.05
37.05
38.3
37.1
37.699999999999996
37.699999999999996
37.699999999999996
37.528571428571425
36.983333333333334
37.9
37.4
37.65
37.300000000000004
37.114285714285714
37.6
37.1
37.666666666666664
37.5
37.5
37.5
38.06666666666666
37.0
37.0
38.0
37.15
37.6
37.5
37.42857142857143
37.857142857142854
36.93333333333333
37.800000000000004
37.528571428571425
38.6
38.6
37.86666666666667
37.18
37.871428571428574
37.34
37.800000000000004
37.239999999999995
37.666666666666664
37.55
36.9
36.9
37.8
37.3
37.483333333333334
37.220000000000006
37.220000000000006
37.220000000000006
37.220000000000006
37.833333333333336
37.14
37.14
37.14
38.1
38.1
36.8
38.0
37.03333333333333
37.86666666666667
37.58
37.0
37.0
37.660000000000004
37.54
37.699999999999996
37.32
38.08571428571428
37.38
38.075
38.075
38.075
36.6
37.81666666666667
37.36666666666667
38.0
37.6
37.6
37.900000000000006
37.900000000000006
36.7
37.400000000000006
37.400000000000006
37.5
37.85
37.63333333333333
38.1
37.449999999999996
37.6
37.51428571428572
37.13333333333333
38.050000000000004
37.24
37.86666666666667
37.64
37.37142857142857
38.11666666666667
37.05714285714286
37.75
37.68333333333333
37.96666666666667
37.96666666666667
37.6
37.93333333333334
37.93333333333334
36.6
36.6
36.6
36.6
36.6
36.6
36.6
36.6
38.5
37.42857142857143
37.666666666666664
37.4
37.56666666666667
37.666666666666664
37.050000000000004
37.857142857142854
37.21666666666666
37.65
37.9
37.36666666666667
38.1
38.1
37.260000000000005
38.0
38.4
38.4
37.36666666666667
37.7
37.699999999999996
37.220000000000006
37.75
37.239999999999995
37.239999999999995
38.3
37.575
37.575
38.2
38.13333333333333
36.7
36.7
37.96666666666667
37.042857142857144
38.1
37.46666666666667
37.728571428571435
37.56666666666667
37.63333333333333
37.5
37.5
38.1
36.8
36.8
38.1
37.233333333333334
37.233333333333334
37.5
37.5
37.5
37.983333333333334
37.4
38.425000000000004
38.425000000000004
36.9
38.01428571428572
37.166666666666664
37.166666666666664
38.5
37.25
37.98333333333333
37.766666666666666
37.114285714285714
38.12
37.214285714285715
37.8
38.166666666666664
37.28
38.13333333333333
37.44
37.65
37.65
37.35
36.7
36.7
37.3
37.550000000000004
37.63333333333333
37.125
37.125
37.125
37.125
37.125
38.160000000000004
37.233333333333334
37.31428571428571
37.5
37.6
38.050000000000004
37.6
37.95
37.95
37.75
37.75
37.55
37.9
37.55
37.55
37.9
37.51428571428571
37.800000000000004
37.96
37.871428571428574
37.7
38.0
37.800000000000004
37.800000000000004
37.980000000000004
37.41428571428571
37.666666666666664
36.9
36.9
37.6
37.46666666666667
37.46666666666667
37.2
38.1
37.4
37.75714285714286
38.166666666666664
37.449999999999996
37.449999999999996
38.23333333333333
37.1
37.1
38.14
37.43333333333333
37.8
37.8
37.8
37.56666666666667
38.0
37.92
37.550000000000004
37.91428571428571
37.699999999999996
37.800000000000004
37.7
38.2
37.54
37.550000000000004
38.13333333333333
37.87142857142857
37.32
38.11428571428571
37.3
37.385714285714286
37.85
37.4
37.4
37.4
37.4
37.4
37.5
37.9
37.55714285714286
37.4
37.85
37.699999999999996
37.38333333333333
37.800000000000004
37.800000000000004
37.800000000000004
37.38
37.642857142857146
37.550000000000004
37.34285714285714
37.733333333333334
37.6
37.300000000000004
37.733333333333334
37.96666666666666
37.35
38.01428571428572
37.9
37.95
37.95
38.05
38.05
38.05
38.05
37.9
37.4
37.75
37.785714285714285
37.628571428571426
37.483333333333334
37.9
37.57142857142857
37.199999999999996
37.3
37.3
37.25
37.550000000000004
37.6
37.22
37.75
37.5
37.5
37.63333333333333
37.85
37.51428571428571
37.68571428571429
37.5
37.5
37.3
37.85
37.75
37.46666666666667
37.333333333333336
37.48571428571428
37.449999999999996
37.150000000000006
37.150000000000006
37.279999999999994
37.5
37.7
37.7
36.8
37.699999999999996
37.55714285714286
37.040000000000006
37.040000000000006
38.4
37.42857142857143
37.75
37.92857142857143
37.92857142857143
37.92857142857143
37.88333333333333
37.5
37.5
36.8
38.050000000000004
37.44285714285714
37.449999999999996
37.800000000000004
37.800000000000004
37.5
38.300000000000004
38.042857142857144
37.65
38.06666666666667
37.8
37.425
37.425
38.4
37.46666666666667
37.86666666666667
37.26666666666667
37.98571428571428
38.01428571428572
37.56666666666666
38.1
38.1
38.7
37.714285714285715
38.12
38.12
38.12
38.12
38.5
38.5
37.8
37.45
37.55
37.55
37.55
37.36666666666667
37.81666666666667
37.416666666666664
37.416666666666664
37.416666666666664
37.416666666666664
37.36
37.771428571428565
37.86666666666667
37.26666666666667
37.82000000000001
37.82000000000001
37.9
37.1
37.1
37.8
37.457142857142856
37.3
37.9
37.666666666666664
37.82
37.82
37.82
37.82
37.14
37.81428571428571
36.95
36.95
37.7
37.3875
37.949999999999996
37.5
37.5
37.8
36.8
37.94
37.300000000000004
37.300000000000004
37.84285714285714
37.300000000000004
37.25
38.06666666666667
38.06666666666667
38.06666666666667
37.5
37.6
37.385714285714286
37.43333333333333
37.75714285714286
37.43333333333334
37.25
37.833333333333336
37.34285714285715
37.46666666666667
37.51428571428572
37.4
37.128571428571426
37.72
37.65
37.1
37.63333333333333
37.55714285714286
37.160000000000004
37.666666666666664
37.666666666666664
37.666666666666664
37.325
37.7
37.51428571428572
37.271428571428565
37.73333333333333
37.73333333333333
37.73333333333333
37.73333333333333
37.5
37.300000000000004
37.114285714285714
37.43333333333334
37.385714285714286
37.13333333333333
37.13333333333333
37.416666666666664
37.15
36.833333333333336
37.48333333333333
37.199999999999996
37.08571428571428
37.6
37.58571428571429
37.1
37.1
37.125
37.099999999999994
37.099999999999994
36.4
37.542857142857144
37.05714285714286
37.0
38.1
38.1
37.35
37.35
37.699999999999996
37.083333333333336
37.271428571428565
37.35
37.0
37.0
37.120000000000005
37.4
37.18333333333334
37.35
37.42857142857143
36.94285714285714
37.43333333333334
37.4
36.833333333333336
36.833333333333336
37.400000000000006
37.233333333333334
37.0
37.5
37.15
36.98571428571428
37.766666666666666
37.766666666666666
37.766666666666666
36.73333333333333
36.73333333333333
37.6
36.885714285714286
37.0
37.63333333333333
37.08571428571429
37.166666666666664
37.166666666666664
37.166666666666664
36.67142857142857
37.333333333333336
37.016666666666666
37.016666666666666
37.016666666666666
37.56
37.2
37.03333333333333
37.333333333333336
37.5
37.5
37.46666666666667
36.91428571428571
36.91428571428571
36.91428571428571
37.285714285714285
36.72
37.17142857142857
37.300000000000004
36.81428571428571
37.5
37.199999999999996
37.042857142857144
37.5
36.839999999999996
37.0
37.0
37.0
37.26666666666667
37.26666666666667
36.4
37.733333333333334
36.971428571428575
37.35
37.07142857142857
36.871428571428574
37.542857142857144
37.128571428571426
37.1
37.78
37.78
36.9
36.6
36.6
37.85
36.91428571428571
37.557142857142864
37.528571428571425
36.971428571428575
37.771428571428565
37.1
37.18571428571429
37.53333333333333
36.949999999999996
38.3
38.3
36.93333333333333
36.93333333333333
38.5
37.6
37.6
37.17999999999999
38.4
38.4
37.1
37.800000000000004
37.266666666666666
37.266666666666666
36.6
37.34285714285714
37.357142857142854
37.56666666666666
37.7
37.7
37.68
37.199999999999996
37.82857142857143
37.449999999999996
37.36666666666667
37.8
37.8
37.0
37.46666666666667
37.56666666666666
37.833333333333336
36.6
36.6
38.08
36.971428571428575
37.557142857142864
37.557142857142864
37.557142857142864
37.760000000000005
37.760000000000005
37.760000000000005
38.4
38.4
37.55
37.55
38.1
36.93333333333333
37.93333333333333
37.4
37.4
37.7
37.2
37.2
36.5
37.199999999999996
37.57142857142857
37.42857142857143
37.08571428571429
37.58571428571429
37.48571428571428
37.166666666666664
37.6
37.68571428571429
37.13333333333333
38.0
38.0
36.9
37.957142857142856
37.300000000000004
37.199999999999996
37.9
37.333333333333336
37.333333333333336
38.6
37.233333333333334
37.5
37.5
37.06666666666667
37.400000000000006
37.400000000000006
37.9
37.2
37.2
38.239999999999995
37.51428571428572
37.4375
37.86666666666667
37.03333333333333
37.03333333333333
37.03333333333333
37.285714285714285
37.48571428571428
36.875
36.875
36.8
37.08571428571428
37.925
37.925
38.1
37.38571428571429
37.6
37.271428571428565
37.86666666666667
37.028571428571425
37.625
37.625
38.0
37.94285714285714
37.31428571428571
38.25
37.5
38.228571428571435
38.339999999999996
38.339999999999996
37.0
37.25
37.25
37.4
37.6
36.9
36.9
36.9
37.8
37.8
37.7
37.67142857142857
37.959999999999994
37.199999999999996
37.82857142857143
36.971428571428575
37.628571428571426
36.75
37.28
37.28
38.0
37.271428571428565
37.1
37.849999999999994
37.849999999999994
37.849999999999994
37.67142857142857
37.35
37.68571428571429
37.0
37.666666666666664
37.699999999999996
38.166666666666664
37.96666666666667
37.96666666666667
36.9
37.71666666666667
36.86666666666667
37.75714285714286
37.41428571428571
37.1
37.971428571428575
37.971428571428575
37.971428571428575
37.43333333333333
37.35
37.885714285714286
37.05714285714286
37.61666666666667
36.7
36.7
37.5
37.0
37.300000000000004
37.7
37.35
37.67142857142857
37.166666666666664
37.166666666666664
38.15
37.34285714285715
38.4
38.4
36.980000000000004
37.833333333333336
37.271428571428565
37.32857142857143
37.75714285714286
37.083333333333336
37.550000000000004
37.24285714285714
37.300000000000004
37.5
36.94285714285714
37.71666666666667
37.56666666666667
37.18571428571429
37.699999999999996
37.271428571428565
37.285714285714285
37.550000000000004
37.271428571428565
37.81428571428571
37.27142857142858
37.24285714285714
37.93333333333333
37.36
37.74285714285714
37.1
37.1
37.64
37.35
37.0875
37.916666666666664
37.06666666666667
37.74285714285714
37.74285714285714
37.74285714285714
37.449999999999996
37.81428571428571
37.25714285714286
37.699999999999996
37.699999999999996
37.699999999999996
37.82
37.300000000000004
37.457142857142856
37.75
37.357142857142854
37.7
37.7
36.925
37.628571428571426
37.68571428571429
36.833333333333336
37.400000000000006
37.300000000000004
37.233333333333334
37.42857142857143
37.13333333333333
37.13333333333333
37.13333333333333
36.900000000000006
37.714285714285715
37.214285714285715
37.51666666666667
37.4
37.18571428571429
37.9
37.9
36.6
37.82857142857143
36.96666666666667
37.51428571428572
37.51428571428572
37.51428571428572
37.285714285714285
37.81428571428571
38.15
37.0
37.614285714285714
37.471428571428575
37.285714285714285
37.74285714285714
37.166666666666664
37.42857142857143
37.93333333333333
36.957142857142856
37.614285714285714
37.083333333333336
37.083333333333336
37.4
37.38333333333333
37.300000000000004
37.5
37.5
38.1
38.1
36.5
37.9
37.128571428571426
37.4
37.4
37.4
38.1
38.1
37.5
37.5
37.5
36.7
37.516666666666666
37.516666666666666
36.8
37.01428571428571
37.3
37.56666666666666
37.56666666666666
37.56666666666666
37.26666666666667
37.199999999999996
37.21666666666667
36.857142857142854
37.65714285714286
37.1
37.599999999999994
37.599999999999994
36.5
37.666666666666664
37.666666666666664
36.8
37.733333333333334
36.67142857142857
37.32857142857143
36.5
37.35
36.75714285714286
36.75714285714286
36.75714285714286
36.72
37.9
37.9
36.9
37.642857142857146
36.96666666666666
37.36666666666667
37.36666666666667
36.4
37.583333333333336
37.583333333333336
36.9
37.15
36.833333333333336
37.32857142857143
36.85
37.4
37.4
36.760000000000005
38.1
38.1
36.4
36.4
37.8
37.01666666666667
37.01666666666667
37.25
37.0
36.971428571428575
36.666666666666664
37.2
37.2
37.2
36.957142857142856
37.300000000000004
36.612500000000004
37.36
37.0
37.0
36.542857142857144
37.43333333333333
37.43333333333333
37.43333333333333
37.0875
36.550000000000004
37.199999999999996
36.64
36.64
36.2
37.17142857142857
36.8
36.8
36.8
36.2
37.8
37.8
36.5
37.125
37.199999999999996
36.71666666666667
37.05714285714286
37.228571428571435
36.67142857142857
37.53333333333333
37.028571428571425
36.62857142857143
37.385714285714286
36.84285714285714
36.760000000000005
36.760000000000005
37.8
36.5
37.18333333333334
37.18333333333334
37.18333333333334
36.833333333333336
37.28333333333333
36.75
36.983333333333334
37.371428571428574
36.82857142857143
37.15
37.3
37.3
36.9
37.07142857142857
37.14
37.14
36.3
37.36666666666667
36.68571428571429
37.75714285714286
36.93333333333333
36.93333333333333
36.93333333333333
37.43333333333333
36.971428571428575
36.94
37.32
36.785714285714285
38.0
38.0
36.82
37.42857142857143
37.2
37.10000000000001
37.51428571428572
36.91428571428571
37.57142857142857
37.57142857142857
37.57142857142857
37.6
37.4
37.4
38.3
36.785714285714285
37.56666666666667
37.12
37.43333333333334
37.7
37.13333333333333
37.449999999999996
36.983333333333334
36.983333333333334
36.7
36.94285714285714
36.800000000000004
37.6
36.9
37.557142857142864
37.550000000000004
37.06666666666667
37.48333333333333
37.42857142857143
36.85
37.48571428571429
37.233333333333334
37.0
37.699999999999996
36.85
37.17142857142858
37.5
36.93333333333333
37.5
37.5
36.4
37.36666666666667
37.9
37.9
37.660000000000004
36.9
36.9
36.9
36.550000000000004
37.35
37.08571428571429
37.1
36.9
37.4
36.6
37.416666666666664
37.416666666666664
37.416666666666664
37.214285714285715
36.771428571428565
37.42857142857143
37.028571428571425
37.028571428571425
37.028571428571425
36.6
37.199999999999996
37.15
37.15
37.15
37.9
36.98571428571428
37.43333333333333
37.43333333333333
37.43333333333333
37.5
37.7
37.7
37.4
36.84285714285715
36.98571428571428
37.56
36.98571428571428
36.98571428571428
36.98571428571428
36.857142857142854
37.35
36.71666666666667
37.300000000000004
37.300000000000004
36.94285714285714
37.385714285714286
37.1
37.08
37.08
38.0
37.0
37.42857142857143
36.4
36.4
37.8
36.833333333333336
36.833333333333336
36.833333333333336
37.1
37.166666666666664
36.642857142857146
37.1
37.1
37.1
37.175
37.175
37.1
37.175
37.050000000000004
37.5
37.042857142857144
37.01428571428572
37.4
36.825
36.825
37.9
37.199999999999996
37.4
36.92857142857143
36.87142857142857
37.14
36.800000000000004
37.2
36.98571428571428
36.56666666666666
37.48571428571428
37.083333333333336
37.21666666666667
37.5
36.86666666666667
37.233333333333334
37.1
36.9
37.012499999999996
37.416666666666664
36.800000000000004
36.942857142857136
37.06666666666666
36.68333333333333
37.199999999999996
37.31428571428571
37.13333333333333
37.06666666666667
37.06666666666667
37.06666666666667
37.32000000000001
37.13333333333333
36.82857142857143
37.1
37.1
37.1
37.1
37.042857142857144
37.028571428571425
37.13333333333333
37.13333333333333
37.13333333333333
37.13333333333333
37.042857142857144
36.85
37.199999999999996
36.871428571428574
36.7
37.35
36.833333333333336
36.833333333333336
37.4
36.58
36.58
36.4
37.0
36.900000000000006
36.900000000000006
36.675
37.8
37.8
36.65
37.239999999999995
37.239999999999995
36.2
37.08571428571429
36.78333333333333
37.06
37.06
37.9
37.07142857142857
37.483333333333334
36.7
36.971428571428575
37.1
36.542857142857144
36.542857142857144
36.542857142857144
36.36666666666667
37.214285714285715
36.625
36.625
36.599999999999994
36.96666666666667
36.528571428571425
36.86666666666667
36.6
37.8
37.8
37.166666666666664
37.166666666666664
37.166666666666664
36.32
36.93333333333334
36.628571428571426
36.56
36.599999999999994
36.599999999999994
36.349999999999994
35.9
35.9
37.2
36.4
36.957142857142856
36.6
36.6
36.6
36.6
36.6
36.6
36.9
36.95
36.85
37.1
37.1
37.3
36.82
36.042857142857144
36.6
36.6
36.2
36.67142857142857
37.1
37.1
37.04
36.6
36.6
36.6
36.4
36.86666666666667
36.48333333333333
36.48333333333333
36.9
36.800000000000004
36.78333333333334
36.78333333333334
36.78333333333334
36.74285714285714
36.48571428571428
36.65
36.65
36.1
36.68
36.68
36.6
37.042857142857144
36.75
36.75
37.46
36.35
36.800000000000004
36.96666666666667
36.96666666666667
36.3
36.86
37.125
37.125
37.7
36.4
36.4
36.4
36.4
37.0
36.87142857142857
36.55714285714286
37.02
36.7
36.7
37.15
36.36
36.36
36.3
36.3
36.3
37.08
36.339999999999996
36.885714285714286
36.980000000000004
36.980000000000004
36.980000000000004
36.52857142857143
36.85
36.68333333333334
37.6
37.6
37.32000000000001
36.300000000000004
36.800000000000004
36.4
36.5
36.53333333333333
36.53333333333333
36.4
36.72857142857142
36.300000000000004
36.86
36.800000000000004
36.371428571428574
37.142857142857146
36.5
36.85
37.13333333333333
36.528571428571425
37.166666666666664
36.95
36.371428571428574
37.36666666666667
36.660000000000004
36.660000000000004
36.7
36.3
36.3
37.6
36.0
36.25714285714286
36.85
36.65714285714285
36.65
37.03333333333333
37.03333333333333
36.35
36.885714285714286
36.885714285714286
36.885714285714286
36.4
36.4
37.2
36.614285714285714
36.9
36.75
36.86666666666667
36.86666666666667
36.0
37.1
36.528571428571425
36.62
37.0
36.15
36.94285714285714
36.94285714285714
36.94285714285714
37.300000000000004
36.528571428571425
36.983333333333334
36.800000000000004
37.025
37.025
36.5
36.7
36.7
37.8
37.8
37.8
36.5
36.800000000000004
35.9
35.9
37.12
36.75714285714286
37.5
37.5
37.02
36.88333333333333
36.91428571428571
36.46
36.46
36.46
36.0
36.96666666666667
36.96666666666667
36.699999999999996
37.0
37.0
37.25
36.771428571428565
37.0
37.042857142857144
36.4
37.285714285714285
36.5
37.8
37.8
36.260000000000005
36.949999999999996
36.771428571428565
36.7
36.2
36.2
36.43333333333333
36.93333333333333
36.93333333333333
36.4
36.800000000000004
36.733333333333334
37.13333333333333
36.728571428571435
36.67142857142857
36.67142857142857
36.7
36.7
36.3
36.75
36.75
35.9
37.8
37.8
36.728571428571435
37.13333333333333
37.13333333333333
36.73333333333333
36.9
36.9
36.55
36.8
36.8
36.275
37.459999999999994
37.459999999999994
36.95
37.32
36.785714285714285
36.28
37.08571428571429
36.0
36.0
37.14
36.0
36.0
36.86
36.56666666666666
36.56666666666666
36.5
37.0
36.628571428571426
37.45
37.45
37.45
36.0
37.166666666666664
36.31428571428572
37.199999999999996
36.56666666666667
36.56666666666667
37.3
37.3
36.36
37.028571428571425
36.85
36.385714285714286
37.3
36.725
36.725
37.4
37.4
36.425
37.199999999999996
36.51428571428571
36.74285714285714
37.36666666666667
36.614285714285714
36.5
36.5
37.9
37.9
37.239999999999995
36.9
37.13333333333333
36.4
36.4
36.7
37.17142857142857
36.4
37.333333333333336
36.699999999999996
36.371428571428574
37.7
37.7
36.58
37.25
36.52857142857143
37.01666666666667
36.43333333333334
36.43333333333334
36.8
36.8
36.8
38.0
36.65
37.142857142857146
36.92857142857143
36.9
36.9
36.9
37.1375
37.43333333333333
36.63333333333333
37.028571428571425
37.028571428571425
37.028571428571425
37.3
36.628571428571426
37.08
37.08
36.2
36.2
36.2
37.4
37.042857142857144
36.92857142857143
37.357142857142854
36.5
37.199999999999996
36.1
36.1
37.04
37.03333333333333
37.0
37.35
36.1
36.1
36.1
36.8
37.11666666666667
37.24285714285714
36.57142857142857
37.15
37.15
37.15
37.06666666666667
36.9
36.86666666666667
37.31666666666666
36.6
36.6
37.5
37.5
37.5
37.660000000000004
36.48571428571429
37.2
36.785714285714285
37.2
37.2
36.63333333333333
37.18
37.18
37.9
37.0
37.300000000000004
36.85
37.01428571428571
37.03333333333333
36.625
37.260000000000005
37.260000000000005
37.3
37.220000000000006
36.800000000000004
37.0
37.0
36.7
37.02
36.0
36.0
36.62
37.15
36.57142857142857
37.333333333333336
36.957142857142856
36.63333333333333
37.17142857142857
36.266666666666666
37.24285714285714
36.92857142857143
37.016666666666666
36.6
36.6
36.7
36.7
36.2
37.31428571428571
37.05714285714286
36.714285714285715
37.11428571428571
36.6
36.94285714285714
36.971428571428575
36.628571428571426
37.35
37.35
37.5
37.4
36.81428571428571
36.85
37.271428571428565
36.9
36.93333333333333
37.083333333333336
36.6
37.24285714285714
36.728571428571435
36.93333333333333
37.0
36.7375
37.3
37.3
36.3
37.300000000000004
37.233333333333334
36.871428571428574
37.300000000000004
36.71666666666667
36.8
36.8
37.9
36.6
37.114285714285714
36.9
36.81666666666667
36.81666666666667
36.6
36.6
36.6
37.357142857142854
36.67142857142857
37.1
36.8
36.8
36.8
36.885714285714286
37.114285714285714
36.68571428571429
37.3
37.3
36.4
36.94
36.775
36.775
36.95
37.36666666666667
36.699999999999996
36.95714285714286
37.4
36.628571428571426
37.471428571428575
36.86666666666667
37.050000000000004
37.23333333333333
36.699999999999996
37.32857142857143
37.199999999999996
36.98333333333333
37.2
37.2
36.5
37.371428571428574
36.971428571428575
36.63333333333333
37.4
36.68
36.68
36.68
36.68
36.2
37.36
36.5
37.550000000000004
36.871428571428574
36.957142857142856
37.2
37.2
37.03333333333333
36.916666666666664
36.614285714285714
37.666666666666664
36.71666666666667
37.6
37.6
36.52
37.175
37.175
36.76666666666667
37.22
36.75714285714286
36.7
36.7
36.85
37.10000000000001
36.43333333333334
37.449999999999996
36.725
36.725
36.725
36.833333333333336
37.9
37.9
36.36
37.4
37.4
36.5
37.36666666666667
36.449999999999996
37.1
37.150000000000006
37.150000000000006
37.3
37.3
37.3
37.5
36.75714285714286
37.07142857142857
37.07142857142857
37.07142857142857
36.95
37.15
36.96666666666667
36.96666666666667
37.625
36.699999999999996
37.05714285714286
36.74285714285714
36.9
36.9
36.9
37.199999999999996
36.9
36.7
37.18571428571429
36.6
36.67142857142857
37.15714285714285
36.5
37.8
37.8
36.739999999999995
37.371428571428574
36.9
37.1
37.24285714285714
36.65714285714286
37.75
37.75
37.75
37.471428571428575
37.471428571428575
37.471428571428575
37.166666666666664
36.95
37.083333333333336
37.371428571428574
36.94285714285714
37.31428571428571
37.4
37.042857142857144
37.43333333333334
36.76666666666667
36.76666666666667
36.5
36.56666666666667
37.0
37.175
37.175
37.1
37.1
37.1
37.44
37.44
36.2
37.285714285714285
36.93333333333334
37.17142857142857
37.028571428571425
36.93333333333334
36.93333333333334
36.93333333333334
36.64
37.48571428571428
36.68333333333333
37.300000000000004
37.18
37.1
37.1
37.9
36.785714285714285
37.228571428571435
37.0
37.0
36.5
36.93333333333333
37.1
37.4
37.05
37.1
37.228571428571435
36.6
37.199999999999996
36.88333333333333
37.04
36.9
36.9
36.9
36.98571428571428
36.471428571428575
37.21666666666667
36.550000000000004
37.057142857142864
37.2
36.766666666666666
37.56666666666666
37.56666666666666
36.9
37.25714285714286
36.65
37.057142857142864
37.36666666666667
36.63333333333333
37.15714285714286
36.957142857142856
36.56666666666667
36.6
36.6
36.56
36.58571428571429
37.300000000000004
37.0
36.733333333333334
36.733333333333334
36.733333333333334
36.78333333333333
37.4
37.042857142857144
36.98333333333333
37.25714285714286
36.9
37.0
37.06666666666667
36.699999999999996
37.8
37.8
36.8
37.35
36.885714285714286
36.74285714285714
37.18333333333333
36.92857142857143
37.45
37.45
37.2
36.9
38.2
38.2
36.65
37.5
36.833333333333336
36.833333333333336
37.5
36.3
36.3
37.53333333333333
36.51428571428571
37.36666666666667
37.31666666666667
37.285714285714285
37.25714285714286
36.800000000000004
37.142857142857146
37.142857142857146
37.142857142857146
37.449999999999996
37.31428571428571
36.8
37.4
36.68571428571429
37.239999999999995
37.239999999999995
37.239999999999995
37.371428571428574
37.08571428571429
36.98571428571428
37.550000000000004
36.8
37.075
37.075
36.7
36.800000000000004
36.94
36.94
36.6
36.6
36.6
37.41428571428571
37.41428571428571
37.41428571428571
37.24285714285714
36.9
37.13333333333333
37.285714285714285
37.4
37.4
37.525
37.525
37.525
37.142857142857146
36.57142857142857
37.483333333333334
36.65714285714286
36.74285714285714
37.339999999999996
36.67142857142857
36.92857142857143
37.17142857142857
36.449999999999996
36.4
36.4
36.58
37.300000000000004
36.78333333333333
36.8
37.1
37.1
36.55
37.266666666666666
36.542857142857144
37.333333333333336
37.333333333333336
36.2
37.9
37.9
36.46666666666667
37.1
36.54
36.54
36.5
36.300000000000004
36.42857142857143
37.48
37.48
36.45
37.43333333333333
36.41428571428572
37.03333333333334
37.03333333333334
36.55
37.300000000000004
36.666666666666664
36.78333333333333
37.4
36.542857142857144
36.5
37.3
36.36666666666667
36.9
37.083333333333336
36.51428571428571
37.0
37.199999999999996
36.53333333333333
36.88
36.88
37.4
36.699999999999996
37.24285714285714
36.550000000000004
36.61666666666667
37.01428571428572
36.44285714285714
37.24285714285714
36.68333333333334
36.614285714285714
37.128571428571426
36.728571428571435
36.833333333333336
37.300000000000004
36.44285714285714
36.96666666666667
37.26666666666667
36.45
37.8
37.8
36.449999999999996
37.3
36.771428571428565
36.63333333333333
37.128571428571426
36.27142857142857
37.1
36.92857142857143
36.6
36.9
37.01666666666667
37.175
37.175
36.5
37.9
37.9
36.666666666666664
37.26
37.199999999999996
36.73333333333333
37.385714285714286
36.949999999999996
37.0
37.4
36.699999999999996
36.699999999999996
36.699999999999996
36.81428571428571
37.3
37.3
36.7
37.43333333333333
37.43333333333333
36.4
37.11666666666667
37.016666666666666
37.016666666666666
37.016666666666666
37.260000000000005
36.78333333333333
36.78333333333333
36.78333333333333
37.15
37.35
37.35
37.56
36.9
36.9
36.9
36.9
36.9
37.56666666666667
36.75714285714286
37.35
37.17142857142857
37.17142857142857
37.17142857142857
37.25
38.0
38.0
37.36666666666667
37.36666666666667
36.4
37.15
37.642857142857146
36.785714285714285
37.36666666666667
36.800000000000004
37.11666666666667
37.4
36.800000000000004
37.26666666666667
37.1
37.325
37.325
36.5
36.93333333333334
36.714285714285715
37.18571428571429
36.2
36.2
37.2
37.114285714285714
36.7
36.800000000000004
37.3
37.0
37.142857142857146
37.31428571428571
36.93333333333333
38.0
38.0
37.13333333333333
36.51428571428571
36.51428571428571
36.51428571428571
36.7
37.1
36.48571428571429
36.949999999999996
36.98571428571428
36.61666666666667
37.142857142857146
36.4
36.4
37.3
37.3
36.6
36.6
36.75
36.75
37.05
37.13333333333333
36.385714285714286
37.05
36.94
36.642857142857146
37.1
36.45
36.45
37.3
36.714285714285715
36.6
37.08571428571429
36.4
36.51428571428571
36.92
36.92
36.4
37.25
36.425
36.425
37.7
36.63333333333333
37.0
36.78333333333333
37.6
37.6
36.78
36.785714285714285
36.785714285714285
36.785714285714285
36.583333333333336
37.0
36.57142857142857
37.114285714285714
36.699999999999996
36.6
36.85
36.457142857142856
37.1
36.857142857142854
36.857142857142854
36.857142857142854
36.857142857142854
36.857142857142854
36.9
36.333333333333336
36.650000000000006
36.650000000000006
36.1
36.1
36.1
36.449999999999996
37.6
37.6
36.14
36.98
36.18571428571429
37.075
37.075
35.9
36.85
36.9
36.733333333333334
37.12857142857143
36.949999999999996
36.333333333333336
37.199999999999996
35.8
35.8
37.459999999999994
36.699999999999996
37.3
37.3
36.56666666666666
36.766666666666666
36.7
36.7
36.333333333333336
36.885714285714286
36.4
36.32857142857143
37.11666666666667
36.266666666666666
36.35
36.78333333333334
36.24285714285715
36.92857142857143
36.771428571428565
36.4
36.833333333333336
36.6
36.42857142857143
36.56
36.56
36.0
36.9
36.25
36.75
36.871428571428574
36.5
36.5
36.75
36.25714285714286
37.019999999999996
36.371428571428574
36.94285714285714
37.2
37.2
36.333333333333336
36.333333333333336
36.333333333333336
36.449999999999996
36.98571428571428
36.36666666666667
36.550000000000004
37.025
37.025
36.1
37.0
36.44285714285714
36.516666666666666
36.91428571428571
36.300000000000004
36.71666666666666
36.55714285714286
36.35
36.857142857142854
36.63333333333333
36.333333333333336
37.199999999999996
37.199999999999996
37.199999999999996
37.4
36.48571428571428
36.5
36.833333333333336
36.04
37.4
37.4
36.31666666666666
36.839999999999996
35.9
35.9
35.9
36.3
36.25
36.8
36.8
36.4
36.91428571428571
36.36
36.36
36.9
36.957142857142856
36.333333333333336
37.099999999999994
37.099999999999994
37.099999999999994
36.857142857142854
36.58
36.58
36.3
36.666666666666664
36.4
37.5
37.5
36.44
36.833333333333336
36.833333333333336
35.95
37.13333333333333
36.12
36.12
37.4
36.333333333333336
36.333333333333336
37.6
36.285714285714285
36.91428571428571
36.0
36.0
36.54
36.699999999999996
35.8
35.8
36.925
36.56666666666667
36.91428571428572
36.15
36.74285714285714
36.5
36.166666666666664
37.05
36.42857142857143
36.61666666666667
37.14
37.14
35.7
36.36666666666667
36.36666666666667
36.5
36.73333333333333
36.38333333333333
36.9
36.9
36.2
36.78333333333333
36.3
36.7
35.825
35.825
35.825
36.2
36.9
36.3
37.0
37.0
35.8
36.65714285714286
36.5
36.43333333333333
36.885714285714286
36.46666666666667
36.61666666666667
36.48
36.48
36.0
36.516666666666666
36.55
37.13333333333333
36.42857142857143
36.63333333333333
36.65
36.42
36.6
36.44285714285714
36.55
36.528571428571425
36.96
36.96
35.7
36.833333333333336
36.833333333333336
36.833333333333336
36.82000000000001
36.300000000000004
36.5
36.87142857142857
36.87142857142857
36.87142857142857
36.36
36.36
35.6
36.34285714285714
35.96666666666667
36.54285714285714
36.56666666666667
36.42857142857143
36.85
36.85
36.6
36.65714285714286
36.53333333333333
36.08571428571428
36.983333333333334
36.300000000000004
36.75
36.614285714285714
36.18333333333334
36.75714285714286
36.65
36.31666666666667
36.31666666666667
36.7
36.660000000000004
36.660000000000004
36.660000000000004
36.4
36.4
36.4
36.416666666666664
36.416666666666664
36.416666666666664
36.385714285714286
36.916666666666664
36.199999999999996
37.6
37.6
37.6
37.0
37.0
35.9
36.85
36.58571428571429
36.84285714285715
36.84285714285715
36.84285714285715
36.86666666666667
36.800000000000004
36.800000000000004
36.800000000000004
37.028571428571425
36.35
37.8
37.8
36.45
37.6
37.6
36.44
37.166666666666664
36.3
36.3
37.23333333333333
36.3
36.9
36.57142857142857
36.6
37.160000000000004
36.599999999999994
36.714285714285715
36.766666666666666
36.9
36.9
36.900000000000006
36.614285714285714
37.1
36.27142857142857
36.94285714285714
36.9
36.324999999999996
36.324999999999996
36.324999999999996
36.56666666666667
37.6
37.6
36.4
36.800000000000004
36.0
36.0
36.599999999999994
36.833333333333336
36.5
37.2
36.82857142857143
36.82857142857143
36.82857142857143
36.78
36.949999999999996
36.839999999999996
36.839999999999996
36.1
37.21666666666667
36.4
36.4
36.8
36.199999999999996
36.199999999999996
37.4
36.800000000000004
37.7
37.7
36.733333333333334
36.53333333333333
36.871428571428574
36.199999999999996
36.58571428571429
36.875
36.875
36.875
36.875
36.68571428571429
36.75
36.650000000000006
36.650000000000006
36.800000000000004
36.53333333333333
36.53333333333333
36.1
36.75
36.300000000000004
37.042857142857144
36.74285714285714
36.08
36.08
37.7
36.5
37.233333333333334
36.785714285714285
36.53333333333334
37.228571428571435
36.642857142857146
36.85
37.25
36.714285714285715
37.2
37.2
37.7
36.67142857142857
37.300000000000004
37.300000000000004
37.300000000000004
37.37142857142857
36.65714285714286
36.55714285714286
37.25
36.971428571428575
36.95
36.95
36.95
36.9
36.833333333333336
36.771428571428565
36.68333333333333
36.385714285714286
37.17142857142858
36.733333333333334
36.5
37.58571428571428
36.67142857142857
37.22
37.22
37.9
37.4
37.4
36.8
37.22857142857142
36.9
36.728571428571435
37.43333333333334
36.68333333333333
37.199999999999996
37.199999999999996
37.199999999999996
36.916666666666664
36.916666666666664
36.916666666666664
36.916666666666664
37.142857142857146
36.63333333333333
37.13333333333333
36.96666666666667
37.1
37.1
37.1
36.739999999999995
37.38333333333333
37.06666666666667
36.67142857142857
37.25
36.916666666666664
36.916666666666664
36.916666666666664
36.98
36.800000000000004
36.7
36.7
36.6
36.6
36.6
37.1
37.1
37.349999999999994
36.94
37.1
36.93333333333334
36.833333333333336
37.53333333333333
36.1
36.1
37.425
36.9
36.885714285714286
37.35
37.35
37.5
37.379999999999995
37.04
37.06666666666667
37.46666666666667
37.300000000000004
37.300000000000004
38.0
36.839999999999996
36.86666666666667
37.05714285714286
36.65
36.5
37.4
37.4
37.4
37.357142857142854
36.51666666666667
36.51666666666667
37.4
37.04
37.04
37.04
37.38
36.55
37.42857142857143
36.56666666666667
36.56666666666667
36.725
36.93333333333334
36.95714285714286
36.94285714285714
36.82857142857143
36.68333333333333
37.03333333333333
36.75
36.4
37.228571428571435
36.86666666666667
37.57142857142857
36.65714285714286
37.300000000000004
36.43333333333334
36.43333333333334
37.4
37.142857142857146
37.142857142857146
36.1
36.85
36.61666666666667
36.699999999999996
36.2
36.2
37.8
37.8
36.166666666666664
37.12
36.54285714285714
36.98333333333333
37.0
36.7
36.7
36.86666666666667
36.86
36.86
37.7
37.7
37.7
36.7
36.43333333333333
36.88333333333333
36.46
36.46
36.7
36.614285714285714
36.733333333333334
36.75
36.75
36.75
36.800000000000004
36.300000000000004
37.375
37.375
37.375
37.375
37.12
36.86666666666667
36.86666666666667
36.9
37.019999999999996
37.019999999999996
37.019999999999996
37.019999999999996
37.019999999999996
37.019999999999996
35.9
35.9
35.9
37.0
37.128571428571426
36.31428571428571
37.199999999999996
36.56666666666666
36.95714285714286
36.75
36.75
36.8
36.65714285714286
36.65
37.36666666666667
36.5
37.199999999999996
36.65714285714285
36.285714285714285
37.333333333333336
36.6
37.15714285714285
36.8
36.8
37.260000000000005
37.260000000000005
36.0
36.6
36.6
36.675
36.375
36.375
36.6
36.6
36.6
37.266666666666666
36.64
36.64
36.6
36.25
36.25
37.5
36.233333333333334
36.7
36.7
36.160000000000004
37.016666666666666
37.016666666666666
35.9
37.25
36.36666666666667
36.36666666666667
37.6
36.2
36.68571428571429
36.733333333333334
36.35
36.71666666666667
36.54285714285714
36.4
36.55
36.55
36.35
36.333333333333336
36.333333333333336
36.15
37.1
36.199999999999996
36.9
36.57142857142857
36.6
37.050000000000004
36.5
36.550000000000004
36.98571428571428
36.5
36.7
36.7
36.9
36.5
36.233333333333334
36.233333333333334
36.6
37.0
37.0
37.0
36.160000000000004
37.06666666666667
36.3875
36.85
36.800000000000004
36.25
37.1
36.628571428571426
36.6
37.2
36.371428571428574
37.5
37.5
36.239999999999995
36.75
36.728571428571435
36.25
37.07142857142857
36.800000000000004
36.5
36.871428571428574
36.266666666666666
36.91428571428571
36.583333333333336
36.642857142857146
37.0
36.4
37.07142857142857
36.35
36.86666666666667
36.86666666666667
36.266666666666666
36.9
35.9
35.9
37.300000000000004
37.300000000000004
37.300000000000004
36.48571428571428
36.699999999999996
36.84285714285714
36.25
37.01428571428572
36.43333333333333
36.5
37.0
36.2
36.2
37.5
36.63333333333333
37.2
36.3
36.3
36.980000000000004
36.699999999999996
36.82857142857142
36.6
36.733333333333334
36.9
36.9
36.2
36.6
36.6
36.6
37.8
36.260000000000005
37.3
36.771428571428565
36.642857142857146
37.08
35.8
35.8
37.32000000000001
36.3
36.3
37.1
36.8
36.957142857142856
36.25
36.971428571428575
36.971428571428575
36.971428571428575
37.28
36.0
36.0
36.0
36.55
37.15
36.800000000000004
36.46666666666666
36.9
36.5
36.785714285714285
36.583333333333336
36.36
37.0
36.74285714285714
36.56666666666667
37.03333333333333
36.5
36.75
37.13333333333333
36.55714285714286
37.6
37.6
36.4
36.95
36.95
36.5
37.18
36.4
36.4
36.9
36.1
36.1
36.900000000000006
36.52
36.52
37.2
36.642857142857146
36.9
36.58571428571429
37.3
37.3
36.1
37.01428571428572
36.55714285714286
36.55714285714286
36.55714285714286
36.46
36.85
36.95
36.95
36.5
37.233333333333334
36.666666666666664
36.57142857142857
37.31428571428571
36.4
36.67142857142857
36.91428571428571
36.550000000000004
36.800000000000004
36.28333333333333
36.84285714285714
36.75
36.6
37.0
37.0
36.125
37.083333333333336
37.083333333333336
36.6
36.728571428571435
36.67142857142857
37.128571428571426
36.44285714285714
37.0
37.0
37.0
37.199999999999996
36.528571428571425
36.61428571428571
37.05
36.5
37.26666666666667
36.68571428571429
36.9
37.050000000000004
36.714285714285715
36.88333333333333
36.91428571428571
36.58571428571428
37.128571428571426
36.68571428571429
36.85
37.357142857142854
36.54
37.5
37.5
37.0
37.166666666666664
37.07142857142857
36.233333333333334
37.18571428571429
36.36666666666667
36.36666666666667
36.2
37.36666666666667
36.35
36.76666666666667
36.81666666666666
36.65
36.65
36.45
37.17142857142857
36.65714285714285
36.76666666666667
36.699999999999996
36.47142857142857
37.25
36.42857142857143
36.857142857142854
36.5
36.75714285714286
36.800000000000004
36.51428571428571
37.228571428571435
36.300000000000004
36.7
36.7
35.8
37.5
37.5
36.43333333333334
36.8
36.8
36.8
36.5
36.96666666666667
36.82857142857143
36.53333333333334
37.15714285714286
36.214285714285715
36.214285714285715
36.214285714285715
36.88333333333333
36.771428571428565
36.199999999999996
37.333333333333336
36.8
36.8
36.65
36.78333333333333
36.78333333333333
36.78333333333333
36.78333333333333
36.6
37.06666666666666
36.971428571428575
36.971428571428575
36.971428571428575
36.199999999999996
37.199999999999996
36.25714285714286
36.550000000000004
36.550000000000004
36.550000000000004
37.016666666666666
36.28333333333333
37.199999999999996
36.8
36.8
37.28333333333333
36.199999999999996
37.1
36.416666666666664
37.114285714285714
36.92857142857143
36.550000000000004
37.08571428571429
36.15
37.7
37.7
36.36666666666667
36.957142857142856
36.357142857142854
37.10000000000001
36.52857142857143
36.61666666666667
36.61666666666667
36.61666666666667
36.949999999999996
36.771428571428565
36.771428571428565
36.771428571428565
36.57142857142857
37.349999999999994
37.349999999999994
37.1
36.833333333333336
37.07142857142857
36.3
36.3
36.93333333333333
36.233333333333334
37.233333333333334
36.54285714285714
36.900000000000006
36.900000000000006
36.900000000000006
36.900000000000006
37.519999999999996
36.4
37.166666666666664
36.82857142857143
36.82857142857143
36.82857142857143
36.56666666666667
36.94285714285714
36.0
36.0
37.0
36.56666666666666
36.642857142857146
37.199999999999996
36.714285714285715
37.0
36.857142857142854
36.528571428571425
37.28333333333333
37.28333333333333
37.28333333333333
37.0
36.6
37.36
37.36
36.4
36.849999999999994
36.849999999999994
37.05
37.05
37.2
37.114285714285714
36.916666666666664
37.4
37.4
37.4
36.65
37.300000000000004
36.957142857142856
37.0
37.0
37.0
37.53333333333334
36.542857142857144
36.542857142857144
36.542857142857144
36.63333333333333
37.528571428571425
36.43333333333334
37.300000000000004
36.91428571428571
36.449999999999996
36.92857142857143
36.96666666666667
36.96666666666667
37.03333333333333
36.6
37.3
36.357142857142854
37.285714285714285
36.78333333333334
36.785714285714285
36.785714285714285
36.785714285714285
36.93333333333333
37.13333333333333
37.13333333333333
37.13333333333333
36.82
36.82
37.4
36.699999999999996
37.9
37.9
37.9
37.9
37.3
36.55714285714286
37.271428571428565
36.76666666666667
36.9
36.9
36.7
37.12857142857143
36.92857142857143
36.43333333333333
37.32857142857143
36.64
37.13333333333333
36.56666666666667
36.56666666666667
36.7
36.642857142857146
36.9
37.06666666666667
36.771428571428565
37.32
36.75
37.07142857142857
37.31666666666666
36.371428571428574
37.5
37.5
37.5
37.2
36.58571428571429
36.7
37.05714285714286
36.6
37.349999999999994
37.349999999999994
36.65
37.1
36.43333333333333
36.980000000000004
36.980000000000004
36.980000000000004
36.68
36.91428571428571
36.46666666666667
36.800000000000004
36.96666666666667
36.385714285714286
36.61666666666667
36.800000000000004
36.51666666666667
37.06666666666666
35.8
35.8
37.260000000000005
36.699999999999996
36.24285714285714
37.233333333333334
36.5
36.9
37.1
36.733333333333334
36.766666666666666
36.699999999999996
36.75
36.0
36.0
36.6
36.733333333333334
36.733333333333334
36.733333333333334
36.733333333333334
36.5
36.55
37.6
37.6
36.9
36.528571428571425
36.91428571428571
36.55
36.266666666666666
37.18571428571429
36.42857142857143
36.35
37.36666666666667
37.36666666666667
37.36666666666667
36.31666666666667
36.65
36.65
35.7
36.57142857142857
36.449999999999996
37.01428571428572
36.38333333333333
37.114285714285714
36.949999999999996
36.199999999999996
36.94285714285714
36.0
36.0
37.239999999999995
36.51428571428571
36.833333333333336
36.84285714285715
36.56666666666667
36.56666666666667
36.6
36.239999999999995
37.08571428571429
36.41428571428572
36.957142857142856
37.050000000000004
36.371428571428574
37.1
37.1
36.3
37.07142857142857
36.84285714285715
36.86666666666667
36.86666666666667
36.86666666666667
36.4
36.957142857142856
36.233333333333334
37.050000000000004
36.4
36.42857142857143
36.91428571428571
36.15
36.15
36.15
36.5
37.114285714285714
36.4
36.4
36.4
36.457142857142856
37.3
35.9
35.9
37.266666666666666
36.233333333333334
37.9
37.9
36.61666666666667
36.92
36.771428571428565
36.800000000000004
36.73333333333333
36.300000000000004
37.074999999999996
36.833333333333336
36.55714285714286
37.233333333333334
36.22
36.22
37.9
36.34285714285714
36.81428571428571
36.733333333333334
36.6
36.81428571428571
36.61666666666667
36.63333333333333
36.957142857142856
36.300000000000004
36.86666666666667
36.56666666666667
36.38
36.38
37.6
36.65714285714286
37.17142857142857
36.160000000000004
36.160000000000004
36.1
36.1
36.1
37.220000000000006
36.233333333333334
36.942857142857136
36.6
36.67142857142857
37.06
36.885714285714286
36.34285714285714
37.21666666666667
36.82
36.82
36.3
36.516666666666666
36.85
36.85
37.6
36.53333333333333
36.82857142857143
36.457142857142856
36.55
37.18333333333334
36.5
36.9
36.53333333333333
37.1
37.1
37.6
36.583333333333336
37.028571428571425
36.5
36.733333333333334
36.785714285714285
36.26666666666667
37.7
37.7
36.833333333333336
36.93333333333333
36.6
36.6
36.266666666666666
36.266666666666666
36.266666666666666
36.75
36.42
36.18
36.18
37.1
36.385714285714286
36.9
36.94285714285714
36.0
36.0
37.34
36.285714285714285
37.05714285714286
37.3
37.3
36.76
36.4
36.4
37.0
37.2
37.2
37.2
36.9
36.9
36.9
36.9
37.4
37.13333333333333
36.771428571428565
36.628571428571426
37.03333333333333
36.628571428571426
36.67142857142857
37.1
36.86666666666667
36.86666666666667
37.3
36.449999999999996
37.333333333333336
35.9
35.9
37.519999999999996
36.34285714285714
36.949999999999996
36.983333333333334
36.65
37.3
36.78
36.771428571428565
37.15714285714285
36.87142857142857
36.81666666666667
36.0
36.0
36.6
36.6
36.6
36.7
36.699999999999996
36.300000000000004
36.92857142857143
35.9
35.9
36.75
36.96666666666666
36.300000000000004
37.7
37.7
36.46
37.03333333333333
36.57142857142857
36.43333333333334
36.971428571428575
36.300000000000004
37.214285714285715
37.214285714285715
37.214285714285715
37.2
37.2
36.7
36.7
37.1
36.65
37.260000000000005
36.35
37.199999999999996
36.942857142857136
36.583333333333336
37.18
36.35
36.5
36.5
36.75714285714286
37.01428571428572
36.3
36.3
37.1
36.75714285714286
36.333333333333336
36.9
36.53333333333334
36.9
36.98571428571429
37.1
37.1
36.724999999999994
36.724999999999994
36.65
37.08571428571428
36.44
36.44
36.900000000000006
36.5
36.5
36.5
36.339999999999996
36.599999999999994
37.7
37.7
36.51666666666667
37.199999999999996
36.4
36.4
36.0
36.93333333333333
36.85
36.85
36.93333333333333
37.2
37.2
37.1
36.92
36.92
36.92
36.92
36.957142857142856
36.871428571428574
36.42
37.01428571428572
36.5
36.34285714285714
36.34285714285714
37.8
36.642857142857146
37.128571428571426
36.36666666666667
37.03333333333333
37.028571428571425
36.32857142857143
37.11666666666667
36.814285714285724
36.63333333333333
37.15
36.46666666666667
36.74285714285714
35.8
35.8
37.150000000000006
36.1
36.85
36.84285714285714
36.733333333333334
37.057142857142864
36.266666666666666
36.82857142857142
36.459999999999994
36.459999999999994
36.459999999999994
36.459999999999994
36.459999999999994
36.5
36.7
36.7
36.833333333333336
37.0
36.5
36.9
36.9
36.44285714285714
37.199999999999996
37.199999999999996
36.266666666666666
37.019999999999996
37.019999999999996
35.8
37.0
36.333333333333336
37.166666666666664
37.166666666666664
37.166666666666664
36.1
37.23333333333333
36.25714285714286
36.971428571428575
36.971428571428575
36.971428571428575
37.0
36.13333333333333
36.13333333333333
37.7
36.25
36.25
36.25
36.266666666666666
37.01428571428572
36.660000000000004
36.766666666666666
37.05714285714286
37.05714285714286
37.05714285714286
36.666666666666664
37.12
36.95
36.95
37.06
36.1
36.1
37.1
36.550000000000004
36.75
36.771428571428565
36.614285714285714
37.25
37.25
37.25
36.349999999999994
36.699999999999996
36.285714285714285
36.86666666666667
36.6
37.2
37.2
37.040000000000006
36.35
37.01428571428571
36.65
36.2
36.2
36.86
36.31428571428571
37.38333333333333
37.3
37.3
36.8
36.8
36.8
36.8
36.8
36.8
36.75
36.699999999999996
36.699999999999996
36.699999999999996
36.78333333333333
36.48571428571428
37.0
36.36666666666667
36.36666666666667
37.4
36.41428571428572
36.728571428571435
36.483333333333334
36.483333333333334
36.483333333333334
36.85
35.9625
36.0
36.0
37.4
36.5
36.5
37.05
36.53333333333333
36.53333333333333
37.16
37.16
37.16
36.699999999999996
36.1
36.833333333333336
36.58
36.58
36.7
36.31666666666667
36.31666666666667
36.31666666666667
36.214285714285715
36.785714285714285
36.6
37.4
37.4
36.5
37.03333333333333
37.03333333333333
36.525
36.8
36.22
36.22
36.8
36.339999999999996
36.339999999999996
37.5
35.8
35.8
37.18
36.13333333333333
37.128571428571426
36.160000000000004
36.160000000000004
36.160000000000004
36.160000000000004
36.160000000000004
36.160000000000004
36.300000000000004
36.300000000000004
35.8
36.75
36.3
36.8
36.8
36.233333333333334
37.3
37.3
37.3
37.3
37.3
37.3
37.3
37.3
36.26666666666667
36.26666666666667
37.4
36.371428571428574
36.84
36.84
36.3
36.72857142857142
36.449999999999996
37.0
37.0
36.239999999999995
36.57142857142857
36.93333333333333
36.1
36.1
37.4
35.7
35.7
35.7
35.7
35.7
37.0
36.516666666666666
36.516666666666666
36.516666666666666
36.5
36.5
36.5
36.95
36.95
37.3
36.44285714285714
36.957142857142856
36.275
36.275
36.46666666666666
36.43333333333333
36.43333333333333
36.0
36.4
36.4
36.8
36.8
36.8
36.2
36.2
37.2
37.2
37.2
37.7
37.7
36.74
36.74
36.7
36.7
36.1
36.1
36.583333333333336
36.48571428571428
36.7
36.7
36.56666666666667
36.56666666666667
36.56666666666667
36.25
36.56
36.56
36.2
36.542857142857144
36.68333333333333
37.142857142857146
36.84285714285714
37.150000000000006
37.150000000000006
36.8
36.65
36.65
36.58
36.55
35.8
35.8
36.8
36.8
36.849999999999994
36.849999999999994
37.36666666666667
36.300000000000004
37.275000000000006
37.275000000000006
36.300000000000004
36.699999999999996
36.800000000000004
36.614285714285714
37.01428571428572
36.35
36.6
36.6
36.6
36.6
36.6
36.6
36.6
37.6
36.3
36.94285714285714
36.94285714285714
36.94285714285714
36.92
36.92
36.35
36.9
35.9
35.9
36.85
36.23333333333333
37.5
37.5
35.8
35.8
35.8
35.8
35.8
36.75714285714286
36.300000000000004
36.300000000000004
36.300000000000004
36.23333333333333
37.3
37.3
36.3
36.766666666666666
36.766666666666666
36.333333333333336
36.71666666666666
36.3
37.0
36.48333333333333
36.48
36.48
36.48
36.199999999999996
36.199999999999996
37.3
36.699999999999996
37.24285714285714
36.628571428571426
36.8
37.17999999999999
37.17999999999999
36.45
37.333333333333336
37.0
37.0
36.519999999999996
36.91428571428571
36.22857142857142
36.22857142857142
36.22857142857142
36.516666666666666
37.1
36.1
36.1
36.9
36.516666666666666
37.38333333333333
37.38333333333333
36.3
36.5
36.5
36.1
37.142857142857146
36.9
36.9
37.32
36.471428571428575
37.166666666666664
37.166666666666664
37.166666666666664
37.166666666666664
36.96
36.96
37.2
36.58571428571429
37.03333333333333
36.885714285714286
36.542857142857144
37.1
37.1
36.3
36.3
37.099999999999994
37.199999999999996
37.1
36.75714285714286
36.839999999999996
36.839999999999996
36.2
36.2
37.7
37.300000000000004
37.6
37.6
37.042857142857144
37.4
36.5
37.628571428571426
36.36666666666667
36.36666666666667
37.660000000000004
37.660000000000004
37.660000000000004
36.94285714285714
37.26666666666667
36.833333333333336
37.34285714285714
36.833333333333336
36.833333333333336
36.833333333333336
36.833333333333336
36.7
36.800000000000004
36.800000000000004
36.800000000000004
36.85
36.85
37.1
36.9
36.9
36.6
36.6
37.4
36.628571428571426
37.300000000000004
36.75714285714286
37.2
37.2
36.516666666666666
37.12
37.12
36.2
37.25714285714286
36.2
36.2
36.2
36.6
37.300000000000004
36.800000000000004
37.125
37.125
36.800000000000004
36.800000000000004
36.800000000000004
36.68333333333333
36.980000000000004
36.980000000000004
36.1
38.1
38.1
37.35
36.7
36.7
37.1
37.07142857142857
37.1
37.1
37.1
37.1
37.400000000000006
37.271428571428565
36.699999999999996
38.0
38.0
36.94
37.114285714285714
37.4
36.971428571428575
37.36666666666667
36.857142857142854
36.980000000000004
36.980000000000004
36.5
37.300000000000004
37.699999999999996
37.35
37.457142857142856
37.300000000000004
37.142857142857146
36.5
36.5
37.32
37.800000000000004
37.800000000000004
36.9
37.542857142857144
37.03333333333333
37.4
37.4
36.6
38.01428571428572
37.050000000000004
37.6
37.75
37.24285714285714
37.916666666666664
37.18571428571429
37.4
37.34285714285714
37.31428571428571
37.9
37.25
37.25
37.25
37.8
37.233333333333334
37.725
37.21666666666667
37.471428571428575
37.5
37.5
37.45
37.728571428571435
37.339999999999996
37.82857142857143
37.1
37.77142857142858
37.7
37.94285714285714
38.07142857142857
37.23333333333333
38.15
38.15
38.15
38.15
38.15
38.15
38.15
38.15
37.3
38.03333333333333
37.199999999999996
37.957142857142856
37.771428571428565
37.5
37.728571428571435
37.32857142857143
37.699999999999996
37.614285714285714
36.85
37.857142857142854
37.199999999999996
37.233333333333334
37.233333333333334
37.233333333333334
37.4
37.4
36.800000000000004
37.75
37.0
37.0
37.0
36.6
36.6
38.3
37.1
37.48571428571428
37.61666666666667
36.98571428571428
37.86666666666667
37.300000000000004
37.542857142857144
37.84285714285714
37.4
37.4
37.3
37.3
37.3
37.3
37.3
37.3
37.3
37.375
37.67142857142857
37.400000000000006
37.400000000000006
37.7
37.7
37.3
37.41428571428571
37.41428571428571
37.41428571428571
37.128571428571426
37.9
37.84285714285715
37.25
37.9
37.48333333333333
37.55
37.55
37.32
37.38
36.714285714285715
35.8
37.4
37.4
37.4
36.239999999999995
36.74285714285714
35.949999999999996
36.67142857142857
36.550000000000004
36.4
36.82857142857143
36.82857142857143
36.82857142857143
36.239999999999995
36.028571428571425
35.550000000000004
36.76666666666667
36.13333333333333
36.642857142857146
36.25
36.31428571428571
36.35
36.199999999999996
36.4
36.016666666666666
36.68571428571429
35.839999999999996
35.839999999999996
36.8
35.86666666666667
36.771428571428565
35.4
35.4
35.4
36.06666666666667
36.9
35.9
36.4
36.68571428571429
36.18
36.75
35.97142857142857
36.65
35.5
35.5
37.1
35.74285714285714
36.800000000000004
35.8
35.8
36.480000000000004
35.63333333333333
36.449999999999996
35.800000000000004
36.45714285714286
36.5
35.833333333333336
35.833333333333336
36.6
36.25
36.11666666666667
35.81428571428571
36.6
35.94285714285714
36.25
36.07142857142857
35.8
36.4
36.4
36.4
36.9
35.92857142857143
36.233333333333334
35.91428571428572
35.91428571428572
35.91428571428572
35.53333333333333
36.457142857142856
35.86666666666667
35.98571428571429
36.1
35.81428571428571
36.63333333333333
35.457142857142856
36.333333333333336
36.028571428571425
36.6
36.6
36.2
36.199999999999996
36.050000000000004
35.92857142857143
36.42
36.42
35.2
35.800000000000004
35.5
36.53333333333334
35.6
35.98571428571429
35.5
35.766666666666666
35.98571428571428
35.2
35.2
36.3
35.6
35.94285714285714
35.6
35.6
35.53333333333333
35.76666666666667
35.449999999999996
36.4
35.9
36.0
35.8
35.62857142857143
35.93333333333333
36.128571428571426
35.550000000000004
36.0
35.74
35.57142857142857
36.35
35.785714285714285
35.800000000000004
35.8
35.8
35.480000000000004
36.425
36.425
35.0
36.142857142857146
36.1
36.1
35.85
35.85
35.35
35.95714285714286
35.95714285714286
35.95714285714286
35.875
35.875
35.1
35.56666666666666
35.56666666666666
35.56666666666667
36.07142857142857
35.449999999999996
36.25
36.25
36.25
36.25
36.25
36.25
36.3
36.3
35.175
36.15
35.46666666666667
35.9
35.9
35.9
35.96666666666667
35.800000000000004
35.457142857142856
35.916666666666664
35.24285714285714
35.642857142857146
35.78333333333333
35.41428571428572
36.13333333333333
36.13333333333333
36.13333333333333
35.1
35.44285714285714
36.4
36.2
35.22
35.22
36.4
35.6
35.77142857142857
35.699999999999996
35.542857142857144
35.98571428571429
35.300000000000004
35.800000000000004
35.575
35.575
35.7
35.4
35.4
36.175
35.4
35.9
35.9
35.025000000000006
36.0
36.0
35.36666666666667
36.06666666666667
35.224999999999994
35.224999999999994
36.45
36.516666666666666
37.15
36.699999999999996
36.62857142857143
36.56666666666667
36.56666666666667
36.2
36.2
36.2
37.3
37.3
36.239999999999995
36.5
36.55
36.9
36.61666666666667
37.5
37.5
36.5
36.583333333333336
36.72
36.72
37.099999999999994
36.85
37.01428571428572
36.1
36.1
37.300000000000004
36.528571428571425
37.4
37.4
37.4
37.4
36.8
36.4
37.042857142857144
36.32
36.800000000000004
36.800000000000004
36.800000000000004
36.9
36.699999999999996
37.271428571428565
36.4
37.042857142857144
37.199999999999996
36.78333333333334
37.371428571428574
36.949999999999996
36.614285714285714
37.38333333333333
36.800000000000004
37.06
36.98571428571428
36.6
36.6
38.0
36.0
36.0
36.0
36.0
37.43333333333333
36.457142857142856
37.0
36.81428571428571
36.239999999999995
37.279999999999994
37.279999999999994
36.0
36.0
36.0
36.64
37.03333333333333
36.6
36.6
37.6
36.34285714285714
37.525
37.525
36.0
37.2
37.2
36.1
36.739999999999995
36.739999999999995
36.6
36.6
36.6
37.019999999999996
36.4
37.114285714285714
36.85
36.666666666666664
36.85
36.85
36.5
36.9
36.65
37.34285714285714
36.785714285714285
36.6
37.25
36.357142857142854
37.15714285714285
36.6
36.6
36.666666666666664
36.175
36.175
36.4
36.4
36.4
36.885714285714286
36.885714285714286
36.1
36.1
36.1
36.75
36.82857142857143
36.300000000000004
37.06
36.628571428571426
36.5
37.0
36.800000000000004
36.825
36.825
36.825
36.733333333333334
36.7
36.7
36.25
36.871428571428574
36.35
36.666666666666664
36.949999999999996
36.51428571428571
36.84285714285714
36.5
36.5
36.4
36.599999999999994
36.599999999999994
36.2
37.7
37.7
36.5
36.475
36.475
36.300000000000004
36.300000000000004
36.300000000000004
36.550000000000004
36.82
36.82
36.82
37.06
36.1
36.1
36.86
36.699999999999996
36.65
36.9
37.07142857142857
36.63333333333333
36.871428571428574
36.5
36.833333333333336
36.833333333333336
36.5
36.85
37.214285714285715
36.36666666666667
36.36666666666667
37.4
36.75
36.75
37.2
36.3
36.8
36.8
36.55
36.55
36.8
36.36666666666667
36.36666666666667
37.4
36.199999999999996
36.199999999999996
35.8
36.333333333333336
36.333333333333336
37.1
36.52857142857143
35.8
35.8
36.65
36.65
35.7
36.5
36.31428571428571
36.833333333333336
36.642857142857146
36.75
36.1
36.1
35.9
35.9
36.0
36.028571428571425
36.699999999999996
36.78333333333333
36.42
36.42
37.7
36.44285714285714
36.78333333333334
36.040000000000006
36.040000000000006
36.9
36.22857142857143
36.9
36.35
36.35
37.0
36.214285714285715
36.53333333333333
36.53333333333333
36.73333333333333
36.65
36.43333333333333
36.43333333333333
35.8
36.528571428571425
35.9
35.9
36.46
36.46
36.46
36.416666666666664
36.6
36.56666666666667
36.4
37.349999999999994
37.349999999999994
36.65
36.65
35.8
36.357142857142854
35.92857142857143
36.771428571428565
36.160000000000004
36.160000000000004
37.4
35.9
35.9
36.94285714285714
36.6
36.65
36.775
36.48333333333333
36.65
35.7
35.7
36.599999999999994
36.41428571428571
36.86666666666667
36.86666666666667
36.86666666666667
36.86666666666667
36.86666666666667
36.275
36.275
37.7
36.25
36.84285714285714
36.36666666666667
36.36666666666667
36.36666666666667
36.5
36.5
36.67999999999999
36.285714285714285
36.285714285714285
36.285714285714285
37.050000000000004
36.56666666666666
37.5
37.5
36.65
36.65
37.5
36.4
36.4
36.96666666666667
36.699999999999996
37.05714285714286
37.3
37.3
36.0
36.0
36.7
37.5
37.5
37.166666666666664
37.166666666666664
37.166666666666664
37.0
37.0
37.28
37.13333333333333
36.47142857142857
37.5
36.73333333333333
36.73333333333333
37.4
36.628571428571426
37.75
37.75
37.75
36.6
36.699999999999996
36.699999999999996
36.849999999999994
36.628571428571426
37.05
37.05
36.8
37.08571428571429
37.114285714285714
36.4
37.41428571428571
36.6
36.6
36.6
36.9
37.06666666666667
37.06666666666667
37.06666666666667
37.8
37.8
37.06666666666667
37.06666666666667
37.3
37.3
37.3
36.1
37.199999999999996
36.96666666666667
36.9
36.9
36.6
36.71666666666667
36.849999999999994
36.849999999999994
36.45
36.675
36.675
36.8
35.9
35.9
37.166666666666664
36.44285714285714
37.03333333333333
36.733333333333334
36.733333333333334
36.8
36.0
36.0
36.53333333333333
37.083333333333336
36.2
36.2
37.5
37.5
36.78
36.82857142857143
36.42
36.957142857142856
36.519999999999996
37.325
37.325
37.325
37.325
37.8
36.96666666666666
36.96666666666666
37.4
36.699999999999996
36.86666666666667
36.285714285714285
37.25714285714286
36.43333333333333
36.728571428571435
36.1
36.1
36.7
36.7
36.7
37.166666666666664
37.166666666666664
36.3
36.325
36.325
36.56666666666667
36.56666666666667
36.56666666666667
37.114285714285714
36.43333333333333
37.333333333333336
37.333333333333336
36.4
37.08571428571429
36.2
36.2
37.15
35.9
35.9
37.225
36.25
37.26666666666667
37.26666666666667
35.7
37.199999999999996
36.86666666666667
36.67142857142858
36.9
36.9
36.9
36.9
36.9
36.63333333333333
37.23333333333333
36.333333333333336
37.08
37.08
36.4
36.85
36.82857142857143
36.6
36.6
37.7
36.5
37.2
37.2
36.333333333333336
37.1
36.65
36.975
36.975
36.65
37.25
36.5
36.5
37.38
36.2
36.2
37.3
37.3
37.2
36.92
37.7
37.7
36.67999999999999
37.5
37.5
36.0
36.0
36.0
36.0
36.0
36.0
37.0
37.0
36.53333333333334
36.971428571428575
36.58
36.699999999999996
36.900000000000006
36.900000000000006
36.1
36.1
36.1
37.32
36.5
37.266666666666666
37.266666666666666
35.8
37.08571428571428
36.833333333333336
36.833333333333336
36.833333333333336
36.833333333333336
36.86666666666667
36.26666666666667
36.26666666666667
37.8
36.24
37.099999999999994
37.099999999999994
36.1
36.714285714285715
36.457142857142856
36.6
36.6
36.6
36.839999999999996
36.614285714285714
37.18333333333333
36.48571428571428
37.3
37.3
36.1
36.666666666666664
36.666666666666664
36.675
37.1
37.1
36.8
35.9
35.9
37.625
36.5
36.5
36.839999999999996
36.839999999999996
36.839999999999996
36.839999999999996
36.63333333333333
36.63333333333333
37.7
37.0
37.0
37.0
37.2
37.2
37.2
37.2
37.2
37.2
37.2
37.2
37.2
37.2
37.2
36.599999999999994
37.17999999999999
36.6
36.6
37.199999999999996
37.06666666666667
37.06666666666667
37.13333333333333
37.13333333333333
37.5
36.67142857142857
36.65
37.03333333333333
36.483333333333334
37.1
36.31428571428571
37.142857142857146
36.36666666666667
36.86666666666667
36.699999999999996
36.699999999999996
36.9
36.35
37.142857142857146
36.92857142857143
36.6
36.92
36.8
36.8
36.525
36.885714285714286
36.885714285714286
36.885714285714286
37.142857142857146
36.542857142857144
36.8
37.028571428571425
36.35
36.625
36.625
36.625
36.625
37.3
35.8
35.8
36.3
36.3
37.25
36.550000000000004
36.88571428571429
36.25
36.25
36.25
36.43333333333334
37.31428571428571
36.0
36.0
37.26666666666667
36.26666666666667
37.8
37.8
37.8
37.8
37.8
36.0
36.0
37.2
37.1
37.1
36.7
36.67142857142857
37.1
36.47142857142857
37.0
37.07142857142857
36.4
36.4
37.1
36.442857142857136
37.166666666666664
36.61666666666667
36.61666666666667
36.61666666666667
36.6
36.6
37.15
37.15
37.15
37.15
37.15
37.1
36.449999999999996
37.2
37.2
36.23333333333333
37.233333333333334
36.3
36.3
36.4
36.4
36.650000000000006
37.128571428571426
36.285714285714285
37.38
36.45
36.45
37.18
36.68333333333333
37.233333333333334
37.233333333333334
36.05
37.11666666666667
37.11666666666667
36.1
37.01428571428572
36.38
37.04285714285714
36.5
37.05714285714286
36.53333333333333
36.614285714285714
37.233333333333334
36.2
37.28333333333334
37.28333333333334
37.28333333333334
36.9
36.23333333333333
37.1
36.9
36.542857142857144
37.21666666666667
36.1
36.800000000000004
36.7
36.583333333333336
36.85
36.300000000000004
36.300000000000004
36.650000000000006
36.07142857142857
37.13333333333333
36.11666666666667
36.88333333333333
36.88333333333333
35.8
36.4
35.96666666666667
37.0
36.51666666666667
36.550000000000004
36.45
36.63333333333333
36.63333333333333
37.3
36.699999999999996
36.46666666666667
36.542857142857144
36.666666666666664
36.0
37.26666666666667
36.457142857142856
36.53333333333333
36.67142857142857
36.25
36.86666666666667
36.3
36.3
36.63333333333333
36.6
37.0
36.5
36.5
36.5
36.86
36.885714285714286
36.3
36.85
36.2
37.15
36.68333333333333
37.0
37.15
36.457142857142856
37.1
36.239999999999995
36.239999999999995
37.4
36.43333333333333
36.94
36.528571428571425
36.42
36.3
36.3
36.32
36.733333333333334
36.733333333333334
36.4
36.64
36.64
36.64
36.64
35.8
36.75
36.416666666666664
36.714285714285715
36.85
36.357142857142854
36.5
36.5
36.1
36.94
36.28333333333334
36.74285714285714
36.85
36.06666666666667
36.75
35.7
35.7
36.93333333333333
36.2
36.82
36.4
36.44285714285714
36.699999999999996
36.019999999999996
36.9
36.75
36.7
36.7
36.7
36.699999999999996
36.64
36.64
37.2
36.45
36.93333333333333
36.3
36.3
36.95
36.13333333333333
37.6
37.6
37.6
36.35
36.56666666666667
36.739999999999995
36.91428571428572
36.15
37.25
37.25
35.8
35.73333333333333
36.74285714285715
36.1
35.55714285714286
36.95
36.260000000000005
36.75
36.25714285714286
36.5
36.81666666666667
35.96
36.91428571428572
35.8
35.8
37.1
36.0
37.06666666666666
36.17142857142857
36.6
36.36666666666667
36.36666666666667
36.400000000000006
36.1
36.1
36.9
36.21666666666667
37.7
37.7
37.7
37.25
36.642857142857146
37.1
36.099999999999994
36.099999999999994
37.075
36.25
36.82857142857143
36.166666666666664
37.25
36.25
36.25
36.25
36.13333333333333
36.980000000000004
36.42857142857143
37.0
37.0
36.220000000000006
37.03333333333333
37.03333333333333
37.03333333333333
36.239999999999995
36.239999999999995
36.4
36.05714285714286
37.050000000000004
37.050000000000004
37.050000000000004
37.1
36.4
36.4
36.8
36.13333333333333
37.7
37.7
36.120000000000005
37.0
36.3
37.3
37.3
35.9
37.199999999999996
36.2
36.2
37.1
36.2
36.833333333333336
36.9
36.58571428571429
36.85
36.51428571428571
36.885714285714286
36.82857142857143
36.22
37.042857142857144
36.1
36.699999999999996
36.699999999999996
36.699999999999996
36.84285714285714
36.75
36.44285714285714
36.85
36.36666666666667
36.93333333333333
36.94
36.542857142857144
36.916666666666664
36.56
36.58571428571429
36.88
36.88
36.3
36.3
36.3
37.2
37.2
35.8
36.65
37.0
37.1
37.1
36.766666666666666
36.81428571428571
36.6
35.8
35.8
37.166666666666664
36.44
36.800000000000004
37.23333333333333
36.4
36.983333333333334
36.55714285714286
37.36666666666667
37.36666666666667
36.36666666666667
37.18333333333334
36.300000000000004
36.94
36.728571428571435
36.17999999999999
37.15
37.15
36.1
36.7
36.67142857142857
37.38
36.41428571428572
37.0
36.35
37.11666666666667
36.5
37.128571428571426
37.1
36.550000000000004
37.9
37.9
37.06
36.949999999999996
36.62
37.199999999999996
36.6
37.08
36.4
36.4
37.0
37.0
36.35
37.0
37.0
36.2
36.8
36.8
37.28
36.74
36.74
36.74
36.5
37.06666666666667
36.714285714285715
36.46666666666667
37.8
37.8
36.9
36.9
37.4
36.800000000000004
36.55
36.55
36.7
36.4
36.4
37.26666666666667
36.4
37.0
37.0
37.0
37.0
36.75
37.1
37.05
36.4
37.8
37.8
36.6
37.199999999999996
36.72
37.42
37.42
36.3
36.800000000000004
36.800000000000004
36.1
37.35
37.0
36.78333333333333
37.26
36.733333333333334
37.08
36.620000000000005
36.620000000000005
36.620000000000005
36.46
37.03333333333333
37.349999999999994
37.349999999999994
37.23333333333333
36.885714285714286
36.885714285714286
37.0
36.56
37.8
37.8
36.6
36.6
36.6
36.6
37.4
37.0
37.0
38.0
36.766666666666666
37.34285714285714
36.628571428571426
37.599999999999994
37.599999999999994
36.525
37.28
37.28
36.6
36.85
36.85
37.7
37.7
37.7
36.95
36.95
37.8
36.857142857142854
36.95
36.95
37.099999999999994
36.699999999999996
36.949999999999996
37.25
37.25
36.55
37.028571428571425
36.333333333333336
37.233333333333334
36.949999999999996
37.0
37.0
36.325
36.325
37.9
36.666666666666664
37.15714285714286
36.4
36.4
37.25
36.78333333333333
37.666666666666664
36.56666666666666
37.45
37.45
36.625
37.300000000000004
36.699999999999996
37.25
36.6
36.6
37.06666666666667
36.800000000000004
36.800000000000004
36.800000000000004
36.550000000000004
37.725
37.725
36.4
37.15
36.78333333333333
37.5
36.800000000000004
37.08571428571429
37.459999999999994
36.51428571428571
37.5
36.800000000000004
36.96666666666667
36.81666666666667
37.0
36.4
37.416666666666664
36.6
36.6
37.339999999999996
36.516666666666666
37.4
37.4
37.4
37.4
36.28
36.28
37.9
36.71666666666666
36.0
36.0
37.339999999999996
36.92857142857143
36.85
36.85
36.2
37.516666666666666
36.81428571428571
37.15714285714286
36.699999999999996
36.92857142857143
37.25
37.25
37.25
37.25
36.55
36.85
36.300000000000004
36.6
36.93333333333333
36.775
36.775
37.7
36.98
36.642857142857146
36.300000000000004
37.2
36.46666666666667
37.2
36.63333333333333
36.46666666666667
36.483333333333334
37.142857142857146
36.28
37.0
36.766666666666666
37.4
37.4
36.03333333333333
36.03333333333333
36.2
36.2
36.2
36.85
36.833333333333336
36.733333333333334
36.900000000000006
36.900000000000006
36.8
36.88333333333333
36.88333333333333
36.88333333333333
36.760000000000005
36.833333333333336
37.15
36.1
36.1
36.85
36.4
37.25714285714286
37.2
37.2
37.08
36.42857142857143
37.050000000000004
36.04
37.38
37.38
37.38
37.38
36.35
36.771428571428565
36.86666666666667
36.833333333333336
36.833333333333336
36.56666666666666
36.56666666666666
36.56666666666666
36.4
36.949999999999996
36.949999999999996
35.9
37.7
37.7
36.53333333333333
36.53333333333333
36.53333333333333
36.9
36.9
36.43333333333333
36.43333333333333
36.43333333333333
36.67142857142857
36.7
36.7
36.7
36.7
36.614285714285714
37.23333333333333
36.25714285714286
37.25
36.1
36.1
36.971428571428575
36.800000000000004
36.51666666666667
37.333333333333336
36.3
36.3
37.22
36.4
37.6
37.6
36.3
36.3
37.4
36.642857142857146
37.06666666666666
36.9
36.9
36.5
36.5
36.63333333333333
37.1
36.3
36.3
36.6
36.46
36.46
36.9
36.9
36.9
37.14
36.6
36.76666666666667
36.88
36.6
37.2
36.416666666666664
37.06666666666666
37.0
36.300000000000004
37.31666666666666
36.56666666666667
36.56666666666667
36.9
36.6
36.957142857142856
36.85
36.56
36.857142857142854
37.06666666666667
36.459999999999994
37.8
37.8
37.8
37.8
36.949999999999996
37.160000000000004
37.160000000000004
36.5
37.199999999999996
36.78333333333333
36.871428571428574
37.4
36.6
36.6
37.8
36.57142857142857
37.03333333333334
37.03333333333334
37.03333333333334
37.03333333333334
36.6
37.1
37.1
36.666666666666664
36.82857142857143
37.2
37.2
37.239999999999995
37.099999999999994
37.099999999999994
37.0
37.199999999999996
37.0
37.0
37.3
37.050000000000004
36.78333333333333
37.333333333333336
36.6
37.05
37.05
36.1
36.1
37.05
37.05
37.05
37.05
37.05
37.05
37.05
37.05
38.1
36.75714285714286
37.18571428571429
36.85
37.1
37.1
37.1
37.48571428571428
37.01666666666667
37.01666666666667
36.4
36.75
37.9
37.9
36.8
37.6
36.833333333333336
38.1
38.1
37.05
37.05
37.6
36.666666666666664
37.58571428571428
36.666666666666664
37.01666666666667
36.95
36.95
36.95
36.95
36.95
37.575
37.175
37.175
36.4
37.35
36.6
36.6
37.400000000000006
37.400000000000006
36.95
36.78333333333333
36.92857142857143
37.24
37.24
36.4
36.57142857142857
37.4
36.550000000000004
36.550000000000004
36.550000000000004
36.550000000000004
36.550000000000004
36.9
37.1
36.93333333333333
36.93333333333333
36.93333333333333
36.55
36.55
37.3
37.0
36.974999999999994
36.974999999999994
36.974999999999994
36.974999999999994
36.6
37.28
37.28
36.1
36.857142857142854
37.3
37.3
36.699999999999996
37.728571428571435
37.0
37.766666666666666
37.766666666666666
36.65
37.542857142857144
36.94285714285714
37.08571428571429
37.35
36.7
36.7
37.53333333333333
36.942857142857136
37.6
36.839999999999996
36.839999999999996
38.1
36.800000000000004
36.800000000000004
37.4
37.08
37.08
37.8
37.8
37.8
37.14
37.14
36.6
36.6
36.6
37.37142857142857
37.07142857142857
37.58571428571429
37.58571428571429
37.58571428571429
37.05
37.05
36.3
37.175
37.175
37.0
37.300000000000004
37.02857142857143
37.5
37.5
36.599999999999994
37.449999999999996
36.666666666666664
37.4
37.13333333333333
37.03333333333333
37.03333333333333
38.0
37.733333333333334
37.2
37.2
36.9
36.93333333333333
37.55714285714286
37.06666666666666
37.042857142857144
36.9
36.9
36.599999999999994
37.32
37.32
36.3
37.3
37.3
36.7
37.01428571428572
37.01428571428572
37.01428571428572
37.5
36.5
36.5
37.5
37.1
37.1
37.05
37.05
37.0
36.55
36.55
37.099999999999994
36.3
36.3
37.25
36.96666666666667
36.96666666666667
37.449999999999996
36.68571428571429
37.300000000000004
37.300000000000004
37.300000000000004
37.150000000000006
37.150000000000006
36.73333333333333
37.56666666666667
37.1
36.2
37.62857142857143
36.833333333333336
36.833333333333336
37.36666666666667
37.333333333333336
37.333333333333336
37.13333333333333
37.142857142857146
36.980000000000004
36.980000000000004
36.980000000000004
36.980000000000004
37.0
36.93333333333333
36.93333333333333
36.925000000000004
36.88
36.88
36.2
37.01428571428572
36.75
37.15714285714285
36.5
36.5
36.5
36.9
37.11666666666667
37.5
37.5
37.15
36.75
36.75
38.0
36.449999999999996
37.9
37.9
37.260000000000005
37.260000000000005
36.2
36.800000000000004
36.800000000000004
36.2
37.4
36.666666666666664
37.35
37.35
36.5
37.285714285714285
36.61666666666667
36.61666666666667
36.1
37.6
37.6
37.1
36.68571428571429
36.82857142857143
36.2
36.2
37.06
36.871428571428574
37.042857142857144
37.300000000000004
36.3
36.3
37.599999999999994
36.42857142857143
37.7
36.6
36.6
37.5
36.84285714285714
37.03333333333333
37.516666666666666
36.457142857142856
37.1
37.0
37.3
37.3
36.0
36.0
37.4
36.8
36.8
36.76666666666667
36.76666666666667
37.849999999999994
37.849999999999994
36.4
36.67142857142857
36.96666666666667
36.82
36.82
36.82
37.22
36.62
37.15
36.199999999999996
37.300000000000004
36.871428571428574
36.71666666666667
37.028571428571425
36.42857142857143
37.5
37.5
36.1
37.449999999999996
36.728571428571435
37.06666666666666
37.166666666666664
36.614285714285714
37.15714285714286
36.642857142857146
37.300000000000004
37.1
36.916666666666664
37.53333333333333
36.5
36.4
36.4
36.55
36.975
36.975
37.4
37.4
36.3
37.43333333333333
37.43333333333333
37.1
37.9
37.9
36.82
37.128571428571426
36.4
36.4
37.56
37.56
36.6
36.725
36.725
37.5
36.75714285714286
37.160000000000004
37.08571428571429
37.08571428571429
36.8
37.23333333333333
37.05
37.05
36.92
37.028571428571425
36.9
36.74285714285714
37.550000000000004
37.550000000000004
36.65
36.65
36.65
37.583333333333336
36.85
36.85
36.9
36.9
36.9
37.1
36.58
36.58
37.05
37.25
36.971428571428575
36.714285714285715
37.56666666666667
36.5
37.44
36.6
36.6
36.6
36.6
37.45
37.45
36.4
37.300000000000004
36.35
36.35
37.9
36.46666666666666
37.483333333333334
36.9
36.94285714285714
37.28333333333333
36.916666666666664
37.266666666666666
36.666666666666664
37.05714285714286
37.31428571428571
36.333333333333336
37.53333333333334
36.857142857142854
37.13333333333333
37.128571428571426
37.2
37.2
36.2
37.25714285714286
36.9
37.11666666666667
37.23333333333333
36.45
37.63333333333333
36.57142857142857
37.34285714285714
36.92857142857143
36.67142857142857
37.11666666666667
36.23333333333333
37.46666666666667
36.43333333333334
36.43333333333334
37.55
36.4
37.35
36.63333333333333
36.9
36.88
36.88
36.88
36.88
36.0
37.050000000000004
36.55714285714286
37.300000000000004
36.642857142857146
36.93333333333333
37.5
36.371428571428574
37.25714285714286
36.699999999999996
36.95
36.266666666666666
36.266666666666666
37.4
36.9
36.74285714285714
37.266666666666666
36.74285714285714
37.1
37.1
36.7
37.228571428571435
36.45
37.18333333333333
37.18333333333333
37.18333333333333
36.942857142857136
36.56666666666667
37.0
37.0
36.325
37.08
37.5
37.5
37.5
36.833333333333336
37.4
36.35
37.339999999999996
36.86666666666667
36.93333333333333
36.3
36.3
36.3
36.3
36.74
37.300000000000004
36.357142857142854
36.800000000000004
37.042857142857144
36.42
37.06666666666666
36.65714285714286
37.3
37.3
36.9
37.06666666666667
36.771428571428565
36.51428571428572
36.51428571428572
36.51428571428572
36.766666666666666
37.214285714285715
36.766666666666666
36.57142857142857
36.0
36.0
36.0
37.7
37.7
36.5
36.6
36.6
37.199999999999996
36.25
37.05714285714286
36.58571428571429
36.58571428571429
36.58571428571429
36.5
37.07142857142857
36.699999999999996
36.279999999999994
36.93333333333333
36.93333333333333
37.0
36.43333333333333
37.03333333333333
37.03333333333333
36.75
37.56666666666667
37.56666666666667
36.475
37.5
37.050000000000004
37.0
37.0
37.0
37.3
36.75
36.75
37.5
36.575
36.575
38.0
36.628571428571426
37.2
37.6
37.6
37.4
36.0
36.0
38.0
36.699999999999996
36.699999999999996
37.1
36.84285714285715
36.84285714285715
36.84285714285715
36.86666666666667
37.166666666666664
37.166666666666664
36.3
36.75714285714286
36.75714285714286
37.285714285714285
36.56
37.2
37.2
36.325
37.666666666666664
36.6
37.51428571428571
37.08571428571429
37.0
37.0
36.971428571428575
37.575
37.575
36.43333333333333
37.385714285714286
36.357142857142854
37.11666666666667
36.53333333333334
37.15
36.93333333333333
36.93333333333333
37.5
36.92
37.028571428571425
36.97142857142857
36.728571428571435
37.339999999999996
37.339999999999996
35.9
36.0
36.0
36.2
37.228571428571435
36.68333333333334
37.15714285714286
36.85
36.785714285714285
38.0
38.0
36.6
36.6
36.56666666666667
36.983333333333334
36.65
37.11666666666667
37.050000000000004
36.63333333333333
37.56666666666667
36.8
36.8
38.0
38.0
37.15
36.84285714285714
36.699999999999996
37.4
37.4
36.45
37.0
37.0
36.6
36.78333333333333
36.833333333333336
37.300000000000004
36.78333333333333
37.300000000000004
37.300000000000004
37.300000000000004
37.38333333333333
36.5
37.357142857142854
36.46
36.728571428571435
36.96666666666667
36.699999999999996
37.449999999999996
36.65
36.65
37.65
36.86666666666667
37.55
37.55
36.8
37.03333333333333
36.92857142857143
37.44285714285714
36.58
36.957142857142856
37.166666666666664
36.699999999999996
36.94
36.94
36.6
37.050000000000004
36.5
36.93333333333334
36.93333333333334
36.2
37.6
36.550000000000004
37.2
37.2
36.0
36.0
38.0
36.714285714285715
37.4
37.4
36.86666666666667
37.1
37.1
36.625
37.300000000000004
36.92857142857143
36.67142857142857
37.15
36.7
36.9
36.9
36.9
36.9
37.2
36.78333333333333
37.23333333333333
37.23333333333333
37.23333333333333
37.449999999999996
36.84285714285715
37.34285714285715
37.03333333333333
37.11666666666667
37.36666666666667
36.699999999999996
37.43333333333333
37.55
36.771428571428565
37.628571428571426
37.18
37.285714285714285
37.666666666666664
36.68571428571429
37.516666666666666
37.166666666666664
36.942857142857136
37.6
36.4
36.4
38.2
36.766666666666666
37.5
37.28333333333333
37.142857142857146
37.46666666666667
37.128571428571426
37.56666666666666
36.885714285714286
37.0
37.228571428571435
37.4
37.4
37.0
37.11666666666667
37.3
37.3
36.4
37.114285714285714
36.63333333333333
37.699999999999996
36.82857142857142
37.1
37.63333333333333
36.65714285714286
37.48571428571429
37.03333333333334
36.84285714285715
37.4
37.4
37.2
37.2
37.2
37.725
36.6
37.13333333333333
37.13333333333333
36.800000000000004
37.42857142857143
36.675000000000004
36.675000000000004
37.6
36.54
37.7
37.7
37.7
37.3
37.1
37.21666666666667
37.21666666666667
37.21666666666667
36.85
37.41428571428571
36.44
37.08571428571429
37.4
36.98333333333333
37.32857142857143
37.35
37.02857142857143
37.82
37.82
37.82
37.82
37.82
36.833333333333336
37.642857142857146
36.925
36.925
37.6
36.879999999999995
36.879999999999995
36.879999999999995
36.879999999999995
37.1
37.300000000000004
36.77142857142858
37.35
37.35
36.4
36.4
37.9
37.5
37.5
37.5
37.5
37.5
37.5
37.5
37.5
37.5
37.4
36.93333333333333
37.357142857142854
36.9
36.9
37.05
36.65
37.48
37.48
36.76666666666667
37.166666666666664
37.2625
36.76
37.52857142857143
36.75
36.971428571428575
37.32
36.942857142857136
37.6
36.98571428571428
37.166666666666664
37.166666666666664
36.4
37.08571428571429
37.03333333333333
37.142857142857146
37.58
36.92857142857143
37.26666666666667
37.228571428571435
36.833333333333336
37.371428571428574
36.73333333333333
37.4
37.03333333333333
36.94285714285714
37.5
36.56
36.56
36.6
36.75714285714286
38.0
38.0
38.0
37.23333333333333
36.6
36.6
36.6
36.76
37.5
37.016666666666666
37.260000000000005
37.260000000000005
36.9
37.43333333333333
37.43333333333333
36.1
36.1
38.1
37.35
37.35
36.660000000000004
37.03333333333333
36.983333333333334
36.85
37.528571428571425
36.800000000000004
37.18571428571429
37.32857142857143
36.63333333333333
37.471428571428575
36.800000000000004
36.92
38.0
38.0
37.12
37.199999999999996
36.785714285714285
37.214285714285715
36.642857142857146
37.05
37.357142857142854
36.65
37.375
37.375
37.375
37.375
37.2
37.050000000000004
37.199999999999996
36.81666666666666
37.449999999999996
37.449999999999996
36.9
37.2
37.0
36.52
37.150000000000006
37.150000000000006
37.15
37.15
38.1
37.08
37.271428571428565
36.885714285714286
37.333333333333336
36.733333333333334
36.75
37.528571428571425
36.550000000000004
37.266666666666666
36.871428571428574
36.6
37.550000000000004
36.4
37.614285714285714
36.825
36.825
38.0
36.785714285714285
37.53333333333333
36.728571428571435
37.449999999999996
36.76666666666667
37.128571428571426
37.480000000000004
36.6
36.94285714285714
37.266666666666666
36.75714285714286
37.550000000000004
37.550000000000004
37.550000000000004
37.7
37.7
37.7
37.7
37.7
37.0
37.128571428571426
37.042857142857144
37.5
36.779999999999994
36.779999999999994
37.9
37.1
37.5
36.916666666666664
37.5
37.150000000000006
37.150000000000006
36.733333333333334
37.56666666666667
37.56666666666667
37.56666666666667
37.416666666666664
37.416666666666664
36.5
37.699999999999996
37.128571428571426
37.300000000000004
37.483333333333334
37.06
38.2
38.2
36.675
36.675
36.675
37.35
37.35
37.3
37.3
37.3
37.01428571428572
37.199999999999996
36.4
36.4
37.45
36.98333333333333
37.48571428571428
37.51428571428572
36.675
36.675
38.0
36.96666666666666
36.86666666666667
36.86666666666667
36.8
37.1
37.1
37.1
37.050000000000004
37.239999999999995
37.239999999999995
37.239999999999995
37.660000000000004
37.016666666666666
37.38
37.38
37.7
37.7
37.1
36.62
37.550000000000004
37.13333333333333
37.43333333333334
37.68
36.81666666666667
36.7
36.7
36.440000000000005
37.52
37.52
36.93333333333333
37.5
36.6
36.6
37.8
37.5
37.5
37.660000000000004
37.7
37.7
36.7
36.3
36.3
36.75
36.75
36.75
37.5
36.67142857142857
37.128571428571426
37.36666666666667
36.725
36.725
37.15
36.885714285714286
36.91428571428571
36.18
36.18
37.36666666666667
36.5
36.5
37.8
37.32
37.32
37.32
36.0
36.666666666666664
37.6
37.6
36.375
37.35
36.550000000000004
36.38
36.38
36.38
37.199999999999996
36.2
36.2
37.233333333333334
37.233333333333334
35.8
36.81666666666667
36.25
36.25
35.8
35.8
35.8
35.8
35.8
35.8
35.8
36.1
36.785714285714285
36.38333333333333
36.92857142857143
36.46666666666667
36.51428571428571
37.03333333333333
35.7
35.7
35.7
36.233333333333334
37.025
37.025
35.9
36.75
36.75
36.7
36.733333333333334
36.733333333333334
36.733333333333334
35.8
35.8
36.766666666666666
36.25
36.166666666666664
37.6
37.6
36.54
37.5
37.5
36.2
36.983333333333334
36.3
36.57142857142857
36.916666666666664
36.916666666666664
36.916666666666664
36.7
35.8
35.8
36.68333333333333
36.35
36.833333333333336
36.483333333333334
37.6
37.6
36.074999999999996
36.074999999999996
37.6
36.199999999999996
36.699999999999996
36.699999999999996
36.2
37.25
37.25
37.3
36.96666666666666
36.614285714285714
37.1
37.1
37.4
37.0
37.0
36.78333333333333
36.78333333333333
36.78333333333333
36.78333333333333
36.78333333333333
36.1
36.9
36.44
36.86666666666667
36.86666666666667
36.86666666666667
36.3
36.3
37.2
36.58571428571429
36.4
36.4
36.95
36.5
36.85
36.96666666666667
36.96666666666667
36.96666666666667
37.349999999999994
36.628571428571426
37.42
37.42
36.0
37.228571428571435
36.63333333333333
36.63333333333333
37.35
36.660000000000004
36.660000000000004
37.8
36.41428571428572
37.03333333333334
36.699999999999996
36.85
37.128571428571426
36.728571428571435
37.07142857142857
37.18
37.9
37.9
37.03333333333333
36.58
36.58
36.58
37.15
37.15
37.2
37.2
36.6
36.5
37.31428571428571
36.824999999999996
36.824999999999996
36.3
36.3
36.3
36.857142857142854
35.9
35.9
35.9
35.9
37.05
37.5
37.5
36.3
36.3
37.6
36.300000000000004
36.8
37.07142857142857
36.7
36.7
36.7
36.7
37.0
36.771428571428565
36.56
36.56
36.56
36.8
36.8
37.1
37.300000000000004
37.300000000000004
37.13333333333333
37.13333333333333
37.13333333333333
36.4
36.4
37.0
37.0
37.0
36.71666666666667
37.06666666666667
37.17142857142857
36.471428571428575
36.98571428571428
36.4
36.4
36.4
36.41428571428571
36.56666666666666
37.18571428571429
36.4
36.94285714285714
36.86666666666667
36.65
36.96
36.96
36.400000000000006
36.800000000000004
36.800000000000004
36.800000000000004
35.9
35.9
37.425
37.425
36.3
37.15
36.849999999999994
36.849999999999994
37.0
36.800000000000004
36.7
36.63333333333333
36.63333333333333
37.275000000000006
37.35
37.35
35.9
37.36666666666667
37.36666666666667
37.36666666666667
36.98571428571428
36.266666666666666
37.32000000000001
37.32000000000001
36.6
36.54
36.54
36.7
36.12857142857143
37.7
37.7
36.275
36.275
36.275
37.17142857142857
36.48571428571428
37.04
37.04
36.6
36.6
36.9
37.3
37.3
36.34285714285714
36.8
36.8
36.0
37.18333333333334
36.3
37.1
36.5
36.5
37.13333333333333
37.13333333333333
37.13333333333333
37.13333333333333
35.8
36.98571428571429
36.98571428571429
36.98571428571429
37.199999999999996
36.357142857142854
36.96666666666667
36.96666666666667
36.96666666666667
36.971428571428575
36.2
36.916666666666664
36.0
36.0
37.150000000000006
36.41428571428572
36.8
36.8
36.0
36.95
36.5
37.5
36.4
36.4
37.260000000000005
36.642857142857146
36.68571428571429
37.128571428571426
36.449999999999996
37.0
36.525
36.525
37.1
36.71666666666667
37.233333333333334
37.233333333333334
36.425
37.4
36.85
36.85
37.4
36.8
36.8
37.1
36.483333333333334
37.24285714285714
37.24285714285714
37.24285714285714
37.1
36.699999999999996
37.2
37.2
36.4
37.46666666666667
36.85
36.85
36.85
36.699999999999996
37.142857142857146
36.63333333333333
36.63333333333333
36.95
36.98571428571428
37.12
37.12
36.2
37.13333333333333
37.13333333333333
37.13333333333333
37.03333333333333
37.03333333333333
37.03333333333333
37.4
37.4
37.285714285714285
37.285714285714285
37.285714285714285
37.08571428571429
37.2
37.2
37.125
37.17142857142857
37.199999999999996
37.199999999999996
37.199999999999996
37.199999999999996
37.199999999999996
37.1
37.1
37.26
37.26
38.0
36.833333333333336
37.550000000000004
36.96666666666667
36.96666666666667
37.2
36.63333333333333
37.300000000000004
37.300000000000004
36.43333333333333
37.31428571428571
36.6
36.6
37.480000000000004
37.083333333333336
37.266666666666666
36.2
36.2
37.88
36.64
37.51428571428572
37.4
37.4
37.7
36.2
36.2
37.8
37.8
37.8
37.8
37.8
37.8
37.8
37.8
37.8
37.0
37.285714285714285
37.300000000000004
36.84285714285714
37.44285714285714
37.24285714285714
36.86
37.285714285714285
37.285714285714285
37.285714285714285
37.31428571428571
37.15714285714286
37.449999999999996
37.449999999999996
37.449999999999996
38.01428571428572
38.2
37.28333333333333
36.75714285714286
37.55714285714286
37.03333333333333
37.03333333333333
37.5
36.839999999999996
37.5
37.5
36.7
38.2
37.41428571428571
37.03333333333333
37.03333333333333
37.1
36.8
36.550000000000004
37.03333333333334
37.1
37.1
37.6
37.18333333333333
36.6
37.54
36.68333333333333
37.0
37.0
37.0
37.08571428571429
37.4
37.0
36.65
37.449999999999996
36.51428571428571
36.95
37.15
36.53333333333333
37.35
37.01428571428572
36.800000000000004
37.266666666666666
36.949999999999996
36.628571428571426
37.160000000000004
37.160000000000004
36.3
36.9
36.65
36.65
37.5
36.46666666666667
37.25
36.93333333333334
36.75
37.15714285714286
36.85
36.85
37.474999999999994
36.6
37.199999999999996
37.199999999999996
36.8
37.199999999999996
36.93333333333334
36.73333333333333
38.0
38.0
36.74
37.371428571428574
36.6
37.45
37.45
36.3
37.266666666666666
37.266666666666666
37.266666666666666
37.25
36.771428571428565
36.766666666666666
36.93333333333333
36.93333333333333
36.2
37.1
37.050000000000004
37.550000000000004
37.142857142857146
36.85
37.32857142857143
36.4
36.4
37.225
36.58
37.666666666666664
36.56
36.916666666666664
36.7
36.7
37.233333333333334
37.05714285714286
36.714285714285715
37.37142857142857
36.81428571428571
37.1
37.285714285714285
37.0
37.0
37.5
37.057142857142864
37.666666666666664
36.75714285714286
37.5
37.199999999999996
36.9
37.6
36.72857142857142
37.050000000000004
37.24285714285714
36.5
37.550000000000004
37.0
37.0
37.9
37.15714285714285
37.0
37.15
36.86666666666667
38.2
38.2
36.699999999999996
37.480000000000004
37.480000000000004
36.2
37.483333333333334
36.56666666666667
37.25
37.25
36.6
37.46666666666667
37.028571428571425
37.166666666666664
37.166666666666664
37.2
37.5
37.5
36.74
37.449999999999996
37.271428571428565
37.56666666666666
37.08571428571429
37.0
36.885714285714286
36.885714285714286
36.885714285714286
37.36
37.36
37.5
37.2
37.2
36.9
37.44285714285714
37.17142857142857
36.96666666666667
37.9
37.9
37.375
37.375
37.8
37.1
37.457142857142856
37.05
37.05
37.4
36.739999999999995
36.739999999999995
38.0
36.885714285714286
37.36666666666667
37.36666666666667
36.6
37.540000000000006
36.95
38.2
38.2
36.3
36.3
37.92
37.92
37.92
36.81428571428571
36.833333333333336
37.4
36.733333333333334
36.733333333333334
37.9
37.050000000000004
37.45
36.63333333333333
37.7
37.7
37.4
37.53333333333333
37.2
36.74285714285714
37.68333333333334
36.63333333333333
37.357142857142854
37.24285714285714
37.03333333333333
37.45
37.15
36.94285714285714
37.28333333333333
36.9
36.9
37.5
36.81428571428571
37.199999999999996
36.92857142857143
37.13333333333333
37.04
37.04
36.4
36.4
37.9
37.300000000000004
37.300000000000004
37.300000000000004
37.36666666666667
36.871428571428574
37.2
37.2
36.4
37.5
36.525
36.525
37.7
37.199999999999996
37.01428571428572
37.38333333333333
36.75
37.5
37.5
37.0
37.0
37.6
37.05714285714286
37.142857142857146
36.975
36.975
36.4
37.471428571428575
37.980000000000004
37.980000000000004
36.5
37.13333333333333
37.13333333333333
37.1
36.96
38.1
38.1
37.42
36.699999999999996
37.44285714285714
37.03333333333333
36.733333333333334
37.300000000000004
36.666666666666664
37.1
37.300000000000004
36.9
37.56666666666667
36.857142857142854
37.5
37.5
36.9
36.9
37.55
37.9
37.9
37.519999999999996
36.75
37.833333333333336
36.5
37.300000000000004
37.4
36.983333333333334
37.471428571428575
37.1
37.0
37.13333333333333
37.13333333333333
36.8
36.766666666666666
36.833333333333336
37.22
37.22
37.22
37.22
37.06
37.06
37.7
36.728571428571435
37.32857142857143
36.9
37.24285714285714
37.61666666666667
36.65
36.65
38.0
37.233333333333334
37.55714285714286
37.32
37.199999999999996
37.03333333333333
37.03333333333333
37.3
36.8
36.8
37.760000000000005
37.5
37.21666666666667
37.56
37.56
36.6
37.233333333333334
36.84285714285714
37.75
36.720000000000006
36.720000000000006
37.8
37.471428571428575
36.88
37.41428571428571
36.86666666666667
37.48571428571428
37.800000000000004
37.1
37.333333333333336
37.480000000000004
37.1
37.86666666666667
37.199999999999996
36.81428571428571
37.71666666666667
36.800000000000004
37.699999999999996
37.44285714285714
37.3
37.3
38.1
37.871428571428574
37.333333333333336
37.67142857142857
36.9
37.45
37.614285714285714
36.971428571428575
37.53333333333334
37.25
37.25
37.725
37.666666666666664
36.857142857142854
37.25
37.25
36.96666666666667
36.96666666666667
38.1
37.300000000000004
37.4
36.3
36.3
38.2
36.9
36.9
37.54
37.4
37.4
37.675
37.21666666666667
37.528571428571425
36.760000000000005
37.542857142857144
37.300000000000004
37.7
37.7
37.4
36.95
37.15714285714286
37.56666666666667
36.65
37.642857142857146
37.11666666666667
37.04
37.25
37.25
37.13333333333333
37.13333333333333
36.6
37.32
36.94
37.0
37.6
37.0
37.0
36.92
36.96
36.96
36.4
36.8
36.8
37.15
37.15
37.15
37.15
37.099999999999994
37.25
37.25
37.25
37.53333333333333
36.4
36.4
37.483333333333334
36.728571428571435
37.271428571428565
36.96666666666666
36.75
37.45
36.1
36.1
37.725
37.050000000000004
37.040000000000006
37.42857142857143
36.949999999999996
37.3
37.18571428571429
37.1
37.214285714285715
36.800000000000004
37.1
37.1
36.5
37.25
37.25
37.25
37.271428571428565
37.14
37.074999999999996
37.074999999999996
36.9
37.9
37.9
37.1
37.625
37.625
36.9
37.385714285714286
37.385714285714286
37.385714285714286
37.666666666666664
36.7
37.285714285714285
37.25
36.65714285714286
37.5
36.2
36.2
37.58
37.1
37.1
37.35
37.56666666666667
37.56666666666667
37.56666666666667
37.56666666666667
37.56666666666667
37.56666666666667
36.5
36.5
36.5
36.5
36.5
36.5
37.3
37.3
36.614285714285714
37.471428571428575
37.3
37.3
37.7
37.050000000000004
37.4
37.4
36.675000000000004
37.357142857142854
36.92857142857143
37.333333333333336
37.6
37.6
37.5
36.949999999999996
37.300000000000004
37.300000000000004
37.1
37.042857142857144
37.042857142857144
38.0
37.25
37.21666666666667
37.03333333333333
37.300000000000004
36.9
36.9
36.5
37.43333333333333
36.9
36.88333333333333
36.900000000000006
36.900000000000006
36.625
36.625
38.0
37.08571428571429
37.339999999999996
37.339999999999996
37.1
37.614285714285714
37.614285714285714
37.614285714285714
37.800000000000004
37.800000000000004
36.4
36.4
36.4
37.175
37.175
37.46666666666667
36.8
36.8
36.8
36.8
37.08
37.959999999999994
36.971428571428575
37.24285714285714
37.38333333333333
37.1
37.300000000000004
37.24285714285714
37.4
36.98571428571429
37.36666666666667
37.58
36.971428571428575
37.9
37.9
37.9
37.9
37.9
37.9
37.15
37.15
37.1
37.1
37.46666666666667
37.46666666666667
37.46666666666667
38.2
37.333333333333336
37.26666666666667
37.26666666666667
37.333333333333336
37.11666666666667
36.5
36.5
36.94
37.48333333333333
37.35
36.9
37.724999999999994
37.724999999999994
37.5
37.3
37.614285714285714
38.2
38.2
37.4
36.96666666666667
37.2
37.2
37.2
36.7
36.7
37.2
37.35
38.1
38.1
36.9
37.92
36.6
37.099999999999994
37.099999999999994
37.43333333333333
36.86
36.48
36.48
37.7
37.528571428571425
37.25
37.03333333333333
37.6
37.68571428571429
37.45
37.45
36.94
37.214285714285715
37.214285714285715
37.214285714285715
37.214285714285715
37.214285714285715
37.525
37.24285714285714
37.31666666666667
36.91428571428571
38.1
38.1
36.92
37.6
37.6
38.2
37.12
37.4
36.85
37.31428571428571
37.6
37.04
37.04
37.1
36.9
36.9
37.3
36.84285714285714
37.099999999999994
37.099999999999994
37.65
37.10000000000001
37.25714285714286
37.17142857142857
36.95
36.95
37.1
37.2
37.2
37.06666666666666
37.06666666666666
37.06666666666666
36.875
36.875
36.9
37.057142857142864
36.839999999999996
36.839999999999996
36.839999999999996
36.971428571428575
36.833333333333336
36.833333333333336
36.833333333333336
36.68571428571429
37.15
37.15
36.675
37.46666666666667
37.46666666666667
37.2
37.18
36.74285714285715
36.74285714285715
36.2
37.05
37.05
36.7
37.25
37.25
36.5
37.371428571428574
36.85
36.85
37.1
37.1
37.1
37.35
37.35
36.7
37.471428571428575
37.2
37.05714285714286
37.05714285714286
37.05714285714286
38.2
38.2
38.2
38.2
38.0
36.5
36.5
37.3
37.3
36.3
36.9
36.9
36.4
37.225
37.225
37.13333333333333
37.13333333333333
38.2
37.1
37.371428571428574
37.15
37.050000000000004
37.160000000000004
37.160000000000004
36.4
36.4
36.7
37.13333333333333
37.266666666666666
37.642857142857146
37.5
37.5
37.1
37.1
36.8
37.88333333333333
37.128571428571426
37.128571428571426
37.128571428571426
38.233333333333334
38.3
38.3
36.6
36.94285714285714
37.4
37.166666666666664
37.166666666666664
37.5
37.699999999999996
37.6
37.6
37.4
37.385714285714286
37.2
37.2
37.225
37.225
37.225
37.01428571428572
37.166666666666664
37.166666666666664
36.8
37.2
37.2
36.6
36.65
36.65
36.9
37.371428571428574
37.05714285714286
37.228571428571435
37.08571428571429
37.16
37.02
37.02
38.3
36.92857142857143
37.61666666666667
37.1
37.1
36.9
37.71666666666667
36.987500000000004
38.1
38.1
37.06666666666667
37.6
37.6
37.06666666666667
37.6
37.6
37.4
36.6
37.25
37.25
36.3
37.64
37.64
36.900000000000006
37.35
37.35
36.73333333333333
37.1
37.1
36.5
37.44285714285714
36.9
37.25714285714286
37.2
37.6
37.6
37.125
37.56
36.93333333333334
36.93333333333334
36.93333333333334
37.125
37.125
37.5
37.0
37.4
37.4
37.4
37.4
37.4
36.7
36.3
36.3
36.8
37.55
37.55
36.849999999999994
37.4
36.73333333333333
36.7
36.7
37.18
37.15714285714286
37.449999999999996
36.68571428571429
37.128571428571426
37.3
37.3
37.2
37.028571428571425
37.17142857142857
37.371428571428574
36.699999999999996
37.5
37.5
37.5
37.5
37.25
36.983333333333334
36.983333333333334
36.983333333333334
36.983333333333334
36.983333333333334
36.983333333333334
37.949999999999996
37.949999999999996
37.949999999999996
36.949999999999996
37.25
36.8
36.8
37.333333333333336
37.333333333333336
36.8
36.9
36.86
36.86
38.1
37.03333333333333
37.03333333333333
37.6
36.980000000000004
36.980000000000004
37.7
36.62857142857143
37.55714285714286
36.7
37.36666666666667
37.36666666666667
36.625
37.03333333333334
37.03333333333334
37.03333333333334
37.53333333333333
36.91428571428571
37.0
37.44285714285714
37.0
37.8
37.8
36.733333333333334
37.019999999999996
38.3
38.3
37.36666666666667
37.25
36.3
36.3
36.974999999999994
36.974999999999994
37.1
37.0
37.0
38.1
36.3
36.3
37.4
37.2
37.2
36.975
37.166666666666664
37.13333333333333
37.13333333333333
37.13333333333333
37.13333333333333
37.13333333333333
38.1
38.1
38.1
37.36666666666667
36.3
36.3
37.675
37.0
37.150000000000006
37.150000000000006
36.4
37.35
37.1
37.11666666666667
37.13333333333333
36.9
37.660000000000004
37.660000000000004
36.5
37.24285714285714
37.2
37.2
37.3
37.1
38.0
38.0
36.666666666666664
37.01428571428572
37.5
36.43333333333334
38.1
38.1
36.82
37.075
37.075
36.8
37.17142857142857
37.3
36.885714285714286
37.7
37.7
36.6
36.6
36.6
37.160000000000004
37.160000000000004
36.8
37.41428571428571
37.128571428571426
37.1
37.6
37.6
36.95
36.95
36.8
38.2
38.2
36.3
37.6
36.4
36.4
37.5
37.400000000000006
37.400000000000006
36.72
37.13333333333333
37.25
36.728571428571435
36.31666666666667
36.9
37.199999999999996
37.199999999999996
36.833333333333336
36.55
36.55
36.75
37.385714285714286
37.233333333333334
37.0
37.38333333333333
37.233333333333334
37.233333333333334
38.0
36.93333333333333
37.31666666666666
37.31666666666666
36.8
37.46666666666667
36.96666666666667
36.86666666666667
37.642857142857146
36.766666666666666
37.550000000000004
36.8
36.8
37.0
37.07142857142857
36.75714285714286
37.63333333333333
36.93333333333333
37.357142857142854
37.300000000000004
37.0
37.266666666666666
36.58571428571428
37.4
36.7
36.7
37.5
37.15
36.92857142857143
37.760000000000005
36.739999999999995
36.739999999999995
37.6
36.666666666666664
37.6
37.25
37.01428571428572
37.300000000000004
36.85
37.666666666666664
36.53333333333333
36.53333333333333
37.9
36.53333333333333
37.42857142857143
36.699999999999996
36.699999999999996
36.699999999999996
36.760000000000005
36.760000000000005
36.760000000000005
36.760000000000005
36.75
37.43333333333333
36.699999999999996
36.36666666666667
36.36666666666667
36.36666666666667
36.4
37.300000000000004
36.88571428571429
37.6
37.2
37.53333333333333
37.68571428571429
37.028571428571425
37.6
36.983333333333334
37.2875
37.550000000000004
37.1
37.4
37.4
36.9
38.3
38.3
36.8
37.733333333333334
37.42857142857143
37.06666666666666
37.5
37.5
36.3
37.357142857142854
36.642857142857146
37.442857142857136
37.06666666666667
37.06666666666667
38.0
37.03333333333333
37.03333333333333
37.03333333333333
36.8
38.3
38.3
36.75
37.61666666666667
37.61666666666667
37.61666666666667
37.4
37.0
38.3
38.3
36.7
37.18571428571429
37.35
37.4
37.4
37.1
37.35
37.86666666666667
37.166666666666664
37.46
37.65
37.275
37.82
37.542857142857144
37.0
37.0
37.42
37.55714285714286
37.550000000000004
37.32857142857143
37.36
37.550000000000004
38.4
38.4
37.459999999999994
37.0
37.92
37.15
37.233333333333334
37.800000000000004
36.6
36.6
37.949999999999996
36.98571428571428
37.96666666666667
37.228571428571435
37.44
37.528571428571425
37.35
37.61666666666667
37.800000000000004
37.24285714285714
37.5
37.32857142857143
37.24285714285714
38.1
37.128571428571426
37.4
37.94285714285714
37.06666666666667
37.78
37.78
36.8
37.82857142857143
37.54
37.5
37.5
38.4
37.7
37.7
37.75
37.4
36.7
37.0
37.85
37.71666666666667
37.36666666666667
37.833333333333336
37.833333333333336
37.4
37.4
37.699999999999996
37.58571428571429
37.96666666666667
36.699999999999996
36.5
36.5
38.12
37.62
37.666666666666664
37.56666666666666
37.56666666666666
37.56666666666667
37.471428571428575
37.96666666666667
37.32857142857143
37.333333333333336
38.06666666666667
37.25714285714286
37.771428571428565
38.050000000000004
37.666666666666664
37.699999999999996
37.93333333333333
37.6
37.666666666666664
37.728571428571435
37.5
37.98571428571428
37.75
37.0
37.0
38.04
38.04
38.04
37.9
37.449999999999996
37.800000000000004
37.175
37.175
38.0
38.300000000000004
37.733333333333334
37.416666666666664
37.36666666666667
37.628571428571426
37.199999999999996
37.55
37.36666666666667
38.5
37.85
37.6
37.6
37.6
37.4
38.0
37.5
37.6
38.26666666666667
37.699999999999996
37.699999999999996
38.0
37.733333333333334
37.84285714285715
37.94
37.471428571428575
37.87142857142857
38.03333333333333
37.5
38.48
38.48
37.0
38.24285714285714
37.800000000000004
37.51428571428572
38.142857142857146
36.8
36.8
38.225
37.642857142857146
37.4
37.957142857142856
37.900000000000006
37.900000000000006
37.7
37.666666666666664
37.9
37.9
38.2
37.76666666666667
38.04
38.04
38.04
37.357142857142854
38.083333333333336
38.083333333333336
38.2
37.81666666666667
37.766666666666666
37.55714285714286
38.14
37.220000000000006
37.942857142857136
37.7
37.65
37.957142857142856
37.5
37.74285714285714
38.21666666666667
37.233333333333334
38.2
38.2
37.43333333333333
37.785714285714285
37.74
37.74
36.8
37.857142857142854
37.26666666666667
37.233333333333334
37.65
37.333333333333336
37.333333333333336
37.333333333333336
37.333333333333336
38.075
37.65
37.471428571428575
38.08
37.519999999999996
37.65
37.957142857142856
37.333333333333336
37.85
37.52
37.52
36.7
37.125
37.125
37.7
37.1
37.1
37.5
37.300000000000004
37.449999999999996
37.957142857142856
37.13333333333333
37.766666666666666
37.86666666666667
37.050000000000004
37.733333333333334
37.18571428571429
37.214285714285715
37.971428571428575
37.333333333333336
37.48
37.81428571428571
37.0
37.983333333333334
37.15
37.199999999999996
37.699999999999996
37.18333333333334
37.53333333333333
37.714285714285715
36.7
36.91428571428571
37.53333333333333
37.325
37.325
37.325
37.325
37.300000000000004
37.699999999999996
36.6
36.6
37.62
37.2
37.2
37.86666666666667
37.06666666666667
38.03333333333333
37.36666666666667
37.48571428571428
37.58
37.08571428571429
37.5
37.279999999999994
37.279999999999994
37.1
37.480000000000004
37.18571428571429
37.81428571428571
36.699999999999996
36.699999999999996
36.8
37.68333333333333
36.96
37.300000000000004
37.63333333333333
37.199999999999996
37.871428571428574
37.03333333333333
37.5
37.800000000000004
37.800000000000004
36.5
36.5
36.5
37.87142857142857
37.35
37.1
37.65
36.800000000000004
38.03333333333333
37.214285714285715
37.51428571428572
37.300000000000004
37.35
37.983333333333334
37.2
37.2
37.800000000000004
37.800000000000004
37.800000000000004
37.800000000000004
37.8
37.114285714285714
38.36666666666667
38.36666666666667
38.375
36.96666666666667
37.6
37.6
36.5
37.879999999999995
37.879999999999995
37.879999999999995
36.5
36.96666666666667
37.871428571428574
37.25714285714286
37.74285714285714
37.016666666666666
37.12
37.12
37.12
37.44285714285714
36.949999999999996
37.65714285714286
37.56
37.4
37.4
37.4
37.416666666666664
37.65
36.7
36.7
36.7
36.7
37.771428571428565
37.233333333333334
37.3
38.2
38.2
37.050000000000004
37.71666666666667
37.0
37.0
37.84285714285715
37.18333333333333
37.6
37.6
37.05
36.6
36.6
37.6
37.61666666666667
37.260000000000005
37.85
37.85
37.85
37.6
37.333333333333336
37.339999999999996
37.5
37.15714285714286
37.56666666666667
37.4
37.614285714285714
37.583333333333336
37.457142857142856
36.971428571428575
37.73333333333333
37.73333333333333
37.73333333333333
37.199999999999996
37.42857142857143
36.93333333333333
37.65
37.0
37.0
36.4
37.199999999999996
37.18571428571429
37.56666666666666
37.0
37.0
37.15
37.85
37.08
37.5
37.55
37.55
37.0
37.51666666666667
37.300000000000004
37.86
37.371428571428574
38.4
38.4
37.050000000000004
37.61666666666667
37.38333333333333
37.05714285714286
37.800000000000004
37.142857142857146
37.142857142857146
37.142857142857146
36.5
36.5
37.92
36.9
38.4
38.4
38.4
38.3
37.300000000000004
37.31666666666667
37.449999999999996
36.971428571428575
38.03333333333333
37.27142857142858
37.516666666666666
37.714285714285715
36.86666666666667
37.771428571428565
37.18571428571429
37.35
37.839999999999996
37.285714285714285
37.53333333333333
37.142857142857146
37.142857142857146
37.142857142857146
36.86666666666667
38.4
38.4
37.46
37.75714285714286
36.5
36.5
38.2
38.2
38.2
37.875
37.875
37.1
37.528571428571425
37.375
37.375
37.8
37.24285714285714
37.6
37.6
37.666666666666664
37.666666666666664
36.9
37.05
37.05
36.6
37.628571428571426
37.03333333333334
37.728571428571435
36.7
36.7
36.7
36.7
36.7
37.85
37.36666666666667
37.4
37.93333333333334
37.17142857142857
37.8
37.8
37.019999999999996
37.4
37.666666666666664
37.666666666666664
37.666666666666664
37.714285714285715
38.4
38.4
37.55
37.55
36.6
37.41428571428571
36.949999999999996
37.8
37.26666666666667
37.9
37.9
37.9
37.9
37.43333333333333
37.46
37.43333333333334
37.88
37.88
36.6
37.86666666666667
37.28333333333333
37.4
37.74285714285714
37.03333333333333
37.03333333333333
37.575
37.35
37.41428571428571
37.96666666666667
37.15714285714286
37.15714285714286
37.15714285714286
37.14
37.14
38.2
37.17142857142858
37.17142857142858
37.17142857142858
37.339999999999996
38.125
38.125
36.7
38.15
38.15
37.25
37.3
37.3
37.3
37.3
37.3
37.519999999999996
37.871428571428574
37.13333333333333
37.13333333333333
38.6
37.199999999999996
37.56
37.67142857142857
37.375
37.375
37.800000000000004
37.42857142857143
37.833333333333336
37.41428571428572
37.766666666666666
37.628571428571426
37.36666666666667
37.2
37.2
37.160000000000004
37.88333333333333
37.1
37.1
37.95
37.95
37.3
38.03333333333333
37.4
37.61666666666667
37.61666666666667
36.9
37.833333333333336
37.833333333333336
37.55
37.949999999999996
37.949999999999996
37.1
37.1
37.1
37.25
36.6
36.6
38.4
38.4
38.4
37.6
37.6
37.266666666666666
37.266666666666666
38.2
37.35
37.55714285714286
36.5
36.5
37.96666666666667
37.050000000000004
37.050000000000004
38.1
37.733333333333334
37.733333333333334
38.2
38.6
38.6
37.75
37.1
37.96
37.28333333333334
37.4
37.839999999999996
37.839999999999996
37.2
37.519999999999996
37.519999999999996
37.519999999999996
37.519999999999996
36.7
37.98571428571428
37.400000000000006
37.400000000000006
38.040000000000006
37.7
37.7
37.800000000000004
37.0
38.5
38.5
37.166666666666664
38.01428571428572
37.25
37.666666666666664
37.666666666666664
37.2
37.85
37.416666666666664
37.75
37.75
38.6
37.614285714285714
36.9
36.9
37.6
37.6
36.7
37.871428571428574
37.440000000000005
37.440000000000005
37.440000000000005
37.440000000000005
36.7
37.6
37.6
37.05
37.94
37.4
37.4
37.96666666666666
37.36
37.36
38.4
37.0
37.925
37.925
36.5
37.94
37.94
36.7
37.9
37.25
37.2
37.2
37.34285714285715
37.9
37.0
37.53333333333333
37.53333333333333
37.53333333333333
38.4
38.4
37.4
37.57142857142857
37.3125
38.2
37.1
37.1
37.7
37.7
36.8
37.75
37.75
37.94
37.625
37.625
37.5
37.260000000000005
37.260000000000005
37.260000000000005
37.300000000000004
37.55714285714286
37.6
37.6
37.6
37.13333333333333
37.13333333333333
38.1
37.75
37.75
38.349999999999994
37.333333333333336
38.7
38.7
37.08
37.08
37.08
37.4
37.4
37.425
38.220000000000006
38.220000000000006
37.4
37.4
37.4
38.075
38.075
36.8
38.199999999999996
38.199999999999996
37.2
38.4
37.1
38.25
38.25
37.199999999999996
38.125
38.125
36.7
37.728571428571435
37.48571428571428
38.050000000000004
38.0
38.0
38.0
38.36
37.2
37.2
37.2
38.0
38.0
38.0
37.5
37.785714285714285
37.75714285714286
37.5
37.5
37.8
37.233333333333334
37.233333333333334
37.7
37.7
37.7
37.7
37.7
36.8
36.8
38.0
37.46666666666666
37.48333333333333
37.949999999999996
37.785714285714285
37.66
38.285714285714285
37.5
38.042857142857144
36.9
36.9
39.0
39.0
39.0
38.1
37.728571428571435
37.92857142857143
38.07142857142857
37.6
38.36666666666667
37.457142857142856
37.92857142857143
38.199999999999996
37.57142857142857
37.86666666666667
37.58
37.58
38.1
37.36666666666667
38.233333333333334
37.1
37.1
38.43333333333333
37.5
37.5
37.5
37.5
37.5
37.6
37.916666666666664
38.042857142857144
37.63333333333333
38.35
37.971428571428575
38.0
38.0
38.3
38.042857142857144
37.87142857142857
37.36666666666667
37.349999999999994
37.349999999999994
37.349999999999994
37.349999999999994
37.58
37.857142857142854
38.0
37.48571428571428
39.1
39.1
37.275
38.4
37.85
37.86666666666667
37.86666666666667
37.86666666666667
38.44
38.44
38.44
38.35
37.733333333333334
37.733333333333334
38.099999999999994
37.1
38.18571428571429
37.23333333333333
37.94285714285714
37.949999999999996
37.949999999999996
37.949999999999996
39.0
39.0
39.0
39.0
39.0
39.0
38.04285714285714
37.357142857142854
38.25
37.583333333333336
37.48333333333333
37.48333333333333
37.48333333333333
38.07142857142857
37.45
37.86666666666667
37.53333333333333
37.333333333333336
37.3
37.3
37.300000000000004
37.300000000000004
38.7
37.42
37.42
38.0
38.375
38.375
36.9
38.0
37.699999999999996
37.93333333333333
37.85
38.05
38.05
37.666666666666664
37.739999999999995
38.1
37.61666666666667
37.61666666666667
37.61666666666667
37.642857142857146
37.5
37.5
37.425000000000004
38.1
38.1
37.63333333333333
38.385714285714286
37.6
37.542857142857144
38.36666666666667
37.1
37.1
38.15
37.46666666666667
38.2
38.2
37.88
39.0
39.0
37.95
38.15
38.15
37.620000000000005
38.1
37.68333333333333
37.45
37.45
38.7
38.7
38.2
38.07142857142857
37.9
37.9
37.5
38.357142857142854
37.86666666666667
38.275
38.275
38.8
38.266666666666666
38.266666666666666
38.266666666666666
38.266666666666666
37.86
37.95714285714286
38.35
37.46666666666667
37.46666666666667
37.46666666666667
37.58
38.271428571428565
37.333333333333336
37.333333333333336
38.9
37.166666666666664
37.666666666666664
37.5
37.5
37.1
37.1
37.1
36.7
36.7
38.75
38.75
38.75
38.7
37.666666666666664
38.271428571428565
38.271428571428565
38.271428571428565
38.042857142857144
37.75
38.300000000000004
37.728571428571435
38.01428571428572
37.642857142857146
37.62
37.88333333333333
37.699999999999996
38.0
38.0
37.9
37.6
38.34285714285714
37.42857142857143
37.583333333333336
37.67999999999999
37.67999999999999
38.8
37.6
37.6
37.2
38.0
37.72857142857142
37.699999999999996
36.9
36.9
36.9
38.9
37.78
37.771428571428565
37.583333333333336
37.916666666666664
37.300000000000004
37.300000000000004
37.300000000000004
37.9
37.82857142857143
37.4
38.28333333333333
37.08571428571429
38.23333333333333
38.23333333333333
37.7
38.02
37.3
37.3
38.1
37.800000000000004
37.833333333333336
37.833333333333336
37.833333333333336
37.833333333333336
37.5
37.5
39.0
38.199999999999996
38.050000000000004
37.7
37.7
37.7
38.4
37.43333333333333
37.43333333333333
38.9
37.46666666666667
38.36666666666667
37.51428571428572
38.4
38.01428571428572
37.800000000000004
38.06666666666666
37.925000000000004
37.925000000000004
39.0
38.4
38.4
37.275
38.459999999999994
38.459999999999994
38.0
37.78333333333333
38.07142857142857
38.4
37.839999999999996
38.142857142857146
37.9
38.25
38.25
37.833333333333336
37.833333333333336
37.2
38.199999999999996
37.6
38.21666666666667
37.833333333333336
37.833333333333336
38.7
37.900000000000006
37.900000000000006
37.56666666666666
38.36666666666667
37.471428571428575
37.471428571428575
37.471428571428575
37.48
37.48
37.48
37.9
37.64
37.516666666666666
38.042857142857144
37.55
37.983333333333334
37.699999999999996
37.7
38.0
37.38
37.38
37.38
37.96666666666667
37.35
37.35
38.260000000000005
37.08
38.0
37.6
37.699999999999996
36.8
36.8
38.12
37.4
37.971428571428575
36.9
36.9
37.94
37.44285714285714
38.06666666666667
38.042857142857144
37.53333333333333
37.53333333333333
39.0
38.65
38.65
37.0
38.14
37.3
38.46666666666667
37.800000000000004
37.800000000000004
37.800000000000004
37.63333333333333
38.3
38.3
37.38
38.25714285714286
37.81666666666666
37.82857142857143
38.199999999999996
37.800000000000004
38.6
38.6
37.42
37.98571428571428
38.9
38.9
38.9
38.9
37.1
38.016666666666666
37.333333333333336
37.333333333333336
37.0
37.36666666666667
37.519999999999996
37.125
37.125
37.5
37.38333333333333
38.13333333333333
37.8
37.42857142857143
38.166666666666664
37.22857142857142
38.5
38.5
37.54
37.57142857142857
37.44
37.44
36.8
38.24285714285714
37.349999999999994
37.349999999999994
37.975
37.199999999999996
38.300000000000004
37.21666666666666
38.285714285714285
37.13333333333333
37.333333333333336
36.8
36.8
38.260000000000005
37.25
38.07142857142857
38.18
37.459999999999994
38.06666666666666
37.13333333333333
37.98571428571428
36.7
36.7
38.7
37.23333333333333
37.98571428571429
37.559999999999995
38.23333333333333
38.23333333333333
37.233333333333334
38.142857142857146
37.733333333333334
37.65
37.666666666666664
37.81666666666667
38.25
37.271428571428565
37.916666666666664
37.916666666666664
37.5
38.1
38.1
38.0
37.728571428571435
37.4
38.285714285714285
37.6
37.6
38.43333333333333
37.714285714285715
37.800000000000004
37.6
37.86666666666667
37.300000000000004
37.300000000000004
38.225
37.9
37.98571428571429
38.23333333333333
37.44285714285714
38.65
37.57142857142857
38.142857142857146
37.8
37.8
38.2
37.63333333333333
37.63333333333333
38.25
37.266666666666666
38.8
38.8
37.771428571428565
37.63333333333333
38.25714285714286
37.85
37.449999999999996
38.17142857142857
37.266666666666666
38.7
38.7
37.5
38.0
37.699999999999996
37.5
37.940000000000005
37.940000000000005
36.9
37.86666666666667
37.542857142857144
37.925
37.925
37.0
38.11666666666667
37.25714285714286
37.75
37.800000000000004
37.5
37.5
37.8
37.971428571428575
37.4
37.266666666666666
38.1
37.46666666666667
37.800000000000004
37.13333333333333
37.13333333333333
38.15
37.385714285714286
38.233333333333334
37.1
38.01428571428572
37.800000000000004
38.6
38.6
37.5
37.5
37.5
37.5
37.5
37.5
38.125
36.7
36.7
38.2
37.357142857142854
37.95
37.55
37.55
36.9
38.21666666666667
38.21666666666667
38.21666666666667
38.8
37.08571428571428
37.96666666666666
37.34285714285714
38.0
37.58
37.628571428571426
38.199999999999996
37.18571428571429
38.36666666666667
37.31428571428571
38.13333333333333
37.9
37.36666666666667
37.300000000000004
37.300000000000004
38.4
37.48333333333333
37.771428571428565
38.3
38.3
37.4
37.4
37.4
38.36
37.4
37.4
37.98
37.98
37.98
37.95
38.128571428571426
37.833333333333336
38.199999999999996
38.46666666666667
37.6
38.199999999999996
38.199999999999996
38.0
37.36666666666667
37.36666666666667
39.0
37.628571428571426
38.48333333333333
37.449999999999996
38.042857142857144
38.266666666666666
37.9
38.14
38.14
38.14
38.03333333333333
38.1
38.114285714285714
37.800000000000004
38.86
37.4
38.628571428571426
37.6
37.6
38.64
37.5
38.36666666666667
37.82
37.82
37.82
38.02
38.6
37.4
37.4
38.599999999999994
38.04285714285714
38.6
37.86666666666667
38.333333333333336
38.333333333333336
37.275
38.1
37.516666666666666
38.4
37.6
38.416666666666664
37.771428571428565
37.53333333333333
38.199999999999996
38.199999999999996
38.199999999999996
38.050000000000004
37.93333333333333
38.285714285714285
37.666666666666664
38.0
38.0
37.86666666666667
38.333333333333336
38.44285714285714
37.53333333333333
38.42857142857143
38.07142857142857
38.5
38.5
37.739999999999995
38.550000000000004
37.63333333333333
37.78333333333333
38.41428571428571
37.4
38.083333333333336
37.86666666666667
37.86666666666667
37.86666666666667
37.5
38.449999999999996
38.028571428571425
37.9
38.11666666666667
38.13333333333333
38.13333333333333
39.1
37.84285714285715
38.52
38.52
38.52
38.82857142857143
38.160000000000004
38.75
38.128571428571426
38.1
38.1
38.2
38.42857142857143
38.6
38.016666666666666
38.974999999999994
38.974999999999994
38.2
38.199999999999996
38.271428571428565
37.800000000000004
38.65
38.13333333333333
38.13333333333333
38.13333333333333
37.6
37.6
39.2
38.03333333333333
38.32857142857143
38.32857142857143
38.32857142857143
38.78
38.21666666666667
38.6
37.94285714285714
38.95
38.95
38.1
37.94
37.94
38.0
37.57142857142857
38.614285714285714
38.26666666666667
38.371428571428574
38.35
37.8
37.8
37.8
37.8
39.3
37.85
39.06666666666667
38.271428571428565
38.666666666666664
38.44
38.542857142857144
38.785714285714285
37.6
39.0
39.0
38.0
37.56666666666667
38.714285714285715
37.63333333333333
38.62
37.3
37.3
38.9
37.92857142857143
38.76666666666667
38.35
38.214285714285715
37.339999999999996
38.58571428571429
37.766666666666666
37.55
37.55
37.55
38.228571428571435
37.93333333333333
38.333333333333336
38.333333333333336
38.333333333333336
38.166666666666664
38.166666666666664
38.166666666666664
37.3
37.3
39.0
37.971428571428575
38.0
38.0
37.8
38.457142857142856
37.5
37.5
38.699999999999996
38.699999999999996
37.3
37.84285714285714
37.5
38.67142857142857
37.3
37.3
38.575
37.9
37.9
38.9
38.1
38.300000000000004
39.1
39.1
37.599999999999994
37.599999999999994
39.0
37.81428571428571
37.81428571428571
37.81428571428571
37.81428571428571
38.1
38.1
38.1
37.96
38.199999999999996
37.91428571428571
37.6
37.6
37.5
37.5
38.36666666666667
37.4
37.4
37.7
37.957142857142856
38.042857142857144
37.3
37.3
37.8
37.516666666666666
38.239999999999995
37.5
38.300000000000004
37.5
37.5
38.3
37.449999999999996
37.885714285714286
37.9
37.9
38.2
37.5
37.983333333333334
37.983333333333334
37.1
37.93333333333333
37.63333333333333
37.63333333333333
37.8
37.266666666666666
37.266666666666666
38.06666666666667
37.58
37.98571428571428
37.266666666666666
37.266666666666666
37.2
37.666666666666664
37.666666666666664
37.1
37.82857142857143
38.125
38.125
37.7
38.76666666666667
38.76666666666667
39.1
37.9
38.300000000000004
38.9
38.9
38.08
38.0
38.15
37.56666666666667
38.666666666666664
37.971428571428575
37.871428571428574
37.6
38.6
38.6
37.6
38.32857142857143
37.699999999999996
38.35
38.35
37.1
38.239999999999995
38.239999999999995
37.4
38.6
38.6
37.5
37.625
37.625
37.1
37.1
37.1
37.1
37.7
37.7
37.8
37.666666666666664
37.68333333333333
38.18571428571429
37.325
37.325
37.8
37.13333333333333
37.13333333333333
37.13333333333333
37.51428571428572
38.11666666666667
37.5
37.699999999999996
37.76666666666667
38.2
38.2
37.9
37.375
37.375
37.8
38.13333333333333
37.733333333333334
37.733333333333334
37.6
37.56666666666667
38.7
38.7
37.25
37.25
38.06666666666667
38.0
38.0
38.0
37.96666666666667
37.96666666666667
38.0
37.971428571428575
37.71666666666667
37.457142857142856
38.3
36.9
36.9
37.400000000000006
37.400000000000006
37.400000000000006
38.05
37.4
37.4
37.650000000000006
37.650000000000006
37.650000000000006
38.2
36.9
36.9
38.7
38.7
37.1
38.13333333333333
37.55
37.55
38.8
37.6
37.95
37.95
37.8
38.34285714285714
37.36666666666667
38.25714285714286
38.23333333333333
37.84285714285714
38.43333333333334
37.614285714285714
38.1
38.1
37.75
38.6
38.6
38.6
38.6
38.6
38.6
38.6
38.6
38.6
38.6
37.76666666666667
38.1
38.1
37.599999999999994
37.599999999999994
38.5
37.96666666666667
37.96666666666667
37.5
38.4
38.4
37.7
37.7
37.7
37.160000000000004
38.285714285714285
37.3
37.3
37.96666666666667
37.3
37.3
38.2
37.91428571428571
37.76666666666667
38.05
38.05
37.3
38.42857142857143
37.56666666666667
38.32
38.32
37.3
38.019999999999996
38.019999999999996
36.9
36.9
36.9
38.0
37.1
37.1
38.1
37.6
38.48
38.48
38.05
38.042857142857144
38.36666666666667
37.614285714285714
38.43333333333334
38.43333333333334
37.7
38.4
38.8
38.8
37.9
38.05714285714286
38.128571428571426
38.6
37.85
37.85
38.7
38.7
38.3
37.42857142857143
38.8
38.8
37.46
38.58
38.58
37.5
38.78
38.78
37.3
38.614285714285714
38.25
37.733333333333334
38.333333333333336
37.9
37.9
38.833333333333336
37.5
37.84285714285714
37.84285714285714
39.1
39.1
39.1
37.93333333333333
37.93333333333333
38.9
37.5
38.31428571428571
38.07142857142857
37.76666666666667
38.18571428571429
37.72
38.13333333333333
38.23333333333333
37.800000000000004
38.4
37.8
37.9
37.9
37.875
37.4
37.4
38.275000000000006
37.449999999999996
38.6
38.6
37.9
38.285714285714285
38.1
37.9
37.9
37.9
38.050000000000004
38.050000000000004
38.8
38.199999999999996
38.199999999999996
37.9
38.13333333333333
37.871428571428574
37.9
38.285714285714285
37.56666666666666
37.56666666666666
38.3
37.5
37.833333333333336
38.15
37.64
38.42857142857143
37.940000000000005
37.940000000000005
37.2
38.0
38.0
38.0
38.016666666666666
37.76666666666667
38.15714285714286
37.0
37.0
38.15
37.4
37.4
38.5
37.2
37.2
37.2
37.7
38.325
38.325
37.86666666666667
37.97142857142857
37.699999999999996
36.95
36.95
37.0
37.0
37.55
37.9
37.75
37.68333333333333
38.199999999999996
37.0
37.0
37.0
38.0
37.825
37.825
37.800000000000004
37.9
37.9
37.9
37.78333333333334
37.78333333333334
37.4
37.48571428571428
38.14
37.13333333333333
38.6
38.6
37.38
38.05714285714286
37.519999999999996
37.519999999999996
37.0
37.0
37.0
38.5
38.0
38.0
38.4
37.1
37.1
38.2
37.51428571428572
37.699999999999996
37.8
37.8
38.05
38.05
37.5
37.857142857142854
38.13333333333333
37.34285714285714
38.36666666666667
37.2
37.2
38.099999999999994
37.55
37.55
37.55
37.239999999999995
37.239999999999995
38.0
38.0
38.0
38.0
38.2
37.4
37.4
37.88333333333333
38.7
38.7
37.1
37.1
38.7
38.7
37.0
38.13333333333333
38.13333333333333
36.9
37.6
37.6
37.6
37.6
37.7
37.483333333333334
37.483333333333334
37.483333333333334
37.483333333333334
37.483333333333334
37.583333333333336
37.766666666666666
37.65
37.42857142857143
38.05
37.885714285714286
37.575
37.575
38.2
37.5
37.2
37.2
37.6
38.239999999999995
37.4
37.5
38.18333333333333
37.474999999999994
37.474999999999994
37.474999999999994
37.474999999999994
37.6
37.6
37.6
38.142857142857146
37.285714285714285
38.050000000000004
37.91428571428571
38.0
38.050000000000004
37.71666666666667
38.15
37.833333333333336
38.26
38.214285714285715
37.375
37.375
38.5
37.58571428571429
37.78333333333333
37.36666666666667
37.36666666666667
37.36666666666667
37.46666666666667
38.0
37.25
38.4
37.9
37.62
37.8
38.34285714285714
37.46666666666667
38.1
37.9
37.9
37.53333333333333
37.68571428571429
37.65
37.65
38.9
37.98571428571428
38.300000000000004
37.5
37.766666666666666
38.23333333333333
37.4
38.31428571428571
37.68571428571429
37.44
37.44
37.44
37.53333333333334
38.300000000000004
37.5
37.5
37.971428571428575
37.239999999999995
38.175
38.175
37.8
38.12857142857143
37.56666666666666
38.025
38.025
38.4
37.785714285714285
38.38333333333333
38.2
38.2
38.120000000000005
38.1
38.1
38.3
38.1
37.766666666666666
37.9
37.9
36.8
37.88333333333333
37.4
38.13333333333333
37.728571428571435
37.44285714285714
37.06666666666667
37.471428571428575
37.457142857142856
38.06666666666667
37.166666666666664
38.214285714285715
37.785714285714285
37.699999999999996
38.0
37.199999999999996
37.82857142857143
37.46666666666666
37.15
38.166666666666664
37.239999999999995
37.239999999999995
38.2
38.0
37.471428571428575
37.214285714285715
38.0
37.36666666666667
37.4
37.4
37.4
37.449999999999996
37.43333333333333
37.65
37.65
37.65
37.65
37.96666666666667
37.8
37.300000000000004
37.45
37.45
36.7
37.85
37.85
38.1
37.725
37.725
38.6
37.3
37.3
37.3
37.471428571428575
38.333333333333336
37.36666666666667
37.800000000000004
37.9
37.36666666666667
37.75
37.6
37.34285714285714
38.03333333333333
37.457142857142856
37.4
37.81666666666667
37.22
37.628571428571426
37.75
37.41428571428571
37.516666666666666
37.58571428571429
37.06666666666667
37.916666666666664
37.6
37.6
37.63333333333333
37.7
37.7
37.879999999999995
37.26666666666667
37.699999999999996
37.71666666666666
37.459999999999994
37.86
37.86
38.0
37.4
37.81666666666666
36.925000000000004
36.925000000000004
38.1
37.24285714285714
37.35
37.96666666666667
37.25
37.62857142857143
37.88
37.08
37.5
37.75
37.5
37.5
38.166666666666664
37.43333333333333
37.92857142857143
38.300000000000004
37.614285714285714
38.52857142857143
38.7
38.7
38.35
37.699999999999996
37.86666666666667
37.760000000000005
37.760000000000005
37.3
37.61666666666667
37.871428571428574
38.35
37.53333333333334
37.7
37.7
38.3
37.85
38.1
37.900000000000006
37.900000000000006
38.1
37.63333333333333
38.028571428571425
37.333333333333336
38.51428571428572
38.51428571428572
38.51428571428572
38.239999999999995
37.800000000000004
37.800000000000004
37.800000000000004
37.666666666666664
38.3
38.3
37.333333333333336
38.1
37.3
38.300000000000004
37.483333333333334
37.75714285714286
37.75714285714286
37.75714285714286
38.199999999999996
37.4
37.4
37.4
37.3
37.58
37.44
37.8
37.8
37.266666666666666
38.300000000000004
37.771428571428565
37.96666666666667
37.96666666666667
37.1
38.016666666666666
38.016666666666666
38.016666666666666
38.239999999999995
37.36666666666667
37.728571428571435
37.53333333333333
37.53333333333333
36.9
36.9
37.300000000000004
38.1
37.2
37.2
37.900000000000006
37.371428571428574
38.26666666666667
37.17142857142857
38.13333333333333
37.58
37.949999999999996
37.714285714285715
37.4
37.916666666666664
37.0
37.0
37.949999999999996
37.41428571428571
38.1
37.233333333333334
37.699999999999996
37.699999999999996
37.699999999999996
38.233333333333334
38.233333333333334
38.233333333333334
38.24285714285714
37.41428571428571
38.08
37.45
37.45
38.2
37.519999999999996
38.03333333333334
37.65
37.916666666666664
38.233333333333334
37.199999999999996
38.300000000000004
37.728571428571435
37.728571428571435
37.728571428571435
37.766666666666666
37.916666666666664
37.771428571428565
37.528571428571425
38.06666666666667
37.55
37.55
37.9
37.974999999999994
38.17142857142857
37.800000000000004
37.24285714285714
38.21666666666667
37.43333333333334
37.43333333333334
38.300000000000004
38.300000000000004
38.300000000000004
37.9
37.9
38.3
37.44285714285714
37.44285714285714
37.44285714285714
37.44285714285714
37.8
37.699999999999996
37.34285714285714
38.142857142857146
37.333333333333336
38.3
38.3
37.53333333333334
38.4
37.449999999999996
38.371428571428574
37.56666666666667
39.1
39.1
37.76666666666667
38.325
38.325
37.1
38.114285714285714
37.65714285714286
37.857142857142854
37.857142857142854
37.857142857142854
38.15
37.5
38.4
37.53333333333333
37.92857142857143
38.13333333333333
38.13333333333333
38.05
38.03333333333333
37.6
38.2
37.7
38.4
37.9
37.86666666666667
38.25
38.25
37.2
38.333333333333336
38.333333333333336
38.333333333333336
38.12
37.74285714285714
38.160000000000004
37.949999999999996
37.800000000000004
38.46666666666667
38.46666666666667
37.0
38.28333333333333
37.766666666666666
38.35
38.35
37.46666666666667
38.2
37.44
38.35
37.81666666666667
37.583333333333336
38.43333333333333
37.4
37.4
37.4
37.833333333333336
37.833333333333336
37.833333333333336
37.833333333333336
37.980000000000004
38.24285714285714
37.3
38.1
37.36666666666667
38.31428571428571
38.55
37.9
38.17142857142857
37.5
37.5
37.82000000000001
37.63333333333333
38.440000000000005
37.699999999999996
38.0
38.0
38.0
38.0
38.3
37.5
38.4
37.699999999999996
37.983333333333334
38.38
37.833333333333336
37.833333333333336
38.675
37.85
37.85
38.9
37.73333333333333
38.3
37.75
37.93333333333333
38.21666666666667
37.6
38.0
38.0
38.0
37.93333333333334
37.93333333333334
37.93333333333334
38.25
37.528571428571425
38.199999999999996
38.18333333333333
38.016666666666666
38.14
37.84285714285715
38.6
38.6
37.375
37.375
37.375
37.425
37.949999999999996
37.949999999999996
37.0
37.96666666666667
37.449999999999996
38.8
38.8
38.8
38.8
37.95
38.1
38.1
37.0
38.2
37.53333333333333
37.53333333333333
38.7
37.36
37.675
37.96666666666667
37.4
38.2
37.2
37.2
38.199999999999996
37.949999999999996
37.81428571428571
38.06
37.5
37.48571428571428
38.21666666666667
37.760000000000005
37.86
37.93333333333334
37.4
38.050000000000004
37.5
37.5
37.53333333333333
37.88
37.65
37.8
37.8
37.2
38.24285714285714
37.56666666666667
38.01428571428572
37.980000000000004
37.6
38.12
37.385714285714286
39.0
39.0
37.64
38.07142857142857
37.5
38.11666666666667
38.228571428571435
37.675
37.675
37.675
37.95
38.4
37.0
37.0
38.5
37.385714285714286
38.2
38.2
38.2
37.8
37.666666666666664
37.56666666666667
38.13333333333333
37.550000000000004
37.8
37.8
37.96
37.98571428571428
38.3
37.82857142857143
38.24285714285714
38.24285714285714
38.24285714285714
37.65
38.28333333333334
37.728571428571435
38.0
38.1
38.1
38.12857142857143
37.666666666666664
37.666666666666664
37.93333333333333
38.13333333333333
37.65
38.333333333333336
38.199999999999996
38.199999999999996
38.199999999999996
37.6
38.8
38.8
37.3
37.3
38.63333333333333
37.800000000000004
38.1
38.228571428571435
37.86666666666667
38.1
38.34285714285714
37.3
38.17142857142857
38.17142857142857
38.17142857142857
38.6
38.6
37.3
37.75
38.44
37.6
38.4
37.92857142857143
37.73333333333333
38.228571428571435
37.2
37.2
38.63333333333333
37.71666666666667
37.71666666666667
37.71666666666667
37.89999999999999
38.9
38.9
37.96
37.8
38.0
37.2
37.2
38.2
37.8
37.8
37.8
37.45
37.45
38.5
38.5
37.2
37.800000000000004
37.800000000000004
37.1
38.266666666666666
37.233333333333334
37.233333333333334
37.9
37.449999999999996
37.449999999999996
37.449999999999996
37.720000000000006
38.04
38.228571428571435
37.6
37.6
37.760000000000005
37.760000000000005
37.4
37.1
37.1
38.4
37.6
37.925
37.925
38.175
37.699999999999996
38.07142857142857
37.46666666666667
37.95
37.5
37.5
37.44
38.5
37.800000000000004
37.800000000000004
38.25
37.699999999999996
38.050000000000004
37.666666666666664
37.65714285714286
38.266666666666666
37.457142857142856
37.68333333333333
37.724999999999994
37.724999999999994
37.3
37.3
37.3
38.3
38.3
37.64
37.96666666666666
37.699999999999996
37.833333333333336
37.3
37.3
37.266666666666666
38.26666666666667
38.26666666666667
38.3
38.24285714285714
37.6
38.025
38.025
38.7
37.775000000000006
37.775000000000006
38.0
37.55
38.5
38.5
37.2
38.142857142857146
37.63333333333333
37.857142857142854
37.65714285714286
37.65714285714286
37.65714285714286
37.8
37.8
37.14
37.971428571428575
37.2
37.2
38.199999999999996
38.199999999999996
37.0
37.9
37.9
36.849999999999994
36.849999999999994
36.849999999999994
38.15
37.833333333333336
37.67142857142858
37.957142857142856
37.34
37.34
37.9
37.599999999999994
37.599999999999994
38.125
37.516666666666666
38.12
38.12
36.9
36.9
38.11666666666667
37.06666666666666
37.85
37.46666666666667
37.46666666666667
37.6
37.6
37.9
37.699999999999996
37.699999999999996
37.699999999999996
38.175
38.175
37.8
37.6
38.17999999999999
38.17999999999999
37.4
38.06666666666667
36.7
36.7
38.075
37.25714285714286
37.2
37.96666666666667
37.21666666666667
37.21666666666667
37.21666666666667
37.6
37.63333333333333
37.642857142857146
37.4
37.4
37.4
37.300000000000004
37.63333333333333
37.94285714285714
37.2
37.2
37.025000000000006
37.68
37.5
37.9
37.9
37.6
37.28333333333333
37.4
37.4
36.6
38.18
37.2
37.42
37.975
37.36666666666667
37.73333333333333
37.65
36.5
36.5
37.78333333333334
37.4
37.4
37.46666666666667
37.13333333333333
37.714285714285715
36.96666666666667
37.271428571428565
36.4
36.4
37.45
37.550000000000004
37.1
38.4
37.77142857142858
36.75
36.75
37.6
36.5
36.5
37.739999999999995
37.32
37.31428571428571
37.0
37.271428571428565
37.62
37.08
37.08
37.6
36.983333333333334
37.6
37.55
37.1
37.28333333333334
36.449999999999996
37.199999999999996
36.949999999999996
37.63333333333333
36.916666666666664
37.02
37.528571428571425
37.06666666666667
37.56666666666666
37.54
37.3
37.3
37.1
37.1
37.2
37.24285714285714
37.31666666666667
37.699999999999996
37.15714285714286
37.3
37.26666666666667
36.92
36.92
37.7
38.3
38.3
37.06666666666667
37.06666666666667
38.4
38.4
38.4
38.4
38.4
38.4
37.6
37.6
37.57142857142857
37.4
37.05714285714286
37.6
37.16
37.4
37.4
37.73333333333333
36.96666666666667
37.614285714285714
37.160000000000004
37.160000000000004
37.150000000000006
37.51428571428572
36.88333333333333
36.88333333333333
36.88333333333333
37.56666666666667
36.98571428571429
37.214285714285715
37.54
37.54
36.7
37.62
37.275
37.73333333333333
37.73333333333333
37.666666666666664
37.28333333333334
37.8
37.8
37.15
37.371428571428574
37.05714285714286
37.050000000000004
37.519999999999996
37.2
37.2
37.53333333333333
37.53333333333333
37.45
37.45
38.2
36.857142857142854
37.53333333333333
37.142857142857146
37.38333333333333
37.38333333333333
38.1
36.699999999999996
37.42857142857143
37.0
37.042857142857144
37.550000000000004
37.36666666666667
37.36666666666667
37.725
37.38
37.38
36.4
38.2
38.2
36.3
37.675
37.675
37.05
37.43333333333333
37.25
36.98571428571428
37.371428571428574
37.371428571428574
37.371428571428574
37.516666666666666
37.3
37.3
36.7
37.68333333333334
36.980000000000004
37.699999999999996
37.699999999999996
37.699999999999996
36.3
37.25
36.7
36.7
37.2
37.2
37.2
37.300000000000004
37.666666666666664
37.666666666666664
37.9
37.18571428571429
37.666666666666664
37.0
37.199999999999996
37.199999999999996
37.199999999999996
37.199999999999996
37.199999999999996
37.06
37.06
37.06
37.300000000000004
37.771428571428565
37.019999999999996
37.019999999999996
37.019999999999996
37.7
37.7
37.7
37.46666666666667
37.46666666666667
36.6
36.6
38.2
36.925
36.925
38.4
36.9
38.3
37.614285714285714
37.28333333333334
37.17142857142857
37.4
37.4
38.4
37.13333333333333
37.766666666666666
36.949999999999996
37.53333333333333
37.53333333333333
36.5
36.5
37.6
37.6
37.6
37.4
37.0
37.06666666666666
37.06666666666666
37.06666666666666
37.18
37.375
37.375
37.45
37.45
38.3
37.4
37.4
37.4
37.166666666666664
37.528571428571425
36.7
36.7
37.699999999999996
37.699999999999996
37.25
37.699999999999996
36.7
36.7
37.779999999999994
37.17142857142857
37.35
37.35
38.0
37.3
37.3
37.56
37.019999999999996
37.839999999999996
37.839999999999996
37.25
37.516666666666666
37.516666666666666
37.516666666666666
38.1
37.11666666666667
37.1
37.1
36.75
37.6
37.6
37.6
37.760000000000005
37.457142857142856
36.833333333333336
37.65
37.028571428571425
36.833333333333336
37.699999999999996
36.8
36.8
36.8
36.8
36.88
37.86
37.86
38.4
37.76
37.76
38.5
37.357142857142854
37.06
37.45
37.166666666666664
38.3
38.3
37.38
37.06666666666666
37.7
38.05
37.300000000000004
37.65
37.65
37.5
37.25
37.885714285714286
37.516666666666666
37.4
37.4
37.4
37.449999999999996
37.5
37.550000000000004
37.58
37.38333333333333
37.85
37.63333333333333
37.75714285714286
37.92
37.92
37.92
37.92
37.0
37.85
37.379999999999995
37.916666666666664
37.6
37.58571428571429
37.528571428571425
38.03333333333333
38.03333333333333
38.03333333333333
37.73333333333333
37.4
37.3
37.3
37.980000000000004
37.48333333333333
37.48333333333333
37.48333333333333
38.7
37.68333333333334
37.971428571428575
37.82
37.48571428571428
37.660000000000004
37.942857142857136
37.916666666666664
37.4
37.4
38.0
37.72
38.271428571428565
37.4
37.95
38.17142857142857
37.760000000000005
37.88
37.85
37.85
37.0
38.333333333333336
37.5
38.31666666666667
37.699999999999996
38.1
38.01428571428572
37.980000000000004
37.980000000000004
39.0
38.25
38.06666666666667
38.06666666666667
38.22
38.166666666666664
38.5
38.5
38.5
38.099999999999994
38.542857142857144
38.26
38.279999999999994
38.785714285714285
38.1
38.65
38.08
38.74
38.74
37.6
38.75
37.74
38.73333333333333
37.957142857142856
38.699999999999996
38.96666666666667
38.233333333333334
38.9
37.85
38.666666666666664
38.06666666666666
38.81428571428571
38.0
38.614285714285714
38.519999999999996
38.9
38.0
38.81666666666667
38.1
38.64
38.199999999999996
38.55714285714286
38.28333333333333
38.166666666666664
38.8
38.25
38.8
38.8
38.42
38.516666666666666
38.32857142857143
39.166666666666664
38.160000000000004
38.457142857142856
38.93333333333333
36.95
37.55
37.55
37.0
37.6
36.93333333333334
37.43333333333334
37.45
36.94285714285714
37.333333333333336
36.9
36.9
37.53333333333333
37.17142857142857
37.4
37.4
37.4
37.3
36.93333333333334
37.199999999999996
37.35
36.82
36.82
37.9
37.9
37.9
37.9
37.9
37.9
37.9
37.550000000000004
36.771428571428565
38.0
38.0
36.3
37.35
37.10000000000001
36.9
37.56666666666666
36.733333333333334
37.028571428571425
37.4
36.699999999999996
37.15
37.166666666666664
36.9
37.4
37.35
36.739999999999995
36.739999999999995
38.3
36.9
37.35
36.86666666666667
37.15
37.699999999999996
36.800000000000004
37.38
37.38
37.4
37.32
37.42
36.86666666666667
37.34285714285714
36.916666666666664
37.160000000000004
37.271428571428565
36.4
36.4
37.675
36.63333333333333
37.142857142857146
36.800000000000004
36.85
37.142857142857146
37.142857142857146
37.142857142857146
37.44
36.814285714285724
37.2
37.28
36.75
37.3
37.040000000000006
36.5
37.36
37.36
37.36
37.36
38.1
37.042857142857144
37.53333333333333
37.1
36.84285714285714
37.2
37.2
36.480000000000004
37.480000000000004
36.92857142857143
37.260000000000005
36.971428571428575
36.63333333333333
37.5
37.5
37.5
37.5
37.5
36.43333333333334
37.05
37.12
36.6
36.6
36.6
36.6
36.779999999999994
37.18571428571429
36.85
36.833333333333336
37.333333333333336
36.6
37.25
37.25
37.099999999999994
37.0
37.36666666666667
36.56666666666667
36.857142857142854
37.3
36.699999999999996
37.36666666666667
37.36666666666667
37.0
36.733333333333334
37.25
36.53333333333333
37.6
37.6
36.6
36.84285714285715
37.35
36.6
37.12
37.24285714285714
36.575
36.575
37.2
36.6
36.6
36.96666666666667
37.15714285714286
36.5
37.05
37.05
36.5
36.5
36.5
36.833333333333336
36.86666666666667
37.114285714285714
36.400000000000006
36.400000000000006
36.775
37.18
37.050000000000004
36.91428571428571
37.23333333333333
37.0
37.0
37.4
36.542857142857144
37.15
37.2
37.2
36.46
36.92
36.92
36.4
37.016666666666666
36.75
36.85
36.85
36.85
36.58571428571428
37.05
37.03333333333333
36.44285714285714
37.333333333333336
36.625
36.625
36.6
37.06666666666667
37.1
37.1
37.285714285714285
36.63333333333333
36.916666666666664
36.77142857142858
36.7
36.7
36.1
36.833333333333336
36.57142857142857
37.114285714285714
37.050000000000004
37.050000000000004
37.050000000000004
37.06
36.61666666666667
36.785714285714285
37.1
36.55714285714286
36.81428571428571
36.74
36.471428571428575
36.6
37.34
36.300000000000004
36.728571428571435
36.55
36.55
36.15
37.016666666666666
36.714285714285715
36.17142857142857
37.06666666666667
36.2
36.2
36.64
37.0
36.5
36.43333333333333
36.65714285714286
36.666666666666664
36.333333333333336
36.94285714285714
36.85
36.528571428571425
36.78
36.885714285714286
36.36
36.714285714285715
36.728571428571435
36.45
36.699999999999996
36.56666666666666
36.56666666666666
36.1
36.9
36.528571428571425
36.56666666666667
36.85
37.06666666666667
36.53333333333333
36.714285714285715
36.8
36.8
36.0
36.0
36.0
37.0
36.58
36.58
36.2
36.771428571428565
36.58571428571429
36.96666666666666
36.81428571428571
36.4
36.4
36.4
36.9
36.46666666666667
36.81666666666667
36.666666666666664
36.733333333333334
37.02
36.785714285714285
36.56666666666667
37.166666666666664
36.666666666666664
36.23333333333333
36.94
36.94
36.94
36.58571428571429
36.857142857142854
36.300000000000004
36.51428571428571
36.82000000000001
36.48571428571428
36.5
36.63333333333333
36.65
36.43333333333333
36.44285714285714
36.71666666666667
36.275
36.275
36.5
35.7
35.7
36.733333333333334
36.733333333333334
36.5
36.25
36.94285714285714
36.35
36.300000000000004
37.019999999999996
36.68571428571429
36.6
36.96666666666667
36.385714285714286
36.42
36.766666666666666
36.766666666666666
36.175
36.61666666666667
36.53333333333333
37.0
37.0
36.239999999999995
36.9
36.46666666666667
36.583333333333336
36.85
36.4
36.65
36.9
36.35
36.53333333333333
36.714285714285715
36.25
36.285714285714285
36.65714285714285
36.483333333333334
36.25714285714286
36.82
36.63333333333333
36.55
37.3
37.3
36.733333333333334
36.949999999999996
37.042857142857144
36.199999999999996
36.642857142857146
37.0
36.300000000000004
36.300000000000004
36.300000000000004
36.457142857142856
36.457142857142856
36.96666666666667
36.300000000000004
36.300000000000004
36.1
36.459999999999994
36.4625
36.9
35.9
36.628571428571426
36.114285714285714
36.4
36.4
36.199999999999996
36.199999999999996
37.1
36.32
36.91428571428571
36.642857142857146
36.300000000000004
36.449999999999996
36.449999999999996
36.4
37.12
37.12
35.9
36.599999999999994
36.599999999999994
36.160000000000004
36.160000000000004
37.1
36.166666666666664
36.55714285714286
36.800000000000004
36.22
36.43333333333333
36.96666666666667
36.25
37.11666666666667
36.833333333333336
36.3
36.3
36.6
36.3
36.3
36.575
36.06666666666666
36.06666666666666
36.0
36.0
36.0
37.5
37.87142857142857
37.279999999999994
37.279999999999994
37.0
37.35
37.35
36.9
37.88
37.349999999999994
37.349999999999994
38.1
37.46666666666667
37.699999999999996
37.72857142857142
37.48333333333333
37.51428571428572
38.0
37.459999999999994
37.550000000000004
37.86666666666667
36.9
36.9
38.6
38.6
36.7
38.06666666666667
37.44285714285714
37.1
38.028571428571425
37.63333333333333
37.18333333333333
37.64
37.64
38.3
37.583333333333336
37.583333333333336
38.3
37.4
37.4
37.766666666666666
37.199999999999996
37.4
37.833333333333336
37.43333333333333
37.7
37.7
38.6
37.6
37.32
37.32
38.4
37.260000000000005
37.800000000000004
37.425
37.425
36.9
37.1
37.5
37.660000000000004
37.660000000000004
37.0
37.74285714285714
38.2
38.2
37.699999999999996
37.699999999999996
37.800000000000004
37.885714285714286
38.0
37.5
37.5
37.720000000000006
37.52857142857143
37.699999999999996
37.67142857142857
37.5
37.785714285714285
37.800000000000004
37.266666666666666
37.46666666666667
37.175000000000004
37.175000000000004
37.8
37.8
37.8
38.3
38.3
38.3
38.3
38.3
37.21666666666667
37.21666666666667
37.21666666666667
37.1
37.62
37.62
38.4
38.4
38.4
37.43333333333333
37.550000000000004
37.95
36.8
36.8
37.7
37.3
37.3
37.56
37.400000000000006
37.400000000000006
36.9
37.96666666666667
37.4
37.4
37.4
37.1
37.1
37.3
37.099999999999994
37.099999999999994
37.125
37.125
38.4
36.6
36.6
36.4
36.4
37.18
37.88333333333333
37.32857142857143
37.32857142857143
37.32857142857143
37.266666666666666
37.86666666666667
37.86666666666667
38.5
37.41428571428571
37.766666666666666
36.7
36.7
37.45
37.333333333333336
37.333333333333336
37.175000000000004
37.9
37.333333333333336
37.333333333333336
38.025000000000006
37.36
37.58571428571428
36.9
36.9
37.480000000000004
38.4
38.4
37.5
37.88333333333333
37.88333333333333
37.88333333333333
37.400000000000006
37.400000000000006
37.1
37.1
38.3
37.31428571428571
37.983333333333334
37.25
37.25714285714286
38.083333333333336
37.357142857142854
37.7
37.7
37.7
37.03333333333334
38.2
38.2
37.45
37.36666666666667
37.0
37.0
37.1
37.300000000000004
37.18333333333333
37.18333333333333
37.18333333333333
37.6
37.6
37.45
37.45
37.459999999999994
37.35
37.550000000000004
37.04
37.04
36.95
37.660000000000004
36.7
36.7
38.5
37.38
37.38
37.85
37.371428571428574
37.371428571428574
37.371428571428574
37.53333333333333
37.53333333333333
37.2
37.31428571428571
37.26666666666667
37.6
37.42857142857143
38.05
38.05
38.6
37.628571428571426
37.775
37.775
38.4
37.449999999999996
37.78333333333333
37.78333333333333
37.4
37.714285714285715
37.333333333333336
37.333333333333336
37.333333333333336
37.333333333333336
38.4
38.4
37.1
37.1
37.7
37.442857142857136
37.800000000000004
37.800000000000004
37.5
37.833333333333336
37.833333333333336
37.975
37.5
38.1
38.1
38.1
37.63333333333333
37.614285714285714
37.08571428571429
37.925
37.925
37.8
37.38333333333333
37.300000000000004
38.4
38.4
37.12
37.925
37.925
37.349999999999994
37.9
37.339999999999996
37.339999999999996
38.3
38.3
38.3
37.175
37.63333333333333
37.8
37.31428571428571
37.31428571428571
37.31428571428571
37.38571428571429
37.75
37.1
37.2
37.2
37.5
36.64
36.64
37.4
36.53333333333333
36.53333333333333
37.275
37.275
37.275
37.44
37.542857142857144
36.4
36.4
37.733333333333334
37.05
37.05
36.6
37.285714285714285
36.666666666666664
36.666666666666664
37.7
37.3
37.15
37.666666666666664
37.114285714285714
37.166666666666664
37.166666666666664
37.25
37.25
37.2
37.3
36.771428571428565
37.85
37.85
37.019999999999996
37.620000000000005
37.620000000000005
38.1
37.425
37.425
37.9
36.96666666666667
37.699999999999996
36.62
36.62
36.62
36.62
36.3
37.385714285714286
37.15714285714286
36.85
37.642857142857146
37.0
37.199999999999996
37.0
37.0
36.85
37.7
38.1
38.1
37.35
38.3
38.3
37.459999999999994
37.57142857142857
37.56
37.45
37.45
37.45
37.45
37.5
38.120000000000005
38.120000000000005
38.1
36.5
36.5
37.6
37.6
36.4
37.65
36.975
36.975
37.6
36.91428571428571
37.3
37.3
37.2
37.2
36.86666666666667
37.7
36.650000000000006
36.650000000000006
37.3
37.3
36.739999999999995
37.833333333333336
37.385714285714286
37.599999999999994
37.599999999999994
37.559999999999995
37.125
37.125
37.3
37.24285714285714
37.06666666666667
37.58571428571428
36.92
36.92
36.92
37.5
37.25
37.53333333333333
37.53333333333333
38.1
37.24285714285714
37.385714285714286
37.425
37.425
36.6
37.771428571428565
37.67999999999999
37.483333333333334
37.483333333333334
37.8
36.800000000000004
38.4
37.542857142857144
38.4
38.4
36.8
36.8
37.442857142857136
37.0
37.375
37.375
37.525
37.0
37.0
37.45
37.45
37.45
37.71666666666667
36.4
36.4
36.4
36.875
37.385714285714286
37.642857142857146
36.82
36.82
38.1
36.957142857142856
37.357142857142854
37.6
37.199999999999996
37.32857142857143
37.32857142857143
37.2
36.733333333333334
37.89999999999999
36.95
36.785714285714285
37.550000000000004
37.01428571428572
37.48571428571428
37.56
37.2
37.2
36.6
37.166666666666664
37.166666666666664
37.36666666666667
36.9
36.9
37.3
37.0
37.0
37.260000000000005
37.25
37.03333333333333
37.542857142857144
37.25714285714286
37.7
37.7
37.266666666666666
37.34285714285715
37.800000000000004
37.142857142857146
37.583333333333336
37.583333333333336
37.583333333333336
37.3
37.3
37.75
37.1
37.3
37.18
37.042857142857144
37.15
37.65
37.65
37.65
37.65
37.339999999999996
37.233333333333334
37.6
37.300000000000004
36.4
36.4
37.760000000000005
37.0
37.371428571428574
37.3
38.3
38.3
37.6
37.175
37.175
37.175
38.0
36.916666666666664
37.48571428571429
37.73333333333333
36.84285714285714
37.550000000000004
37.528571428571425
36.9
37.67142857142857
37.25
37.06666666666667
37.699999999999996
37.15714285714286
38.3
37.31666666666667
37.41428571428571
37.550000000000004
37.31666666666667
37.82857142857143
37.199999999999996
37.36666666666667
37.75714285714286
37.21666666666667
37.857142857142854
37.25714285714286
37.300000000000004
37.58571428571429
37.57142857142857
37.03333333333333
37.38333333333333
36.971428571428575
37.050000000000004
37.385714285714286
36.885714285714286
37.48571428571428
37.34285714285714
37.114285714285714
37.333333333333336
37.35
37.271428571428565
37.75
36.86666666666667
36.86666666666667
37.5
36.957142857142856
37.699999999999996
36.4
36.4
37.739999999999995
36.949999999999996
37.4
37.64
36.96666666666667
37.550000000000004
36.800000000000004
36.800000000000004
37.925
37.0
37.5
37.542857142857144
36.857142857142854
37.9
37.142857142857146
37.199999999999996
37.6
37.94285714285714
37.07142857142857
37.85
37.85
37.85
37.86
38.1
38.1
38.03333333333333
37.2
37.2
37.9
37.75
37.800000000000004
37.46
37.84285714285715
37.27142857142858
37.24
37.871428571428574
37.18
37.333333333333336
37.67142857142857
37.25
37.93333333333334
37.48571428571428
37.48571428571428
38.21666666666667
37.300000000000004
37.300000000000004
38.1
37.5
37.84285714285715
37.56666666666667
37.5
37.5
38.6
37.449999999999996
37.775
37.775
38.8
38.8
38.8
37.46666666666667
38.1
37.65
37.61666666666667
37.56
37.35
37.35
37.6
37.6
37.6
37.5
37.483333333333334
38.160000000000004
37.3
37.3
37.3
37.3
37.46666666666667
37.46666666666667
37.46666666666667
37.642857142857146
37.042857142857144
37.660000000000004
37.43333333333333
37.1
38.01428571428571
37.5
37.528571428571425
38.03333333333333
37.07142857142857
38.06
37.1
37.1
37.9
37.06666666666667
37.62
37.3
37.3
37.9
37.05
37.05
38.5
37.416666666666664
37.739999999999995
37.739999999999995
36.7
37.983333333333334
37.233333333333334
37.233333333333334
37.5
37.5
37.4
37.800000000000004
37.300000000000004
37.771428571428565
36.8
37.58
37.339999999999996
38.06
37.199999999999996
37.199999999999996
38.2
37.45
37.542857142857144
38.083333333333336
37.35
37.75
37.75
37.559999999999995
37.75
37.75
38.7
37.45
38.13333333333333
37.4
37.4
37.4
37.5
37.86
37.86
37.4
37.957142857142856
37.1
37.1
36.9
37.300000000000004
37.5
37.449999999999996
37.43333333333334
38.050000000000004
37.24285714285714
37.6
37.61666666666667
36.95
36.95
37.574999999999996
37.65
38.2
38.2
37.785714285714285
37.9
37.042857142857144
37.78333333333333
37.07142857142857
37.07142857142857
37.07142857142857
37.07142857142857
37.575
37.93333333333334
37.199999999999996
37.199999999999996
37.86666666666667
37.4
37.9
37.44285714285714
37.78333333333333
37.72
37.4
37.833333333333336
37.07142857142857
38.050000000000004
37.46666666666666
37.14
38.01428571428572
37.166666666666664
37.714285714285715
37.82857142857143
37.3
37.56666666666667
37.57142857142857
37.45
38.114285714285714
37.42
38.26666666666667
38.26666666666667
38.26666666666667
38.26666666666667
37.7
37.666666666666664
38.15
37.74285714285714
37.74285714285714
37.74285714285714
37.739999999999995
38.15
37.583333333333336
38.300000000000004
37.56666666666667
37.800000000000004
38.25714285714285
38.25714285714285
38.25714285714285
38.28
37.333333333333336
38.05
37.9
38.8
38.8
38.8
38.8
37.2
38.01428571428572
37.6
38.58
38.58
37.1
38.15
37.5
37.5
38.9
37.72857142857142
37.7
38.07142857142857
37.766666666666666
37.766666666666666
37.766666666666666
37.65
38.22857142857142
37.6
37.78333333333334
37.95
37.95
37.95
38.199999999999996
37.57142857142857
38.25
38.25
38.25
38.36666666666667
37.85
37.76666666666667
38.32857142857143
37.6
37.6
38.32
37.457142857142856
38.4
38.4
38.4
38.4
38.4
38.4
37.4
37.666666666666664
37.75714285714286
38.1
38.17142857142857
37.36666666666667
38.016666666666666
38.0
37.285714285714285
38.333333333333336
38.028571428571425
37.528571428571425
37.96666666666667
37.7
37.642857142857146
38.03333333333333
37.82857142857143
37.642857142857146
37.85
37.871428571428574
37.38
38.050000000000004
37.67142857142857
37.55
38.2
37.74285714285714
37.9
38.2
37.63333333333333
37.63333333333333
38.8
37.62857142857143
38.1
38.199999999999996
37.63333333333333
38.239999999999995
38.239999999999995
38.9
38.18571428571429
37.86666666666667
37.857142857142854
38.14
37.68
37.885714285714286
38.28333333333334
38.0
38.0
38.44
37.666666666666664
38.300000000000004
37.7
37.84285714285715
38.32857142857143
37.5
38.6
37.879999999999995
38.10000000000001
38.050000000000004
38.0
37.56666666666666
38.199999999999996
38.199999999999996
37.2
38.199999999999996
37.785714285714285
38.1
38.1
37.78
38.042857142857144
37.93333333333333
37.94285714285714
38.628571428571426
37.699999999999996
37.96666666666667
38.285714285714285
37.53333333333333
38.0
38.25714285714286
37.833333333333336
37.833333333333336
38.5
37.699999999999996
38.15
38.05714285714286
38.05714285714286
38.05714285714286
38.15
37.74285714285714
37.88333333333333
37.0
37.0
37.8
38.6
38.6
38.6
38.6
37.7
38.385714285714286
38.0
38.1
37.1
37.1
38.5
38.1
38.166666666666664
38.425
38.425
37.5
38.32857142857143
38.03333333333333
37.88
38.166666666666664
38.166666666666664
37.7
38.35
38.12857142857143
37.7
37.7
37.766666666666666
38.285714285714285
37.5
38.68571428571429
37.9
37.9
38.4
37.92857142857143
38.3
37.3
37.3
38.542857142857144
37.93333333333333
37.93333333333333
38.34285714285714
37.833333333333336
38.1
38.142857142857146
37.9
38.55
38.55
37.8
38.32857142857143
37.614285714285714
38.271428571428565
37.75
39.1
39.1
37.73333333333333
37.87142857142857
38.6
37.475
37.475
38.3
37.56666666666667
38.550000000000004
37.4
37.4
38.36666666666667
37.839999999999996
37.839999999999996
37.839999999999996
37.642857142857146
37.96666666666667
38.08
38.08
37.2
37.2
37.2
38.3
37.46666666666667
38.1
38.25
37.4
37.81666666666667
38.23333333333333
37.5
39.0
39.0
37.849999999999994
37.849999999999994
37.849999999999994
37.0
38.028571428571425
37.271428571428565
38.0
37.800000000000004
37.85
38.3
38.3
37.75
38.142857142857146
37.91428571428571
37.666666666666664
37.56666666666667
37.56666666666667
37.1
37.1
37.1
38.028571428571425
38.42
37.56
37.56
37.56
37.56
38.042857142857144
36.9
36.9
37.9
37.625
37.625
38.7
36.9
36.9
38.275
37.7
37.7
37.92
37.92
37.92
37.75714285714286
37.88
37.88
38.7
38.7
38.7
37.166666666666664
37.8
37.42857142857143
37.971428571428575
38.15
37.542857142857144
38.06666666666667
38.06666666666667
38.06666666666667
37.86666666666667
37.28
38.15
37.160000000000004
37.160000000000004
38.3
37.53333333333333
37.88333333333333
37.5
37.08
37.725
37.725
37.3
36.9
36.900000000000006
36.900000000000006
36.900000000000006
37.6
37.65
37.63333333333333
37.4
37.4
37.625
37.56666666666667
37.82857142857143
36.86666666666667
38.0
37.371428571428574
37.43333333333333
37.82857142857143
37.5
37.5
37.5
36.9
36.8
36.8
36.8
37.52
37.285714285714285
37.666666666666664
37.666666666666664
37.4
37.57142857142857
37.04
37.04
37.1
37.56666666666666
37.56666666666666
37.56666666666666
37.1
37.78
37.78
36.6
37.800000000000004
37.028571428571425
37.91428571428571
37.4
37.4
38.0
36.650000000000006
36.650000000000006
38.3
37.0
37.94
37.94
36.5
37.95
37.95
37.95
37.95
36.95
38.03333333333333
38.03333333333333
37.3
37.400000000000006
37.400000000000006
37.53333333333333
38.4
38.4
38.0
37.36666666666667
37.6
37.68333333333333
37.68333333333333
36.7
37.35
37.48571428571429
37.88333333333333
36.93333333333334
37.75714285714286
37.528571428571425
37.266666666666666
37.96666666666666
37.199999999999996
37.63333333333333
37.628571428571426
37.114285714285714
37.959999999999994
37.1
36.8
36.8
37.275
37.275
38.0
36.91428571428571
37.666666666666664
37.03333333333333
36.6
36.6
36.96
37.68333333333333
36.96
36.96
37.2
37.1
37.1
37.800000000000004
37.06666666666666
37.06666666666666
38.4
37.03333333333334
37.557142857142864
37.400000000000006
37.400000000000006
37.800000000000004
37.800000000000004
36.85
36.8
36.8
37.88
37.271428571428565
37.38333333333333
37.4
37.4
38.300000000000004
38.300000000000004
38.300000000000004
37.43333333333333
37.425000000000004
37.425000000000004
37.199999999999996
37.71666666666667
37.15714285714286
37.68
37.74285714285714
37.43333333333333
37.43333333333333
37.6
37.6
37.75
37.2
37.2
37.7
37.7
36.7
36.7
36.7
37.771428571428565
37.233333333333334
37.233333333333334
38.2
37.400000000000006
37.400000000000006
37.400000000000006
37.400000000000006
37.400000000000006
36.6
36.6
38.6
37.300000000000004
37.333333333333336
37.333333333333336
37.32
37.480000000000004
37.480000000000004
37.7
37.31428571428571
37.233333333333334
36.6
37.333333333333336
37.266666666666666
37.266666666666666
38.06666666666667
38.58
38.58
37.0
37.35
37.7
37.46666666666667
37.300000000000004
37.739999999999995
37.739999999999995
37.739999999999995
37.739999999999995
37.739999999999995
37.739999999999995
37.739999999999995
37.739999999999995
37.739999999999995
37.739999999999995
37.739999999999995
37.739999999999995
37.739999999999995
37.739999999999995
37.1
37.1
37.4
37.3
37.3
36.8
37.957142857142856
37.28
37.28
36.8
37.333333333333336
38.4
38.4
37.74285714285715
38.4
38.4
37.44
37.4
37.228571428571435
37.885714285714286
37.371428571428574
37.4
37.65
37.300000000000004
37.833333333333336
37.6
37.6
37.5
37.099999999999994
37.099999999999994
38.040000000000006
37.050000000000004
37.050000000000004
37.2
36.7
36.7
37.800000000000004
37.285714285714285
37.75
37.75
37.75
38.1
38.1
37.199999999999996
37.8
37.8
37.440000000000005
38.075
38.075
37.650000000000006
37.68571428571429
38.166666666666664
38.166666666666664
38.166666666666664
38.1
37.9
37.9
38.019999999999996
37.96666666666667
37.36666666666667
37.98571428571428
37.67142857142857
37.5
37.5
38.019999999999996
37.95
37.95
37.760000000000005
38.3
38.3
38.18571428571429
37.56666666666667
38.7
38.7
37.75
37.75
36.9
37.349999999999994
37.349999999999994
37.3
37.75714285714285
37.57142857142857
38.239999999999995
37.65
38.7
38.7
37.53333333333333
37.9
38.1
37.75
37.699999999999996
38.214285714285715
37.900000000000006
37.900000000000006
38.199999999999996
38.199999999999996
37.7
37.72
37.542857142857144
38.13333333333333
37.0
37.0
38.266666666666666
37.34285714285715
37.73333333333333
37.81428571428571
37.54285714285714
37.73333333333333
37.73333333333333
37.699999999999996
38.36666666666667
37.6
37.6
38.325
37.583333333333336
37.583333333333336
38.7
37.3
38.0
37.516666666666666
38.15
38.083333333333336
37.85
37.85
37.85
37.65
37.900000000000006
37.900000000000006
37.9
37.642857142857146
37.55
37.375
37.375
37.2
37.871428571428574
37.5
37.85
37.85
37.85
38.06666666666667
37.699999999999996
38.271428571428565
37.6
37.6
38.199999999999996
37.53333333333333
37.4
37.4
37.760000000000005
38.13333333333333
37.285714285714285
37.942857142857136
37.4
37.4
38.0
38.0
37.3
37.800000000000004
37.4
37.4
37.833333333333336
37.833333333333336
38.0
38.300000000000004
37.57142857142857
37.971428571428575
38.266666666666666
37.45
37.45
38.5
37.628571428571426
38.1
37.2
37.2
38.5
37.614285714285714
37.88
37.8
37.8
37.8
37.8
37.44
38.474999999999994
38.474999999999994
38.5
38.0
37.949999999999996
37.199999999999996
37.199999999999996
37.199999999999996
37.45
37.45
37.45
37.7
37.95
37.95
38.5
37.666666666666664
37.64
37.64
36.8
37.93333333333333
37.5
37.5
37.93333333333334
37.57142857142857
37.8
37.8
37.6
37.6
37.6
37.6
37.6
38.1
37.68571428571429
38.142857142857146
37.75
37.86666666666667
37.949999999999996
37.3
38.3
38.3
37.41428571428571
37.68571428571429
37.68571428571429
37.68571428571429
37.42
37.766666666666666
37.5
37.5
37.68571428571429
37.93333333333333
37.93333333333333
37.93333333333333
38.339999999999996
37.57142857142857
37.85
37.92857142857143
37.6
37.9
37.75
37.333333333333336
38.07142857142857
37.4
37.666666666666664
38.15
37.42857142857143
37.7
37.95
37.5
37.5
37.56666666666667
37.56666666666667
37.300000000000004
38.28333333333333
37.800000000000004
37.739999999999995
37.46666666666667
37.46666666666667
37.1
37.1
37.1
37.900000000000006
38.057142857142864
37.333333333333336
38.028571428571425
37.971428571428575
37.300000000000004
37.86666666666667
37.42
37.42
37.7
37.614285714285714
37.85
37.949999999999996
37.52857142857143
37.739999999999995
37.739999999999995
37.739999999999995
37.739999999999995
38.120000000000005
37.55
37.55
37.55
37.56666666666666
37.833333333333336
37.4
37.449999999999996
38.083333333333336
37.14
37.14
37.7
37.260000000000005
37.75
37.81428571428571
37.38
37.91428571428571
38.0
37.2
36.9
36.9
36.82
37.86666666666667
37.166666666666664
37.61666666666667
37.75
37.75
37.75
37.5
37.15
37.9
37.55
37.65714285714286
37.980000000000004
37.75714285714286
37.6
37.57142857142857
37.06666666666666
37.94
37.4
37.68571428571429
38.03333333333333
37.62
37.8
37.8
38.4
37.58
38.166666666666664
37.4
37.4
38.18
37.4
38.028571428571425
37.9
37.93333333333333
38.266666666666666
37.457142857142856
37.72
37.92
37.233333333333334
38.43333333333333
37.699999999999996
37.96
37.96
38.2
37.38333333333333
37.85
37.13333333333333
37.0
37.957142857142856
37.48
37.26666666666667
38.0
37.628571428571426
37.416666666666664
37.65714285714286
37.24
37.35
37.61666666666667
37.46666666666666
37.46666666666667
37.68333333333333
37.233333333333334
37.233333333333334
37.233333333333334
37.5
37.975
37.975
38.5
37.38333333333333
37.38
37.4
37.4
37.4
37.65
37.65
37.1
37.3
37.65
38.14
38.14
38.14
36.9
37.300000000000004
37.333333333333336
38.239999999999995
38.239999999999995
36.8
38.0
38.0
37.0
37.642857142857146
37.166666666666664
37.449999999999996
36.8
36.8
36.8
36.8
37.166666666666664
38.1
38.1
37.3
37.6
37.8
37.166666666666664
37.459999999999994
37.785714285714285
37.06666666666666
37.62
37.62
38.5
37.6
38.1
38.1
37.3
38.2
38.2
37.35
37.1
37.1
37.1
37.1
37.5
37.260000000000005
37.483333333333334
37.271428571428565
37.3
37.46666666666667
37.46666666666667
37.233333333333334
37.58571428571428
37.42
37.4
37.0
37.0
37.08
37.714285714285715
37.714285714285715
37.714285714285715
37.714285714285715
37.58
37.25714285714286
37.9
37.5
37.166666666666664
37.64
37.4
37.56
37.63333333333333
38.0
37.528571428571425
37.6
37.81666666666667
37.18333333333333
37.7
37.7
38.5
37.3
37.46666666666667
37.266666666666666
37.53333333333333
37.699999999999996
37.214285714285715
37.166666666666664
37.699999999999996
36.871428571428574
37.93333333333333
37.78333333333333
37.1
36.56666666666667
37.6
37.5
37.75
37.75
38.5
37.24
37.75714285714286
36.9
36.9
38.0
37.38333333333333
37.68571428571429
37.94285714285714
37.46666666666667
37.76666666666667
37.98571428571428
37.800000000000004
37.5
37.739999999999995
37.739999999999995
37.739999999999995
37.71666666666667
38.23333333333333
37.971428571428575
37.51428571428572
38.266666666666666
37.53333333333333
37.660000000000004
37.660000000000004
37.7
37.23333333333333
38.199999999999996
37.733333333333334
37.766666666666666
38.1
37.67142857142857
37.67999999999999
38.7
38.7
38.7
38.150000000000006
37.25
37.25
38.4
37.53333333333333
37.916666666666664
37.07142857142857
38.1
37.4
37.833333333333336
37.871428571428574
37.199999999999996
38.15
37.942857142857136
37.61666666666667
38.2
37.614285714285714
37.53333333333333
37.949999999999996
37.699999999999996
37.457142857142856
38.166666666666664
37.733333333333334
37.9
38.13333333333333
38.042857142857144
37.9
38.050000000000004
37.46666666666667
37.96666666666667
37.6
37.4
38.028571428571425
37.699999999999996
37.75
37.75
37.849999999999994
38.4
38.4
38.4
37.739999999999995
38.25
37.457142857142856
38.15
38.285714285714285
37.46666666666667
38.22
38.13333333333333
37.63333333333333
38.12857142857143
37.6
37.73333333333333
37.73333333333333
37.9
37.699999999999996
38.08571428571429
37.65
37.98571428571428
38.300000000000004
37.94
37.98571428571428
38.18571428571429
37.57142857142857
37.46666666666667
38.35
37.2
37.2
38.6
37.5
38.0
38.5
37.75
37.98571428571428
38.12
37.8
37.8
38.35
37.699999999999996
37.8
38.23333333333333
37.65
38.0
38.0
37.9
37.58571428571429
38.03333333333333
38.0
38.7
38.7
38.4
37.857142857142854
38.17999999999999
37.67142857142857
37.65
37.628571428571426
37.628571428571426
37.628571428571426
37.550000000000004
37.75
37.839999999999996
37.839999999999996
38.6
38.6
38.6
38.6
38.6
38.220000000000006
37.84285714285714
37.84285714285714
37.84285714285714
37.3
37.3
37.974999999999994
37.974999999999994
37.974999999999994
38.1
38.1
37.660000000000004
37.85
38.06666666666667
37.63333333333333
37.885714285714286
37.885714285714286
37.885714285714286
37.65
38.05
37.1
37.1
38.4
37.82857142857143
37.733333333333334
38.03333333333334
38.08571428571429
38.05
38.05
38.2
37.6
37.6
38.266666666666666
37.483333333333334
37.76666666666667
38.128571428571426
37.614285714285714
38.22
38.22
38.6
38.0
38.18333333333333
37.8
37.8
38.46666666666667
39.0
39.0
38.300000000000004
37.660000000000004
37.660000000000004
37.9
37.800000000000004
37.800000000000004
37.85
37.2
37.2
38.25
38.25
37.4
38.1
38.266666666666666
37.6
38.5
38.2
37.92857142857143
38.31666666666666
37.4
37.4
38.0
38.42
37.628571428571426
38.225
37.94285714285714
37.528571428571425
38.5
37.900000000000006
37.900000000000006
38.725
37.82857142857143
38.42857142857143
37.916666666666664
38.199999999999996
38.38333333333333
37.86666666666667
38.285714285714285
38.28
38.06666666666666
38.06666666666666
37.8
38.160000000000004
37.78333333333333
37.699999999999996
38.22857142857142
37.471428571428575
38.1
37.81666666666666
36.96666666666667
37.9
37.260000000000005
37.260000000000005
38.3
36.8
36.8
38.2
37.4
37.93333333333334
37.333333333333336
37.86666666666667
37.699999999999996
37.166666666666664
38.21666666666667
37.2
37.885714285714286
38.06666666666666
37.31666666666666
37.839999999999996
37.839999999999996
37.0
38.3
37.25
38.214285714285715
37.7
37.7
38.0
37.17142857142857
38.26666666666667
38.26666666666667
37.0
37.65
37.214285714285715
37.93333333333334
37.519999999999996
37.98571428571428
38.050000000000004
37.38333333333333
38.2
37.5
37.583333333333336
38.26666666666667
37.199999999999996
37.72857142857142
37.82
37.65714285714285
37.785714285714285
37.23333333333333
37.94285714285714
37.9
37.56666666666666
37.56666666666666
38.1
37.25714285714286
38.050000000000004
37.31666666666667
37.55714285714286
38.1
37.57142857142857
37.528571428571425
38.06666666666667
37.2
37.6
37.58
37.58
37.58
37.58
37.44285714285714
38.1
37.46666666666666
37.48571428571428
38.25
37.766666666666666
37.55
37.85
37.583333333333336
38.1
37.766666666666666
37.720000000000006
37.91428571428571
38.0
37.36666666666667
37.75
37.44285714285714
37.5
38.03333333333333
37.583333333333336
38.6
38.6
37.4
37.4
38.5
37.37142857142857
37.96666666666667
37.96666666666667
37.5
37.739999999999995
37.23333333333333
37.23333333333333
38.7
37.300000000000004
37.9
37.86666666666667
37.36666666666667
38.0
38.0
37.1
38.300000000000004
37.4
38.03333333333333
38.03333333333333
38.03333333333333
38.03333333333333
37.525
37.525
38.0
37.48571428571428
37.51428571428572
37.800000000000004
37.42857142857143
38.6
38.6
37.14
37.84
37.199999999999996
37.56666666666666
37.4
37.4
37.7
37.93333333333333
38.01666666666667
37.4
37.957142857142856
37.666666666666664
37.46666666666667
37.7
37.7
37.7
37.7
37.7
37.7
37.9
37.5
37.9
37.65
37.68333333333334
38.0
38.0
37.5
37.800000000000004
37.43333333333333
37.4
37.85
37.46666666666667
37.46666666666667
37.46666666666667
37.36666666666667
37.699999999999996
37.785714285714285
37.25
37.43333333333333
36.614285714285714
37.4
37.4
36.9
37.5
37.5
36.95
37.833333333333336
36.9
36.9
38.025
37.199999999999996
37.68571428571429
37.36666666666667
37.42857142857143
37.125
37.125
37.3
37.3
36.300000000000004
37.54
37.54
36.5
37.1
36.699999999999996
37.35
37.0375
36.9
36.9
37.68
36.971428571428575
37.72857142857142
37.2
37.5
37.5
37.5
36.9
37.25
37.25
37.5
37.56666666666667
37.56666666666667
38.5
37.5
37.43333333333333
37.15714285714286
37.785714285714285
37.6
37.65
37.65
38.36
37.239999999999995
37.239999999999995
37.239999999999995
37.266666666666666
38.05
37.800000000000004
37.60000000000001
38.13333333333333
36.9
36.9
38.03333333333333
37.15
37.15
38.0
36.980000000000004
37.63333333333333
36.9
36.9
37.86666666666667
37.3
37.3
37.9
37.22
37.22
37.9
37.26666666666667
37.26666666666667
37.26666666666667
37.26666666666667
37.53333333333333
37.53333333333333
37.53333333333333
37.9
37.2
37.2
38.4
37.36666666666667
37.0
37.0
37.4
37.42
37.128571428571426
37.73333333333333
36.93333333333334
36.93333333333334
37.3
36.76
36.76
36.76
36.6
36.6
37.55
37.46666666666667
37.699999999999996
38.199999999999996
37.08
38.028571428571425
38.028571428571425
38.028571428571425
38.019999999999996
37.4
37.4
37.4
37.4
37.4
37.739999999999995
37.714285714285715
37.416666666666664
38.0
37.266666666666666
37.63333333333333
37.63333333333333
37.63333333333333
37.63333333333333
37.63333333333333
38.6
37.32
37.95
37.35
37.31666666666666
37.57142857142857
37.57142857142857
37.57142857142857
37.6
37.15714285714286
37.949999999999996
37.23333333333333
37.642857142857146
37.65714285714286
36.55
36.55
38.3
38.3
36.6
37.6
37.06666666666666
37.800000000000004
37.85
37.5
36.9
36.9
37.3
37.800000000000004
37.728571428571435
36.8
36.8
36.8
36.8
37.74
37.733333333333334
37.457142857142856
38.3
38.3
38.3
36.9
38.03333333333333
37.25
37.9
37.175
37.175
37.175
37.175
37.175
36.9
38.0
37.457142857142856
38.5
38.5
37.88
37.300000000000004
38.1
37.36666666666667
37.36666666666667
37.36666666666667
37.8
37.8
37.8
37.8
37.199999999999996
37.6
37.57142857142857
37.43333333333334
37.15
37.81666666666666
37.199999999999996
37.199999999999996
37.85
37.85
37.85
37.85
37.26666666666667
37.542857142857144
38.0
37.5
37.3
37.84285714285714
37.1
37.6
37.74285714285714
37.300000000000004
38.5
38.5
37.8
37.65714285714286
38.6
38.6
37.1
37.1
38.6
37.233333333333334
37.699999999999996
37.96666666666667
37.199999999999996
37.45
37.733333333333334
37.199999999999996
37.55
37.885714285714286
37.339999999999996
38.5
38.5
37.62
37.35
37.35
38.7
37.266666666666666
37.839999999999996
37.65714285714285
37.050000000000004
37.84285714285714
37.31428571428571
37.4
37.4
37.45
37.03333333333333
37.8
37.642857142857146
37.357142857142854
37.44
37.614285714285714
37.614285714285714
37.614285714285714
37.916666666666664
37.5
37.483333333333334
38.03333333333333
38.03333333333333
36.7
36.7
37.9
36.78
37.8
36.8
36.8
37.5
37.64
37.2
37.2
38.5
37.45
37.5
37.5
37.5
37.733333333333334
37.733333333333334
38.8
37.9
37.9
38.9
37.666666666666664
38.36
37.58
37.75
38.06
38.06
38.06
37.833333333333336
37.14
37.175
37.7
37.7
37.2
37.2
38.5
37.975
37.975
37.6
37.8
38.150000000000006
37.8
37.8
37.8
37.8
37.8
37.8
37.8
37.8
38.1
36.9
38.0
37.900000000000006
37.95
37.93333333333334
37.4
37.55
38.15
37.76666666666667
38.6
38.6
37.8
37.333333333333336
38.2
37.45
38.0
37.8
37.55
37.55
37.55
37.36666666666667
37.9
38.233333333333334
37.1
37.1
38.8
38.8
38.8
38.8
38.8
38.8
38.8
37.51666666666667
37.62
38.25
38.25
38.25
38.083333333333336
37.9
37.45
37.5
37.5
37.0
37.8
37.8
37.1
38.220000000000006
37.675
38.06
38.06
38.7
37.339999999999996
37.55
37.699999999999996
37.5
37.5
37.5
37.5
37.5
38.5
38.9
38.9
37.775
38.15
37.56666666666667
37.56666666666667
38.8
37.760000000000005
37.8
37.940000000000005
37.5
37.5
38.36666666666667
37.3
37.3
37.6
38.28
37.64
37.96666666666667
38.53333333333334
38.2
38.3
38.3
38.0
37.86666666666667
37.86666666666667
37.86666666666667
37.86666666666667
37.7
38.542857142857144
38.542857142857144
38.542857142857144
38.08
38.46666666666667
37.9
37.9
37.9
37.9
37.84285714285715
38.2
37.871428571428574
37.94
38.24285714285714
37.75
37.9
38.300000000000004
38.550000000000004
37.68571428571429
38.0
38.0
38.0
37.857142857142854
37.96666666666666
37.5
38.1
37.699999999999996
37.457142857142856
38.1
37.4
37.4
37.4
37.54
37.54
38.0
37.800000000000004
37.9
38.15
37.51428571428572
38.0
38.0
37.82
37.785714285714285
37.82857142857143
37.63333333333333
37.75
37.65
37.65
37.65
37.7
37.84285714285714
37.86
38.1
37.6
37.6
36.9
38.1
37.542857142857144
38.075
38.075
37.5
38.1
38.8
38.8
38.0
38.0
38.0
37.46666666666666
38.17142857142857
38.0
38.01428571428572
37.67999999999999
37.583333333333336
37.9
37.82857142857143
37.666666666666664
38.0
38.0
38.2
37.88333333333333
38.0
37.75
37.628571428571426
37.86666666666667
37.88333333333333
37.35
38.3
37.583333333333336
37.199999999999996
38.050000000000004
37.65714285714286
37.38333333333333
38.15
37.55
37.55
37.63333333333333
38.18571428571429
37.5
37.5
36.8
37.5
37.43333333333334
37.725
37.666666666666664
37.9
37.9
37.9
37.8
37.9
37.78
37.728571428571435
37.480000000000004
38.028571428571425
37.53333333333333
37.800000000000004
38.166666666666664
37.75
37.0
37.0
37.86666666666667
37.46666666666667
38.41428571428571
37.62857142857143
37.75
38.18571428571429
37.5
37.68571428571429
38.0
37.78333333333333
37.82857142857143
37.95
37.95
36.9
38.166666666666664
37.78
37.542857142857144
36.9
36.9
36.9
38.15
37.642857142857146
37.86666666666667
38.25714285714286
37.480000000000004
37.614285714285714
38.04
37.35
37.35
38.23333333333333
37.65714285714286
37.871428571428574
38.166666666666664
38.166666666666664
37.349999999999994
38.26666666666667
37.86666666666667
37.733333333333334
37.733333333333334
37.519999999999996
37.519999999999996
38.8
37.8
37.800000000000004
37.65
37.583333333333336
38.220000000000006
37.5
37.9
37.0
37.0
37.675
37.65714285714286
37.800000000000004
38.266666666666666
37.800000000000004
37.56666666666667
37.983333333333334
37.983333333333334
37.983333333333334
37.983333333333334
38.8
37.53333333333333
38.199999999999996
37.08
37.08
37.4
38.519999999999996
37.85
37.67142857142857
38.114285714285714
37.3
37.9
37.84285714285714
37.449999999999996
38.114285714285714
38.06666666666666
37.857142857142854
37.68
37.58571428571429
37.58571428571429
37.58571428571429
38.166666666666664
38.166666666666664
38.166666666666664
38.1
38.1
37.1
37.94
37.94
37.65
37.9
37.733333333333334
37.71666666666667
38.300000000000004
37.871428571428574
37.800000000000004
37.53333333333333
37.53333333333333
37.239999999999995
38.5
37.957142857142856
37.300000000000004
38.1
37.5
37.5
38.35
38.35
38.35
37.68333333333333
38.36666666666667
37.2
37.2
38.3
37.871428571428574
37.6
38.050000000000004
37.74285714285714
38.0
38.13333333333333
38.13333333333333
37.7
37.1
37.1
37.94
38.18571428571429
37.76
38.15
37.71666666666667
38.1375
38.449999999999996
37.68571428571429
38.01666666666667
38.266666666666666
37.53333333333333
38.385714285714286
37.67999999999999
37.67999999999999
38.2
37.73333333333333
38.1375
38.15
37.9
37.957142857142856
37.800000000000004
37.699999999999996
38.07142857142857
37.480000000000004
37.480000000000004
38.5
37.43333333333333
37.43333333333333
37.86666666666667
37.15
38.1
38.1
38.1
38.1
38.7
37.56666666666667
37.56666666666667
38.0
37.55
38.08571428571429
37.166666666666664
38.15
37.96666666666667
37.5
38.24285714285714
37.65
37.51666666666667
37.56666666666666
37.56666666666666
37.4
37.82857142857143
37.857142857142854
38.3
38.3
37.2
38.075
38.075
37.4
37.93333333333333
37.78333333333333
38.285714285714285
37.5
37.85
38.06666666666667
37.32857142857143
38.7
38.7
38.7
38.8
37.3
37.3
38.4
37.800000000000004
37.800000000000004
38.7
38.300000000000004
38.0
38.0
38.26
37.733333333333334
38.25
37.775
37.775
38.06666666666667
37.800000000000004
37.980000000000004
37.980000000000004
37.95
38.12
37.91428571428571
38.9
38.9
37.875
38.6
38.6
37.266666666666666
38.471428571428575
37.98571428571428
37.885714285714286
38.4
37.857142857142854
37.800000000000004
37.93333333333334
37.93333333333334
37.93333333333334
37.92857142857143
37.48333333333333
37.94285714285714
38.1
37.88333333333333
38.379999999999995
37.85
37.67142857142857
38.4
37.85
37.85
37.85
38.15714285714285
37.86666666666667
38.199999999999996
38.199999999999996
38.9
38.35
38.05
38.05
38.08
37.2
37.2
38.14
38.15
37.53333333333333
38.214285714285715
37.92857142857143
37.62
38.042857142857144
37.98571428571429
37.63333333333333
38.300000000000004
38.300000000000004
38.4
38.18333333333333
38.35
37.666666666666664
38.6
38.6
37.8
38.15714285714285
38.46666666666667
37.63333333333333
38.050000000000004
38.050000000000004
37.74285714285714
38.18333333333333
38.18333333333333
37.9
37.971428571428575
38.34285714285714
37.43333333333334
38.371428571428574
38.0
37.519999999999996
38.300000000000004
37.9
37.7
38.21666666666667
37.228571428571435
37.75
37.857142857142854
37.1
37.1
38.18
37.833333333333336
38.41428571428572
37.714285714285715
37.75
38.142857142857146
37.26666666666667
38.9
38.9
37.7
37.81666666666667
37.65
37.339999999999996
37.85
37.771428571428565
38.25
38.25
38.7
37.285714285714285
37.95
37.82
37.75
37.75
38.2
37.68571428571429
38.0
37.949999999999996
37.4
37.96666666666667
38.028571428571425
37.6
37.93333333333333
37.5
37.5
37.5
37.86
37.42857142857143
37.86666666666667
37.75
37.8
37.8
38.17999999999999
37.449999999999996
37.65714285714286
37.43333333333333
37.43333333333333
36.9
38.12857142857143
37.6
38.8
38.8
37.43333333333333
37.666666666666664
37.98571428571429
37.26666666666667
37.65714285714286
38.0
36.8
36.8
37.9
37.56666666666666
37.42857142857143
38.1
37.628571428571426
37.0
37.9
37.833333333333336
37.41428571428571
38.5
38.5
37.224999999999994
37.68333333333333
37.833333333333336
37.65
37.75714285714286
37.916666666666664
37.5
37.542857142857144
37.5
37.7
37.333333333333336
38.0
37.9
37.8
37.8
38.08
37.51428571428572
37.51428571428572
37.51428571428572
37.51428571428572
37.51428571428572
37.51428571428572
38.3
38.3
37.2
37.371428571428574
37.699999999999996
38.15714285714286
37.620000000000005
38.8
38.8
37.95
37.6
37.82857142857143
36.9
36.9
38.28
37.34285714285714
37.699999999999996
37.766666666666666
37.31428571428571
38.25
38.25
38.4
37.971428571428575
37.9
37.300000000000004
37.9
37.733333333333334
37.6
38.4
38.4
37.1
37.1
37.1
37.1
37.1
37.1
37.1
37.46
38.03333333333334
37.9
37.5
37.5
37.5
37.5
37.5
37.5
37.5
37.5
37.5
37.5
37.5
37.5
37.5
37.5
37.7
37.53333333333333
37.53333333333333
37.85
37.9
37.8
37.8
37.8
37.8
37.8
37.78
37.542857142857144
37.542857142857144
37.542857142857144
37.214285714285715
37.885714285714286
37.4
37.4
36.8
36.8
36.8
37.800000000000004
37.7
37.41428571428571
37.8
37.214285714285715
36.9
36.9
37.82000000000001
37.728571428571435
37.1
37.699999999999996
37.449999999999996
37.199999999999996
37.199999999999996
38.0
37.38
37.38
38.3
37.5
37.5
37.5
37.68571428571429
37.82857142857143
37.15
37.15
37.15
37.4
37.4
38.2
37.51428571428572
37.81428571428571
38.58
37.766666666666666
37.766666666666666
38.4
38.4
38.4
38.4
38.4
38.4
37.4
37.4
37.4
37.4
37.9
38.2
38.2
37.0
39.0
39.0
38.4
37.9
37.9
37.85
37.457142857142856
38.0
37.92857142857143
37.43333333333334
38.042857142857144
37.6
37.6
37.6
37.416666666666664
38.225
38.225
38.0
38.166666666666664
37.95
37.95
37.95
37.95
37.6
38.199999999999996
38.199999999999996
38.199999999999996
38.43333333333333
38.43333333333333
38.9
38.074999999999996
38.074999999999996
38.5
37.8
38.36666666666667
38.36666666666667
38.6
37.65714285714286
38.37142857142857
38.05714285714286
37.7
38.05714285714286
37.800000000000004
37.800000000000004
37.800000000000004
38.720000000000006
37.63333333333333
38.06666666666667
37.699999999999996
37.699999999999996
37.699999999999996
38.13333333333333
37.63333333333333
38.300000000000004
38.225
38.03333333333333
38.1
38.35
37.4
37.4
38.7
38.05714285714286
37.9
38.550000000000004
38.550000000000004
38.550000000000004
38.550000000000004
38.1
38.3
38.3
37.3
37.3
39.0
37.68
38.18571428571429
38.516666666666666
37.771428571428565
38.58
37.53333333333333
37.53333333333333
37.53333333333333
39.1
37.833333333333336
37.949999999999996
37.9
37.9
37.9
37.9
38.54
38.54
38.9
38.4
38.4
37.7
37.7
37.7
38.050000000000004
38.06666666666666
37.84285714285714
38.142857142857146
37.98333333333333
37.92857142857143
38.5
37.93333333333333
38.0
38.457142857142856
37.63333333333333
38.11666666666667
38.285714285714285
37.6
37.6
38.5
37.82857142857143
38.42
38.042857142857144
38.17142857142857
37.6
37.6
38.233333333333334
37.983333333333334
37.983333333333334
37.983333333333334
37.733333333333334
37.871428571428574
38.285714285714285
37.449999999999996
37.73333333333333
37.9
37.9
37.5
38.01428571428572
37.68333333333334
38.35
37.96666666666667
37.96666666666667
37.1
37.78
37.78
37.1
37.1
37.1
38.9
38.9
37.85
38.2
38.2
38.9
37.766666666666666
37.3
37.3
37.55
38.199999999999996
37.5
37.5
37.5
37.5
37.5
37.6
38.0
37.8
38.271428571428565
38.0
38.0
38.0
38.8
37.75
38.11666666666667
37.92857142857143
37.628571428571426
38.4
38.4
38.4
38.4
38.2
37.8
38.050000000000004
38.050000000000004
38.050000000000004
38.18333333333333
37.825
37.825
37.825
37.825
37.825
38.375
37.96
37.95714285714286
38.56
37.51428571428571
37.628571428571426
37.28333333333334
37.5
38.349999999999994
38.349999999999994
37.6
38.2
37.6
38.42
37.3
37.3
38.1
37.73333333333333
37.73333333333333
37.73333333333333
37.73333333333333
38.142857142857146
37.26666666666667
38.08571428571429
38.15714285714286
37.442857142857136
38.06666666666666
37.885714285714286
37.2
37.2
37.7
37.7
36.8
37.75
37.75
37.1
37.5
37.5
37.42
37.900000000000006
37.55714285714286
37.885714285714286
37.714285714285715
37.550000000000004
37.55
36.8
36.8
37.62
37.85
38.266666666666666
37.41428571428571
37.41428571428571
37.41428571428571
37.41428571428571
37.474999999999994
38.3
38.3
37.6
37.92857142857143
38.142857142857146
37.449999999999996
38.425
38.425
37.95
38.199999999999996
37.85
37.85
37.78
37.93333333333334
37.93333333333334
38.0
38.03333333333333
37.0
37.0
37.9
38.166666666666664
37.542857142857144
38.0
38.0
37.92
37.800000000000004
38.083333333333336
37.71666666666666
37.36666666666667
38.225
38.225
37.6
37.81428571428571
38.260000000000005
37.56666666666667
38.114285714285714
38.25714285714286
37.86666666666667
37.86666666666667
38.25
37.67142857142857
37.614285714285714
38.13333333333333
37.61666666666667
37.6
38.25714285714285
37.8
37.8
38.12
37.666666666666664
37.666666666666664
37.666666666666664
38.114285714285714
38.114285714285714
38.114285714285714
38.42
37.2
37.2
38.2
37.699999999999996
37.6
38.43333333333333
37.728571428571435
37.785714285714285
38.25
37.949999999999996
37.61666666666667
38.1
38.1
38.1
37.9
37.55
37.55
37.8
37.728571428571435
37.983333333333334
37.9
37.63333333333333
37.53333333333334
37.53333333333334
37.9
38.0
38.0
37.96
37.599999999999994
37.599999999999994
37.766666666666666
37.5
37.5
38.4
38.4
36.8
36.8
38.6
37.56666666666667
37.728571428571435
37.871428571428574
38.06666666666667
38.06666666666667
38.5
37.5
37.6875
37.85
37.74285714285714
37.357142857142854
37.357142857142854
37.357142857142854
37.5
37.642857142857146
38.050000000000004
37.5
37.714285714285715
37.56666666666667
37.56666666666667
36.9
38.35
37.6
37.85
37.85
37.85
38.7
38.7
37.6
37.771428571428565
37.51428571428572
37.46666666666666
37.46666666666666
37.333333333333336
38.166666666666664
37.65
37.65
37.65
37.65
37.65
37.4
37.800000000000004
37.628571428571426
38.0
38.160000000000004
37.6
37.92857142857143
38.0
37.1
37.1
37.650000000000006
37.650000000000006
37.0
38.08571428571429
37.983333333333334
37.614285714285714
38.2
38.0
38.0
37.8
38.239999999999995
37.771428571428565
38.07142857142857
38.15
37.6
38.042857142857144
38.18571428571429
37.699999999999996
37.84285714285714
38.285714285714285
37.71666666666666
37.65
37.2
37.2
38.160000000000004
37.871428571428574
38.475
38.475
38.266666666666666
37.86666666666667
37.980000000000004
37.63333333333333
37.96666666666667
38.4
37.660000000000004
37.42
38.166666666666664
37.78333333333333
39.0
39.0
37.833333333333336
37.98333333333333
38.199999999999996
38.5
38.5
37.9
37.9
37.1
38.050000000000004
37.65
38.114285714285714
37.96666666666667
37.760000000000005
37.760000000000005
37.760000000000005
37.760000000000005
37.35
37.8
37.8
37.5
38.1
37.714285714285715
37.53333333333334
38.199999999999996
37.699999999999996
37.5
38.05
37.73333333333333
37.260000000000005
38.0
37.75
37.43333333333333
37.86666666666667
37.94285714285714
37.63333333333333
37.94285714285714
38.15
37.46666666666667
37.98333333333333
38.17142857142857
37.9
37.699999999999996
38.25
37.74285714285714
37.519999999999996
38.199999999999996
37.58571428571429
37.557142857142864
38.300000000000004
37.65
37.98333333333333
38.300000000000004
37.425
37.425
37.425
37.425
37.5
37.5
38.4
38.1
38.1
38.1
38.1
37.75714285714286
38.1
38.1
38.1
37.75
38.214285714285715
37.48571428571428
38.05
38.1
37.51428571428572
38.15
37.56
37.62857142857143
38.385714285714286
37.871428571428574
37.78333333333333
38.21666666666667
37.480000000000004
37.8
37.81666666666667
38.3
38.3
37.3
37.3
38.5
37.6
38.0
38.36666666666667
37.371428571428574
38.15
38.03333333333333
37.1
37.65
37.471428571428575
37.56666666666667
37.95
37.95
37.63333333333333
37.4
37.4
38.4
37.75
37.6
37.9
37.9
37.5
38.214285714285715
37.68333333333333
37.785714285714285
37.980000000000004
37.983333333333334
37.92857142857143
37.86666666666667
37.371428571428574
38.34285714285714
37.833333333333336
37.699999999999996
38.199999999999996
37.61666666666667
37.71666666666667
38.08571428571429
37.7
37.975
37.975
37.849999999999994
37.51428571428572
38.15
37.73333333333333
37.6
38.128571428571426
37.35
37.800000000000004
37.800000000000004
37.800000000000004
37.800000000000004
37.96666666666667
37.675000000000004
38.0
37.475
37.475
38.05
37.76666666666667
37.76666666666667
37.76666666666667
37.53333333333333
37.53333333333333
38.0
37.63333333333333
38.6
38.6
38.6
38.6
38.6
38.32000000000001
38.32000000000001
38.32000000000001
37.98571428571428
37.699999999999996
38.2875
38.13333333333333
38.05
38.05
39.0
38.083333333333336
38.46666666666667
37.957142857142856
38.2
38.2
38.025000000000006
38.36
38.449999999999996
38.449999999999996
37.6
38.214285714285715
37.785714285714285
38.166666666666664
38.17142857142857
37.849999999999994
37.849999999999994
37.775
37.5
37.5
37.67999999999999
38.36666666666667
38.05714285714286
37.9
38.55714285714286
37.58571428571429
38.53333333333333
37.666666666666664
37.75
38.18333333333333
36.971428571428575
37.94285714285714
38.05714285714286
37.666666666666664
38.4
38.0
38.9
38.9
37.88
37.98571428571429
38.63333333333333
38.63333333333333
37.6
38.333333333333336
37.5
38.24285714285714
38.31428571428571
37.96666666666666
38.15714285714286
38.46666666666667
37.65
38.699999999999996
37.9
37.75
38.31428571428571
37.71666666666666
38.199999999999996
38.371428571428574
37.81666666666667
38.050000000000004
38.142857142857146
38.142857142857146
38.142857142857146
38.166666666666664
37.550000000000004
38.8
38.8
37.7
38.4
37.65
37.699999999999996
38.516666666666666
37.6
38.34285714285714
37.916666666666664
38.46666666666667
38.46666666666667
38.06666666666667
38.5
38.266666666666666
37.957142857142856
37.699999999999996
38.28333333333333
37.93333333333334
38.24285714285714
37.728571428571435
38.35
37.771428571428565
38.233333333333334
36.9
36.9
37.9
37.916666666666664
37.614285714285714
38.457142857142856
37.62
37.86666666666667
38.285714285714285
37.56666666666666
37.54
38.042857142857144
37.1
37.1
38.42
37.42857142857143
38.300000000000004
38.01428571428572
37.68333333333333
38.46666666666667
37.78
38.0
38.0
37.67999999999999
37.857142857142854
37.88333333333333
37.6
38.35
37.86666666666667
38.25
38.25
38.075
37.7
38.25714285714286
37.628571428571426
37.942857142857136
38.2
37.42857142857143
37.4
37.4
37.3
38.05714285714286
37.666666666666664
37.9
37.1
37.1
38.339999999999996
37.9
38.199999999999996
38.199999999999996
37.5
37.9
37.885714285714286
37.4
38.35
37.75
37.75
38.42
37.4
38.15714285714286
37.65
37.43333333333333
38.5
38.5
37.760000000000005
38.300000000000004
37.75
38.38333333333333
37.75
38.0
38.0
38.3
37.771428571428565
38.199999999999996
37.51428571428572
38.15
37.51428571428572
38.08
38.06
37.614285714285714
38.300000000000004
37.449999999999996
37.733333333333334
38.22
37.5
38.166666666666664
38.166666666666664
38.166666666666664
38.166666666666664
37.48571428571428
38.4
37.9
38.0
37.82000000000001
37.82000000000001
37.65
38.0
37.46666666666667
38.025
38.025
36.9
38.06666666666666
37.75
37.63333333333333
37.43333333333333
38.228571428571435
37.540000000000006
37.88571428571429
38.333333333333336
37.41428571428571
37.699999999999996
38.3
37.371428571428574
37.85
37.91428571428571
37.6
37.771428571428565
37.82857142857143
37.233333333333334
38.14
37.65
37.65
37.6
37.614285714285714
37.5
38.0
37.41428571428571
37.52
37.65
37.357142857142854
38.9
38.9
37.64
38.3
37.63333333333333
38.05714285714286
38.06666666666667
37.266666666666666
37.86666666666667
37.642857142857146
37.65
37.65714285714286
37.785714285714285
37.98571428571428
37.614285714285714
37.75
38.1
38.1
36.8
38.08571428571429
37.32857142857143
38.2
37.44
37.44
38.8
37.642857142857146
37.516666666666666
38.166666666666664
37.771428571428565
38.6
38.6
38.5
38.18571428571429
38.01428571428572
37.5
37.5
38.4
37.32857142857143
38.4
37.44285714285714
37.5
38.266666666666666
37.65714285714286
38.2
38.2
38.6
37.559999999999995
37.559999999999995
38.9
37.41428571428571
38.525
38.13333333333333
37.975
37.975
38.333333333333336
37.81428571428571
38.32857142857143
37.38
37.699999999999996
37.63333333333333
37.63333333333333
37.43333333333333
37.0
37.0
38.06
37.871428571428574
37.2
37.2
38.55
37.800000000000004
38.55
38.55
37.2
38.0
37.949999999999996
38.31428571428571
38.4
37.885714285714286
37.885714285714286
38.1
38.1
38.01428571428572
38.27142857142858
37.86666666666667
37.92857142857143
38.25
38.25
37.8
38.228571428571435
37.75
38.15
38.42857142857143
37.660000000000004
37.660000000000004
37.3
38.25714285714286
38.114285714285714
37.949999999999996
38.300000000000004
37.7
37.739999999999995
38.15
37.7
37.871428571428574
38.13333333333333
37.67142857142857
38.0
38.228571428571435
37.583333333333336
38.9
38.9
37.95
38.15
38.15
38.5
38.5
37.4
37.699999999999996
37.9
38.04
38.04
37.6
38.46666666666667
38.46666666666667
38.46666666666667
38.371428571428574
37.65
37.86666666666667
38.03333333333333
37.82857142857143
38.9
38.9
38.9
38.9
38.9
38.9
38.8
37.614285714285714
37.35
37.699999999999996
37.699999999999996
37.1
38.357142857142854
38.357142857142854
38.357142857142854
38.199999999999996
37.8
38.333333333333336
38.333333333333336
37.53333333333333
37.53333333333333
37.6
37.6
37.6
38.24
37.25
37.25
38.43333333333334
38.43333333333334
38.43333333333334
37.3
37.3
38.7
37.775000000000006
37.775000000000006
38.0
38.0
38.0
37.839999999999996
37.65
37.9
37.714285714285715
37.68571428571429
38.142857142857146
37.885714285714286
37.699999999999996
38.01428571428572
37.528571428571425
38.0
38.0
38.7
37.766666666666666
37.9
37.9
37.9
37.7
37.699999999999996
37.699999999999996
36.9
37.96666666666667
38.15
38.15
38.15
37.949999999999996
38.199999999999996
38.4
38.4
37.5
37.5
37.5
37.5
37.5
37.5
37.3
38.5
38.04285714285714
38.5
38.5
38.3
37.9
37.7
37.7
38.22
37.666666666666664
38.6
37.728571428571435
38.9
38.9
38.8
37.885714285714286
38.25
37.82000000000001
38.26666666666667
38.26666666666667
38.6
37.833333333333336
38.34285714285714
38.34285714285714
38.34285714285714
38.25714285714286
37.583333333333336
38.15
38.233333333333334
37.58571428571429
38.22
38.22
38.22
38.128571428571426
37.88333333333333
37.971428571428575
37.199999999999996
38.849999999999994
38.849999999999994
37.32000000000001
38.233333333333334
38.233333333333334
37.45
38.099999999999994
38.099999999999994
37.0
37.0
37.0
37.9
37.9
37.85
37.775
38.4
37.542857142857144
37.96666666666667
38.05714285714286
37.86666666666667
37.86666666666667
38.06666666666667
37.92857142857143
38.07142857142857
37.0
37.0
38.5
37.34
37.34
37.34
37.56666666666667
38.3
37.65714285714286
37.84285714285715
38.233333333333334
37.1
37.1
38.166666666666664
37.916666666666664
37.7
37.949999999999996
37.699999999999996
38.9
38.9
37.650000000000006
37.650000000000006
38.5
38.050000000000004
37.78
38.43333333333333
37.85
38.0
37.857142857142854
37.65
37.725
37.725
38.3
37.43333333333333
37.43333333333333
38.3
37.75
37.8
37.8
37.8
38.166666666666664
37.53333333333333
38.0
37.68
37.68
37.68
37.3
37.3
37.3
37.233333333333334
37.6
38.0
38.0
37.0
37.957142857142856
37.199999999999996
37.4
37.4
37.3
38.1
38.1
38.0
36.980000000000004
36.980000000000004
38.6
37.483333333333334
37.614285714285714
37.35
37.35
36.8
36.8
36.8
38.2
37.43333333333333
37.43333333333333
37.8
37.57142857142857
37.53333333333334
38.07142857142857
37.35
37.86666666666667
36.6
36.6
38.0
37.38
37.44285714285714
38.05
37.75
37.333333333333336
37.949999999999996
37.35
37.35
37.35
37.6
38.6
38.6
37.325
37.325
37.325
37.300000000000004
37.82857142857143
38.07142857142857
37.285714285714285
38.26666666666667
37.43333333333333
37.43333333333333
38.3
37.75
38.0
38.0
37.78
37.666666666666664
37.7
37.7
36.8
38.1
38.1
37.6
37.81428571428571
38.5
38.5
37.9
37.3
37.3
38.6
38.6
38.5
38.5
37.95
37.8
37.74285714285714
37.4
37.4
38.7
37.4
38.04
38.04
36.8
38.17142857142857
37.36
37.36
37.65
37.800000000000004
37.2
37.2
37.800000000000004
38.06666666666667
38.06666666666667
37.68
37.51428571428572
38.2
38.2
37.43333333333333
37.5
37.5
37.54
38.18
37.7
38.025
38.025
37.8
37.942857142857136
37.9
37.416666666666664
37.97142857142857
37.760000000000005
37.385714285714286
37.385714285714286
37.385714285714286
37.6
38.31428571428571
38.285714285714285
37.583333333333336
38.34285714285714
37.733333333333334
39.0
39.0
37.2
37.2
38.25
37.5
37.5
38.300000000000004
38.14
38.15
37.975
37.975
37.3
37.699999999999996
37.699999999999996
37.699999999999996
38.1
37.74285714285714
38.0
37.4
37.4
38.11666666666667
38.0
37.82857142857143
38.166666666666664
38.166666666666664
38.166666666666664
38.55
38.55
37.8
38.449999999999996
38.042857142857144
37.6
37.6
37.93333333333334
37.93333333333334
38.3
38.1
38.1
38.1
38.1
38.1
38.1
38.1
38.1
38.1
38.1
38.1
38.55
37.9
37.9
38.519999999999996
38.25
38.2
38.2
39.3
38.233333333333334
37.7
37.7
38.0
38.128571428571426
38.028571428571425
37.714285714285715
37.2
37.2
37.9
38.94
38.41428571428571
38.285714285714285
37.86666666666667
37.833333333333336
38.333333333333336
38.333333333333336
38.333333333333336
38.042857142857144
38.371428571428574
38.371428571428574
38.371428571428574
38.28333333333333
37.9
38.9
38.9
38.285714285714285
38.6
38.6
37.4
38.199999999999996
37.766666666666666
37.55714285714286
38.4
38.03333333333333
38.03333333333333
38.8
37.3
37.3
38.9
37.725
37.725
38.03333333333333
37.614285714285714
38.300000000000004
37.416666666666664
37.416666666666664
37.416666666666664
37.550000000000004
37.871428571428574
38.07142857142857
37.5
38.4
37.714285714285715
37.666666666666664
38.41428571428571
37.6
38.17142857142857
38.016666666666666
37.457142857142856
38.53333333333333
37.5
37.5
38.2
37.63333333333333
37.871428571428574
38.1
37.425
37.425
38.65
38.65
38.65
38.65
38.266666666666666
37.65
37.949999999999996
38.2
37.800000000000004
38.199999999999996
38.21666666666667
38.21666666666667
38.21666666666667
38.18333333333334
38.18333333333334
38.18333333333334
38.18333333333334
38.225
38.225
38.225
38.225
38.225
37.900000000000006
37.233333333333334
38.050000000000004
37.53333333333334
38.1
38.1
36.75
36.75
36.8
37.833333333333336
37.800000000000004
37.37142857142857
37.971428571428575
37.73333333333333
37.357142857142854
37.949999999999996
37.457142857142856
37.48571428571428
37.971428571428575
37.971428571428575
37.971428571428575
37.48333333333333
38.16
37.4
37.57142857142857
38.06666666666666
37.4
38.15
37.9
37.56666666666667
38.166666666666664
37.65
37.471428571428575
38.18333333333334
37.53333333333333
38.6
38.6
37.6
37.92857142857143
37.44
37.285714285714285
37.75
37.75
36.8
38.016666666666666
37.48333333333333
37.699999999999996
37.94285714285714
37.38
37.38
38.3
37.06666666666667
38.25714285714286
37.14
37.14
38.5
37.47142857142857
37.82000000000001
37.6
37.333333333333336
37.65714285714286
37.36666666666667
37.81428571428571
37.82
37.82
37.4
37.91428571428571
37.68333333333333
37.785714285714285
38.1
37.266666666666666
37.72857142857142
37.72857142857142
37.72857142857142
38.05
37.56666666666667
37.24285714285714
38.166666666666664
38.166666666666664
37.43333333333334
38.1
38.1
37.519999999999996
38.11666666666667
37.542857142857144
37.6
38.175
37.666666666666664
37.771428571428565
38.25
37.68571428571429
38.21666666666666
38.35
37.9
38.057142857142864
38.233333333333334
37.57142857142857
38.6
38.6
38.6
37.1
38.228571428571435
37.800000000000004
37.9
38.199999999999996
37.81666666666667
38.114285714285714
37.1
37.1
37.1
37.8
38.15
37.699999999999996
38.4
37.92857142857143
37.81666666666667
38.42857142857143
37.98571428571428
38.7
38.7
37.839999999999996
38.2
38.214285714285715
37.95
38.15
37.785714285714285
37.96666666666667
38.199999999999996
37.6
37.6
38.1
38.0
38.0
38.574999999999996
37.771428571428565
37.96666666666666
38.15
37.457142857142856
38.38333333333333
37.98571428571428
37.3
37.3
37.94
37.53333333333333
37.871428571428574
37.614285714285714
38.22
38.22
38.5
37.699999999999996
38.25
37.51428571428572
38.057142857142864
38.142857142857146
37.74285714285714
38.08
38.028571428571425
37.4
37.4
38.7
37.57142857142857
38.371428571428574
37.6
37.98571428571428
38.42857142857143
37.46666666666667
38.17142857142857
37.857142857142854
37.871428571428574
38.06666666666667
38.266666666666666
37.65
38.028571428571425
38.03333333333333
37.800000000000004
38.15
37.857142857142854
37.6
38.41428571428572
37.699999999999996
38.34285714285714
38.34285714285714
38.34285714285714
38.34285714285714
38.6
37.666666666666664
38.628571428571426
38.06
38.18571428571429
38.43333333333333
37.699999999999996
38.43333333333333
38.43333333333333
38.43333333333333
37.5
38.15714285714286
37.81666666666667
38.166666666666664
37.785714285714285
37.93333333333333
37.95
37.4
38.56666666666667
37.64
37.714285714285715
38.25714285714286
37.36666666666667
38.25
38.25
37.0
38.1
37.56666666666666
37.98571428571428
37.85
37.56666666666667
37.92
37.7
37.55714285714286
38.042857142857144
37.260000000000005
37.84285714285715
38.160000000000004
38.160000000000004
38.160000000000004
38.160000000000004
38.160000000000004
37.76666666666667
38.300000000000004
37.8
37.92857142857143
37.45
37.45
37.45
38.8
38.028571428571425
38.1
38.050000000000004
37.98333333333333
37.949999999999996
38.042857142857144
37.449999999999996
37.75
37.75
37.75
37.3
38.15
37.300000000000004
37.300000000000004
38.3
37.43333333333333
37.75
37.75
37.7
37.516666666666666
37.9125
37.85
37.67142857142857
38.17142857142857
38.075
38.075
37.1
37.94
37.12
38.1
38.01428571428571
37.6
38.12
37.67142857142857
37.471428571428575
37.9
38.214285714285715
37.35
38.016666666666666
37.63333333333333
37.260000000000005
37.81428571428571
37.271428571428565
37.642857142857146
37.9
37.9
37.519999999999996
37.1
37.1
37.739999999999995
38.8
38.8
36.7
36.7
36.7
36.7
36.7
36.7
36.7
36.7
36.7
36.7
38.0
37.45
38.275
38.275
37.63333333333333
37.7
37.7
37.3
37.900000000000006
37.900000000000006
37.2
38.9
38.9
37.800000000000004
38.4
37.857142857142854
37.9
38.15714285714286
38.18
37.766666666666666
38.114285714285714
38.07142857142857
37.48571428571428
38.1
37.93333333333333
37.9
38.35
38.01428571428572
37.971428571428575
38.0
38.0
37.75
38.04
38.04
38.04
38.04
38.04
37.666666666666664
37.857142857142854
37.96666666666667
37.68571428571429
37.8
38.25
38.25
38.25
37.85
37.949999999999996
37.666666666666664
37.96666666666667
37.957142857142856
37.4
37.983333333333334
37.92857142857143
37.23333333333333
38.15
37.9
37.628571428571426
38.14
38.01428571428572
37.800000000000004
38.4
37.81428571428571
38.1
38.1
37.5
38.4
38.4
37.525
38.199999999999996
38.03333333333333
37.833333333333336
37.833333333333336
38.9
37.76666666666667
38.128571428571426
38.128571428571426
38.128571428571426
38.050000000000004
38.11666666666667
37.857142857142854
38.17142857142857
38.160000000000004
37.42
38.285714285714285
37.771428571428565
37.54
38.36666666666667
37.9
37.6
37.6
37.6
37.81666666666666
37.74285714285714
38.7
38.7
37.5
38.300000000000004
37.58571428571429
37.666666666666664
38.083333333333336
37.58571428571429
38.15
37.699999999999996
37.699999999999996
37.699999999999996
37.58
38.22857142857142
38.575
37.785714285714285
38.333333333333336
37.771428571428565
38.4
38.4
37.82
38.86
38.86
38.86
38.86
38.86
38.4
37.6
38.0
38.0
37.7
38.199999999999996
37.474999999999994
37.474999999999994
39.2
37.642857142857146
38.36
37.4
37.4
38.550000000000004
37.93333333333334
38.15714285714286
38.41428571428571
37.666666666666664
38.35
38.05
37.93333333333333
37.93333333333333
37.93333333333333
38.385714285714286
38.07142857142857
37.6
37.6
38.46
37.55714285714286
38.48571428571429
38.15
38.03333333333333
37.925
37.925
38.4
37.98571428571429
37.75
38.5
37.88333333333333
38.2
38.2
38.6
38.43333333333334
38.43333333333334
38.43333333333334
38.43333333333334
38.43333333333334
37.525
38.65
37.92857142857143
38.28333333333333
38.050000000000004
37.885714285714286
38.833333333333336
37.9
37.9
38.8
37.91428571428571
38.083333333333336
38.42857142857143
37.73333333333333
38.34285714285715
38.016666666666666
37.94285714285714
38.357142857142854
38.142857142857146
37.85
38.5
37.699999999999996
37.916666666666664
38.42857142857143
37.7
38.357142857142854
38.2
37.57142857142857
38.46666666666667
38.083333333333336
38.083333333333336
38.083333333333336
38.03333333333334
37.785714285714285
38.35
38.07142857142857
38.114285714285714
38.61666666666667
37.92
38.075
38.416666666666664
37.78333333333333
39.1
39.1
37.42
37.42
38.9
37.58
38.42857142857143
37.73333333333333
38.7
38.7
37.72
37.771428571428565
38.34285714285714
37.54
38.05714285714286
38.12
37.63333333333333
37.63333333333333
38.6
37.6
38.35
38.028571428571425
37.82857142857143
37.733333333333334
37.91428571428571
37.642857142857146
37.699999999999996
38.128571428571426
37.81428571428571
37.9
38.2
37.833333333333336
37.98571428571428
38.050000000000004
37.857142857142854
38.228571428571435
37.5
37.5
37.5
38.25
37.58571428571428
37.8
37.65714285714286
37.38333333333333
37.95
37.2
37.2
37.43333333333333
37.550000000000004
37.379999999999995
37.379999999999995
37.379999999999995
37.379999999999995
37.699999999999996
37.96666666666667
37.96666666666667
38.3
38.06
37.4
37.88
37.885714285714286
37.42857142857143
38.05
38.05
37.5
38.0
38.01428571428572
37.24285714285714
38.050000000000004
37.57142857142857
37.5
38.1
37.5
37.550000000000004
38.266666666666666
37.3
37.78333333333333
37.68333333333333
37.699999999999996
37.699999999999996
38.233333333333334
37.63333333333333
38.07142857142857
38.07142857142857
37.0
37.75
37.68571428571429
38.15714285714286
38.15714285714286
38.15714285714286
38.0
37.41428571428571
38.199999999999996
37.75
37.642857142857146
38.1
37.6
37.4
38.03333333333333
37.57142857142857
37.385714285714286
38.14
38.14
36.9
38.55
38.55
37.1
37.957142857142856
38.028571428571425
37.75
38.059999999999995
38.08571428571429
37.63333333333333
37.63333333333333
38.7
37.471428571428575
37.81666666666667
37.871428571428574
37.550000000000004
37.6
38.11666666666667
37.714285714285715
38.4
38.4
37.9
37.43333333333333
38.1
38.1
37.45
37.733333333333334
36.9
36.9
37.666666666666664
37.94285714285714
37.300000000000004
38.02
37.74285714285714
37.51428571428572
38.0
37.857142857142854
37.51666666666667
38.15714285714286
37.82857142857143
37.4
38.1
38.13333333333333
37.36666666666667
38.11666666666667
37.58
37.58
37.1
38.07142857142857
37.628571428571426
37.65
38.0
37.733333333333334
37.5
37.5
37.5
37.48571428571428
37.58571428571429
37.949999999999996
37.949999999999996
37.949999999999996
37.93333333333333
37.628571428571426
37.1
37.1
38.8
37.64
37.64
38.0
37.425000000000004
37.425000000000004
37.7
37.65
37.31428571428571
38.040000000000006
37.35
37.35
37.3
37.8
37.8
37.32
37.44
37.44
36.7
37.68571428571429
37.35
37.15
37.86666666666667
37.4
37.4
37.4
37.4
37.4
37.699999999999996
37.699999999999996
37.357142857142854
37.68333333333333
37.6
37.333333333333336
37.333333333333336
36.7
37.44285714285714
37.36666666666667
37.9
37.766666666666666
37.214285714285715
38.199999999999996
37.5
37.542857142857144
37.542857142857144
37.542857142857144
37.04
38.06
38.06
38.5
38.5
38.5
38.075
37.46
37.857142857142854
37.55
37.5
37.5
38.3
37.32857142857143
37.75
37.800000000000004
37.51428571428572
37.74285714285714
37.8
37.53333333333333
37.800000000000004
37.800000000000004
37.35
37.35
38.2
36.7
36.7
36.7
36.7
36.7
36.7
36.7
36.7
36.7
37.6
37.75
37.0
37.5
37.5
36.86666666666667
37.67142857142857
37.43333333333333
37.05714285714286
38.2
38.2
37.06
37.42
37.42
37.7
37.614285714285714
37.6
37.050000000000004
37.714285714285715
37.599999999999994
37.599999999999994
37.599999999999994
38.3
38.3
38.3
37.65714285714286
37.449999999999996
37.75
37.785714285714285
37.2
37.93333333333333
37.25
37.25
37.25
37.25
37.05
37.771428571428565
37.92857142857143
37.43333333333334
37.67142857142857
37.42
37.42
37.45
37.45
37.45
37.214285714285715
37.699999999999996
37.766666666666666
37.4
37.36666666666667
37.84285714285715
37.1
37.1
38.1
38.1
38.1
37.714285714285715
37.699999999999996
37.416666666666664
37.166666666666664
37.971428571428575
37.4
37.36666666666667
38.22
38.22
38.5
37.725
37.725
37.725
37.55
37.53333333333333
37.78333333333333
37.199999999999996
37.61666666666667
37.771428571428565
37.32857142857143
37.48571428571428
37.8
37.8
37.599999999999994
37.785714285714285
37.4
37.5
37.5
38.5
37.0
37.0
36.6
37.449999999999996
37.4
37.43333333333333
37.43333333333333
37.06666666666667
38.04
38.04
37.3
37.6
37.4
37.1
37.1
36.6
38.3
38.3
37.0
37.0
37.0
37.46666666666666
37.457142857142856
38.07142857142857
37.31428571428571
37.73333333333333
37.93333333333333
37.31428571428571
37.31428571428571
37.31428571428571
37.23333333333333
38.05
38.15
37.642857142857146
38.06666666666666
37.550000000000004
37.550000000000004
37.0
38.1
37.550000000000004
37.983333333333334
37.68333333333333
38.0
38.0
38.2
37.86
37.86
38.7
37.260000000000005
37.739999999999995
37.739999999999995
37.5
37.96666666666667
37.4
37.4
36.8
37.199999999999996
37.528571428571425
37.833333333333336
37.74285714285714
36.8
36.8
36.849999999999994
37.857142857142854
36.7
36.7
37.96666666666667
37.25
37.25
37.25
37.857142857142854
37.23333333333333
38.050000000000004
37.58571428571429
37.480000000000004
38.0
36.7
36.7
37.86666666666667
37.266666666666666
37.266666666666666
37.2
37.81666666666667
37.9
37.9
37.4
37.4
37.2
37.82857142857143
37.37142857142857
37.457142857142856
37.85
37.25
37.825
37.825
37.4
37.75
37.9
37.9
37.9
37.949999999999996
37.771428571428565
38.5
38.5
37.540000000000006
37.449999999999996
36.6
36.6
37.24
37.733333333333334
37.733333333333334
36.7
38.06666666666666
37.4
37.4
38.0
37.166666666666664
37.68333333333333
37.63333333333333
37.300000000000004
37.4
37.98
37.98
37.0
38.12
37.06
37.06
38.1
37.385714285714286
37.785714285714285
37.9
37.25
37.25
37.75
37.41428571428571
37.58571428571429
37.81666666666667
37.300000000000004
37.550000000000004
37.65
37.43333333333334
37.628571428571426
37.75
36.7
36.7
36.7
38.4
37.4
37.75714285714286
36.7
36.7
38.2
38.2
37.3
37.7
37.91428571428571
37.23333333333333
37.699999999999996
37.9
37.46666666666667
37.35
37.349999999999994
37.349999999999994
36.93333333333334
37.78
37.44285714285714
37.46666666666667
37.400000000000006
37.400000000000006
37.02
37.8
37.23333333333333
37.6
37.3
37.3
37.65
37.2875
38.12
37.142857142857146
37.6
37.51428571428572
37.166666666666664
37.166666666666664
37.166666666666664
37.120000000000005
37.120000000000005
37.120000000000005
37.24
37.333333333333336
36.6
36.6
37.725
37.725
36.5
37.65
37.285714285714285
37.55
37.8
37.8
37.08
37.75
37.75
36.8
36.8
38.1
37.214285714285715
37.5
37.2
37.2
37.2
37.56666666666667
37.214285714285715
37.68333333333334
36.7
36.7
38.0
37.4
37.4
37.885714285714286
37.4
37.65
37.85
37.38
37.471428571428575
37.483333333333334
37.483333333333334
36.8
37.7
37.46666666666667
36.971428571428575
38.31666666666666
37.75
37.175000000000004
37.175000000000004
37.4
37.76
37.385714285714286
37.68571428571429
37.65
37.55714285714286
37.63333333333333
37.05
37.05
36.7
37.666666666666664
37.4
37.4
37.4
37.516666666666666
37.56666666666667
37.55
37.4
37.93333333333334
37.93333333333334
37.875
37.23333333333333
37.88333333333333
36.8
36.8
38.03333333333333
37.57142857142857
37.333333333333336
37.85
37.614285714285714
37.53333333333333
37.699999999999996
37.800000000000004
37.43333333333333
37.51428571428572
37.16
37.16
36.8
37.925
37.45
37.55
37.15
37.15
37.15
38.4
37.61666666666667
37.7
37.957142857142856
37.3
37.85
37.85
37.7
37.7
37.85
37.2
37.74285714285714
38.0
37.81428571428571
38.13333333333333
38.13333333333333
37.75
37.75
37.75
37.7
37.7125
38.32000000000001
38.32000000000001
36.8
38.083333333333336
37.642857142857146
38.18
38.128571428571426
37.6
38.0
38.01428571428572
37.36666666666667
37.9
37.58
37.58
36.8
37.75
37.2
37.65
37.96666666666667
37.42857142857143
37.85
38.01428571428571
37.5
37.833333333333336
38.0
37.385714285714286
37.75
37.857142857142854
36.9
36.9
38.32000000000001
37.2
38.5
38.5
37.32
37.32
37.32
37.9
37.9
37.9
37.9
38.2
37.48571428571429
37.58
37.199999999999996
37.557142857142864
37.85
37.08571428571429
37.94285714285714
37.65
37.128571428571426
37.699999999999996
37.5
37.224999999999994
37.224999999999994
37.224999999999994
37.224999999999994
37.05
37.75714285714286
37.78333333333333
37.050000000000004
37.92857142857143
37.12857142857143
37.35
37.82857142857143
37.300000000000004
37.199999999999996
37.728571428571435
36.9
37.728571428571435
37.56666666666667
37.15714285714286
37.85
37.13333333333333
37.4
37.51428571428572
36.8
37.449999999999996
37.300000000000004
36.957142857142856
37.528571428571425
37.15714285714286
37.7
37.7
38.2
37.6
37.6
37.575
37.333333333333336
37.42857142857143
37.228571428571435
37.6
37.6
37.68
36.93333333333333
37.385714285714286
37.56666666666666
37.18333333333333
37.18333333333333
37.18333333333333
37.18333333333333
36.980000000000004
37.68
37.68
37.68
37.660000000000004
36.7
36.7
36.7
37.55
37.03333333333333
37.4
37.51428571428572
37.199999999999996
37.199999999999996
37.199999999999996
37.166666666666664
37.166666666666664
38.5
38.5
38.5
37.728571428571435
37.32857142857143
37.1
37.628571428571426
37.01666666666667
37.24285714285714
38.2
38.2
36.84
37.628571428571426
37.1
38.18571428571429
37.36666666666667
37.65714285714286
36.65
37.58571428571429
37.1
37.916666666666664
38.3
38.3
37.019999999999996
37.65
37.65
37.9
37.9
37.9
36.92
37.68333333333334
37.333333333333336
37.028571428571425
37.51428571428572
37.31666666666666
38.08571428571429
37.1
38.074999999999996
38.074999999999996
37.9
37.849999999999994
37.849999999999994
37.849999999999994
37.53333333333333
37.666666666666664
37.8
37.8
37.8
37.8
37.8
37.8
37.166666666666664
37.9
36.957142857142856
37.55714285714286
37.4
37.55714285714286
37.839999999999996
37.4
37.4
37.4
37.05
37.05
38.1
38.1
38.1
38.1
38.1
38.1
38.1
38.1
38.1
37.224999999999994
37.266666666666666
37.58
36.983333333333334
37.68333333333333
37.599999999999994
37.25714285714286
37.9
37.199999999999996
37.17142857142857
37.800000000000004
37.114285714285714
37.46666666666667
37.75
37.75
37.75
37.75
37.75
37.75
37.75
37.1
36.733333333333334
37.81428571428571
36.5
37.15
37.4
37.333333333333336
36.949999999999996
38.4
38.4
37.0
38.0
38.0
37.62
37.42857142857143
36.92
37.85
37.35
37.385714285714286
37.699999999999996
36.93333333333333
37.6
37.6
36.6
38.03333333333333
37.21666666666667
37.6
37.028571428571425
37.699999999999996
37.166666666666664
37.27142857142858
37.5
36.949999999999996
37.483333333333334
37.13333333333333
37.6
37.5
37.25
37.25
38.0
37.36
37.36
37.233333333333334
37.260000000000005
37.260000000000005
38.3
37.63333333333333
37.628571428571426
36.91428571428572
37.98
37.98
37.98
37.8
37.3
37.3
38.5
36.9
37.6
36.85
37.760000000000005
37.760000000000005
37.8
37.442857142857136
36.56666666666667
37.31428571428571
37.36666666666667
37.84285714285714
37.1
37.1
37.1
37.1
37.1
37.416666666666664
37.457142857142856
37.050000000000004
37.48
37.6
37.4
37.4
37.4
37.4
37.72857142857142
37.4
37.285714285714285
38.0
37.457142857142856
37.26666666666667
37.766666666666666
37.08571428571428
37.300000000000004
38.02
38.02
37.233333333333334
37.4
37.4
37.05
37.56666666666666
37.18
37.18
37.18
37.314285714285724
37.800000000000004
37.285714285714285
38.4
38.4
37.75
37.31428571428571
37.01428571428572
37.7
37.43333333333334
37.18571428571429
37.516666666666666
37.1
37.199999999999996
37.666666666666664
37.35
37.233333333333334
37.93333333333333
37.06666666666666
37.233333333333334
37.614285714285714
36.949999999999996
38.05714285714286
37.800000000000004
36.96666666666667
37.23333333333333
37.5
36.666666666666664
37.06
37.62
36.65714285714286
37.53333333333333
36.8
36.8
36.8
36.8
36.75
37.52
37.0
37.0
37.214285714285715
37.114285714285714
37.46666666666667
36.949999999999996
37.333333333333336
37.5
37.06666666666667
37.86
36.739999999999995
37.416666666666664
37.333333333333336
37.03333333333333
37.733333333333334
37.733333333333334
37.733333333333334
37.35
37.35
37.35
38.18
37.457142857142856
37.65
37.699999999999996
37.53333333333333
37.96666666666667
36.8
36.8
37.900000000000006
37.25
37.92857142857143
38.016666666666666
37.31428571428571
37.31428571428571
37.31428571428571
37.31428571428571
38.28
37.333333333333336
37.65
37.9
37.1
38.1
37.68571428571429
37.43333333333334
38.057142857142864
37.38
37.38
37.38
37.53333333333334
38.1
37.86666666666667
37.642857142857146
38.15
37.260000000000005
37.666666666666664
37.666666666666664
37.666666666666664
36.9
37.78
37.37142857142857
37.75
37.71666666666667
37.416666666666664
37.871428571428574
37.214285714285715
37.550000000000004
37.31428571428571
37.042857142857144
37.728571428571435
37.1
37.81428571428571
38.03333333333333
37.01428571428572
37.63333333333333
37.5
37.199999999999996
37.65714285714286
37.471428571428575
37.660000000000004
37.9
37.7
37.7
38.239999999999995
37.199999999999996
37.7
37.475
37.475
36.8
38.199999999999996
37.38
37.9
37.3
37.3
37.68
38.166666666666664
37.65
37.8
37.833333333333336
37.833333333333336
37.3
37.44
37.35
37.35
38.8
37.6
38.0
37.800000000000004
37.4
38.3
37.45
37.45
37.2
37.583333333333336
37.583333333333336
38.4
38.18333333333333
37.78
38.22
38.22
37.1
38.625
37.4
38.44285714285714
38.44285714285714
38.44285714285714
38.3
38.3
37.42
37.800000000000004
37.800000000000004
37.0
38.6
37.839999999999996
37.839999999999996
38.6
37.800000000000004
38.199999999999996
38.42857142857143
37.68571428571429
38.333333333333336
37.8
38.9
38.9
37.6
38.4
37.82000000000001
37.82000000000001
37.7
37.58571428571429
38.34
38.34
39.2
38.13333333333333
37.7
37.7
37.875
37.86
37.86
37.0
38.21666666666667
38.21666666666667
38.21666666666667
38.1
37.65
38.6
38.6
37.839999999999996
38.28333333333333
38.38
38.38
38.38
37.3
37.3
39.275
38.34285714285715
37.9
37.9
37.9
37.9
37.9
37.9
37.9
37.9
37.9
38.65
38.3
38.3
38.6
38.38333333333333
38.3
38.15
38.15
38.23333333333333
38.23333333333333
38.9
38.0
38.65714285714285
37.739999999999995
37.739999999999995
37.739999999999995
37.739999999999995
37.739999999999995
37.739999999999995
37.739999999999995
37.739999999999995
37.739999999999995
37.739999999999995
37.739999999999995
37.739999999999995
37.739999999999995
38.5
38.08571428571429
38.03333333333333
37.980000000000004
37.980000000000004
37.1
38.483333333333334
38.483333333333334
37.5
38.0
38.0
38.0
38.0
38.0
38.0
38.0
38.0
38.0
38.0
38.0
38.0
38.0
38.0
38.0
38.0
38.0
38.0
38.0
38.0
38.0
38.0
38.0
37.800000000000004
37.800000000000004
37.800000000000004
37.800000000000004
37.73333333333333
38.266666666666666
38.028571428571425
37.73333333333333
38.266666666666666
38.13333333333333
37.96666666666666
38.5
38.285714285714285
37.53333333333334
38.56666666666667
37.7
37.7
38.0
38.25
37.980000000000004
37.980000000000004
37.980000000000004
38.31428571428571
37.75
37.86666666666667
38.0
37.785714285714285
38.3
38.3
37.7
38.300000000000004
38.199999999999996
37.97142857142857
38.4
38.4
38.1
38.220000000000006
38.220000000000006
37.5
38.625
38.625
37.55
38.199999999999996
38.06666666666666
37.416666666666664
38.214285714285715
38.0
38.9
38.9
37.0
37.0
38.06666666666667
38.333333333333336
37.82857142857143
38.3
38.38333333333333
38.08571428571429
38.1
38.36666666666667
37.86666666666667
38.15
38.15
38.15
38.15
38.2
38.15
37.699999999999996
38.4
38.18571428571429
37.75
38.516666666666666
38.16
38.0
38.7
37.86
38.166666666666664
38.166666666666664
37.95
38.46
38.25
38.25
39.1
37.4
37.4
38.46666666666667
38.266666666666666
37.65
38.339999999999996
38.339999999999996
38.339999999999996
38.660000000000004
38.660000000000004
39.2
38.06666666666667
38.5
38.0
38.14
38.53333333333333
38.114285714285714
38.08571428571429
38.31666666666667
38.35
38.199999999999996
38.199999999999996
39.1
39.1
37.7
38.18
37.4
37.4
38.6
38.6
38.4
38.0
39.0
39.0
39.0
39.0
39.0
39.0
37.8
38.1
38.1
37.7
38.3
38.3
37.8
38.25
38.25
37.5
38.6
38.6
38.199999999999996
38.1
38.1
38.019999999999996
38.21666666666667
38.7
38.7
38.2
38.2
39.0
37.642857142857146
38.375
38.375
37.8
38.057142857142864
38.142857142857146
37.6
37.699999999999996
37.871428571428574
37.3
37.3
37.3
37.3
38.23333333333333
37.73333333333333
37.73333333333333
38.6
37.71666666666667
38.233333333333334
38.01428571428572
37.54
37.54
38.1
37.440000000000005
37.440000000000005
38.150000000000006
37.82
37.82
37.6
37.78333333333334
37.6
38.5
37.65
37.65
37.5
37.7
37.7
37.8
38.26666666666667
38.0
37.91428571428572
37.760000000000005
37.760000000000005
37.760000000000005
38.05714285714286
37.5
37.92857142857143
38.03333333333333
37.35
37.95
37.95
38.25
37.550000000000004
38.26666666666667
37.8
37.625
37.625
37.7
37.75714285714286
37.71666666666667
37.71666666666667
37.71666666666667
37.4
37.4
37.4
37.4
37.98
37.98
38.8
37.733333333333334
37.733333333333334
38.375
38.07142857142857
36.96666666666667
37.44285714285714
37.88
37.550000000000004
37.6
37.675
37.675
37.675
38.0
37.88333333333333
37.699999999999996
38.559999999999995
38.559999999999995
37.666666666666664
38.8
38.8
38.8
38.8
38.3
37.82857142857143
37.733333333333334
37.98571428571429
37.699999999999996
37.6
38.4
38.4
37.4
38.7
38.7
38.7
37.1
38.43333333333333
37.74285714285714
37.67142857142857
38.15
38.028571428571425
37.85
37.85
38.38
37.833333333333336
37.916666666666664
37.925
37.925
37.925
37.925
38.27142857142858
37.5
38.266666666666666
38.266666666666666
38.9
38.214285714285715
38.3
38.3
37.44
38.239999999999995
38.4
38.4
38.266666666666666
37.53333333333333
37.53333333333333
37.8
37.9
37.5
37.5
38.660000000000004
37.7
37.7
38.480000000000004
37.53333333333334
38.1
38.1
37.65
37.51666666666667
37.875
37.875
37.76666666666667
36.9
36.9
37.56
37.440000000000005
37.93333333333334
37.93333333333334
37.93333333333334
37.96666666666667
37.474999999999994
37.62
38.26666666666667
37.46
37.540000000000006
37.64
37.6
37.6
38.0
38.0
37.2
38.199999999999996
38.199999999999996
36.6
37.94
37.41428571428571
37.43333333333333
37.43333333333333
37.43333333333333
37.63333333333333
37.857142857142854
37.0
37.0
37.92
37.53333333333333
37.385714285714286
38.14
38.14
36.9
37.800000000000004
37.84285714285714
37.4
37.98571428571428
38.16
37.43333333333333
38.0
38.17142857142857
37.74285714285714
38.15
38.15
38.2
38.5
38.5
37.660000000000004
37.6
38.4
37.53333333333334
38.8
38.8
37.660000000000004
37.8
37.8
38.5
37.785714285714285
37.620000000000005
37.666666666666664
37.771428571428565
37.43333333333333
37.56666666666667
38.44
37.3
37.68571428571429
37.714285714285715
38.2
37.78
37.96666666666667
38.31428571428571
37.849999999999994
37.849999999999994
37.849999999999994
37.849999999999994
37.46
38.03333333333333
38.385714285714286
37.666666666666664
37.666666666666664
37.666666666666664
37.666666666666664
37.63333333333333
37.983333333333334
38.016666666666666
37.6
37.957142857142856
38.1
38.1
37.0
37.9
37.9
37.55
37.85
38.14
37.457142857142856
37.457142857142856
37.457142857142856
37.74285714285715
37.42
38.4
38.4
38.7
38.300000000000004
38.228571428571435
37.971428571428575
37.95714285714286
38.15714285714286
37.699999999999996
37.800000000000004
37.63333333333333
37.63333333333333
37.1
38.0
37.81666666666667
38.266666666666666
38.0
38.0
38.0
38.0
38.0
37.93333333333333
37.93333333333333
37.93333333333333
37.44285714285714
38.8
38.8
37.339999999999996
38.271428571428565
37.98
37.92857142857143
37.9
37.9
37.599999999999994
38.160000000000004
37.98571428571428
37.65
38.214285714285715
37.88333333333333
38.666666666666664
38.666666666666664
38.666666666666664
37.1
38.050000000000004
37.4
37.4
38.5
37.5
38.5
37.516666666666666
38.55
38.55
38.06666666666666
38.028571428571425
38.300000000000004
37.75
38.28333333333334
38.28333333333334
38.28333333333334
38.41428571428572
37.5
38.300000000000004
37.76666666666667
37.76666666666667
38.050000000000004
37.54
37.54
38.6
37.800000000000004
38.371428571428574
37.9
37.9
37.8
38.166666666666664
38.36666666666667
38.42857142857143
37.85
38.425
38.425
37.2
37.94285714285714
37.72
38.35
37.2
37.2
38.43333333333333
37.74
38.46666666666667
37.449999999999996
38.385714285714286
37.0
37.0
38.11666666666667
37.55
37.55
38.3
37.61666666666667
38.199999999999996
38.32857142857143
37.739999999999995
38.5
37.56666666666667
37.98571428571428
38.25
37.87142857142857
38.199999999999996
37.971428571428575
37.91428571428571
38.12
37.528571428571425
38.733333333333334
38.3
38.3
38.72
38.03333333333333
38.24285714285714
38.43333333333333
37.699999999999996
38.300000000000004
37.91428571428571
37.82
38.449999999999996
38.0
38.228571428571435
38.4
38.03333333333334
38.61666666666667
37.74285714285714
38.51428571428572
38.614285714285714
37.68333333333334
38.4
38.457142857142856
37.84285714285714
38.31666666666666
37.857142857142854
38.31428571428571
38.040000000000006
38.166666666666664
37.771428571428565
38.15
38.15
38.7
37.94285714285714
38.349999999999994
38.349999999999994
38.349999999999994
38.1
37.93333333333334
37.93333333333334
38.3
38.03333333333333
38.5
37.699999999999996
38.5
38.5
37.2
38.48571428571428
37.65714285714286
37.833333333333336
38.32857142857143
37.5
37.96666666666667
38.166666666666664
37.55
37.55
38.160000000000004
37.9
38.300000000000004
37.871428571428574
37.871428571428574
37.871428571428574
37.871428571428574
38.279999999999994
38.3
38.25
37.96666666666667
38.449999999999996
38.0
38.34285714285714
38.6
37.800000000000004
38.35
38.35
38.150000000000006
38.150000000000006
38.3
37.9
38.1
38.4
37.800000000000004
37.800000000000004
39.0
39.0
37.733333333333334
38.083333333333336
37.88333333333333
37.88333333333333
37.88333333333333
37.88333333333333
37.8
38.15
37.800000000000004
38.099999999999994
38.099999999999994
38.099999999999994
38.9
38.614285714285714
38.17142857142858
38.233333333333334
38.1
37.800000000000004
38.43333333333333
37.6
38.15
38.07142857142857
37.6
38.371428571428574
37.81428571428571
37.833333333333336
38.333333333333336
37.449999999999996
37.916666666666664
37.57142857142857
37.45
37.45
38.8
37.95
37.95
38.4
37.68571428571429
38.0
37.5
38.15714285714285
37.42857142857143
37.65714285714286
37.516666666666666
38.300000000000004
37.78
37.74285714285714
38.166666666666664
37.6
38.166666666666664
37.8
38.5
38.5
37.85
37.720000000000006
37.720000000000006
37.720000000000006
37.720000000000006
37.88333333333333
37.23333333333333
38.0
37.542857142857144
37.9
38.18571428571429
37.142857142857146
38.8
38.8
37.5
38.25
37.51428571428572
37.51428571428572
37.51428571428572
37.660000000000004
38.114285714285714
37.74285714285714
37.800000000000004
38.5
37.833333333333336
38.03333333333333
38.25714285714286
37.739999999999995
37.739999999999995
38.8
37.53333333333333
37.53333333333333
38.8
37.8
38.300000000000004
37.339999999999996
37.95
38.06666666666667
37.199999999999996
37.971428571428575
37.7
37.7
37.724999999999994
37.724999999999994
37.724999999999994
38.166666666666664
37.214285714285715
37.98571428571428
37.51428571428572
37.285714285714285
38.6
38.6
37.275
37.857142857142854
37.62
37.583333333333336
38.13333333333333
37.471428571428575
37.5
38.199999999999996
37.266666666666666
37.74285714285714
38.03333333333333
37.724999999999994
37.86666666666667
38.057142857142864
37.63333333333333
37.983333333333334
37.91428571428571
37.35
38.166666666666664
37.61666666666667
37.4
38.1
37.666666666666664
37.73333333333333
37.73333333333333
38.4
37.68333333333334
37.92857142857143
37.34285714285714
37.385714285714286
37.48333333333333
37.05714285714286
37.7
37.642857142857146
37.5
38.028571428571425
37.4
37.471428571428575
37.96666666666667
37.371428571428574
37.55714285714286
37.833333333333336
37.23333333333333
37.785714285714285
37.74
37.71666666666667
38.166666666666664
37.6
37.628571428571426
38.1
38.05
38.05
37.5
38.01428571428571
37.5
38.114285714285714
38.0
37.43333333333333
38.03333333333333
37.72
37.72
36.9
37.84285714285714
37.239999999999995
38.18
37.67142857142857
37.7
38.08571428571429
37.82857142857143
37.65714285714285
38.06666666666667
37.285714285714285
38.1
37.57142857142857
38.0
37.839999999999996
37.65
38.199999999999996
37.68571428571429
37.55714285714286
38.416666666666664
37.266666666666666
37.266666666666666
37.266666666666666
37.266666666666666
38.083333333333336
37.528571428571425
37.9
38.18
38.18
37.7
37.728571428571435
38.01666666666667
38.14
37.5
37.5
38.36666666666667
37.63333333333333
38.41428571428572
37.666666666666664
38.028571428571425
37.971428571428575
37.4
38.46666666666667
37.800000000000004
37.957142857142856
38.45
37.7
38.166666666666664
37.728571428571435
37.666666666666664
37.983333333333334
37.56666666666666
38.4
37.7
37.94285714285714
38.371428571428574
37.519999999999996
38.042857142857144
38.13333333333333
37.4
38.385714285714286
37.53333333333334
37.94285714285714
38.25
37.43333333333334
38.1
38.1
37.480000000000004
38.4
37.800000000000004
37.75714285714285
38.166666666666664
37.5
38.050000000000004
37.6
37.75714285714286
38.15714285714286
37.06
38.3
37.76666666666667
37.8
38.3
37.614285714285714
38.06666666666667
37.71666666666667
37.628571428571426
38.300000000000004
37.63333333333333
37.583333333333336
38.2
37.3
38.28333333333333
37.82857142857143
37.5
38.266666666666666
37.68333333333334
38.5
38.5
38.5
37.75
38.08571428571429
37.266666666666666
38.4
37.971428571428575
37.5
38.1
38.1
38.25
37.68333333333333
37.916666666666664
37.575
37.575
37.7
37.628571428571426
38.8
38.8
37.95
37.857142857142854
38.25
37.6
38.25
38.1875
37.550000000000004
38.23333333333333
38.114285714285714
37.65714285714286
37.65714285714286
37.65714285714286
37.642857142857146
38.41428571428571
37.699999999999996
37.800000000000004
38.083333333333336
37.42
38.166666666666664
37.833333333333336
37.642857142857146
37.9
37.2
37.2
38.4
37.339999999999996
38.166666666666664
37.93333333333333
37.199999999999996
37.8
37.43333333333333
38.083333333333336
37.8
38.0
38.285714285714285
37.583333333333336
38.233333333333334
37.800000000000004
37.857142857142854
38.333333333333336
37.785714285714285
38.2
37.81428571428571
37.63333333333333
38.050000000000004
37.833333333333336
38.01428571428571
37.72
37.56666666666667
37.56666666666667
38.25
37.449999999999996
38.8
38.8
37.875
37.875
38.6
38.05714285714286
38.31428571428571
37.714285714285715
38.25
38.271428571428565
37.483333333333334
38.4
38.4
38.4
37.833333333333336
37.5
37.5
37.666666666666664
37.21666666666667
37.21666666666667
37.21666666666667
37.416666666666664
37.733333333333334
37.733333333333334
37.15
37.983333333333334
37.166666666666664
38.2
37.614285714285714
37.849999999999994
37.849999999999994
38.025
37.81666666666667
37.81666666666667
37.9
37.57142857142857
38.05
38.07142857142857
37.557142857142864
37.766666666666666
37.62
37.62
37.6
37.62
37.62
38.9
37.519999999999996
37.519999999999996
38.0
37.63333333333333
38.27142857142858
37.36666666666667
38.36666666666667
38.36666666666667
37.75
38.199999999999996
37.4
37.916666666666664
38.24285714285714
37.61666666666667
38.25
37.88333333333333
37.9
37.9
37.78
37.78
37.4
37.4
37.628571428571426
38.0
37.5
38.028571428571425
37.785714285714285
37.18
37.7
37.7
37.1
38.03333333333333
37.94285714285714
37.4
38.199999999999996
37.625
37.625
38.6
37.75
37.75
38.6
37.440000000000005
37.440000000000005
37.440000000000005
37.5
37.85
38.0
37.775
37.775
38.3
37.42857142857143
38.083333333333336
37.45
37.45
38.5
37.35
37.91428571428572
37.37142857142857
37.9
37.5
37.6
38.45
38.45
37.125
37.0
36.65
37.733333333333334
36.76
38.3
38.3
36.92857142857143
36.5
36.5
36.775
37.266666666666666
37.266666666666666
37.5
37.528571428571425
37.57142857142857
37.9
37.459999999999994
37.459999999999994
37.5
37.2
37.800000000000004
37.38
37.38
37.38
37.38
37.38
37.85
37.72
37.72
36.7
37.84285714285714
37.25
37.34285714285715
37.9
37.42857142857143
37.733333333333334
37.26666666666667
37.4
37.9
37.25
37.7
37.7
37.385714285714286
37.7
37.7
38.3
37.714285714285715
37.26666666666667
37.26666666666667
37.85
37.5
37.5
37.6
37.62
38.1
38.1
37.4
37.971428571428575
37.4
37.266666666666666
38.233333333333334
38.3
38.3
38.06
37.5
37.5
37.440000000000005
37.800000000000004
37.666666666666664
37.666666666666664
37.4
37.4
38.1
37.63333333333333
36.7
36.7
37.900000000000006
37.900000000000006
37.900000000000006
37.900000000000006
37.900000000000006
38.7
38.03333333333334
37.68333333333333
37.68333333333333
37.68333333333333
37.887499999999996
37.875
37.875
37.2
37.74285714285714
37.71666666666667
37.93333333333334
37.614285714285714
37.699999999999996
38.275
38.275
38.275
38.15
37.4
37.4
38.3
38.08571428571429
37.642857142857146
37.7
37.7
38.03333333333333
37.72
37.72
38.0
37.34285714285714
38.08571428571429
37.9
37.4
38.214285714285715
37.733333333333334
38.016666666666666
38.25
38.25
37.0
38.15714285714285
37.63333333333333
37.63333333333333
37.63333333333333
37.916666666666664
38.22857142857142
37.3
37.3
38.12
37.5
37.5
37.5
38.06666666666667
37.85
37.85
37.85
38.1
38.05714285714286
38.05714285714286
37.2
38.233333333333334
37.85
38.28333333333333
38.28333333333333
38.8
37.86666666666667
38.05
38.05
38.0
37.325
37.325
38.0
37.86666666666667
37.528571428571425
38.13333333333333
37.81428571428571
38.7
38.7
38.15
37.833333333333336
38.25
37.0
37.0
39.0
37.8
38.2
38.2
37.3
37.85
38.1
37.82857142857143
38.028571428571425
38.1
37.46666666666666
37.875
37.875
37.6
38.03333333333333
38.03333333333333
38.03333333333333
38.214285714285715
37.833333333333336
37.733333333333334
38.300000000000004
37.760000000000005
37.760000000000005
37.1
37.1
37.1
38.2
37.81666666666667
38.766666666666666
37.85
38.32857142857143
37.81666666666667
37.885714285714286
38.25
37.885714285714286
37.666666666666664
38.36666666666667
37.34285714285714
37.42
37.46666666666667
37.46666666666667
37.9
38.05
38.050000000000004
37.475
37.475
38.4
37.57142857142857
37.63333333333333
38.050000000000004
37.266666666666666
37.766666666666666
37.88
37.1
37.1
37.833333333333336
37.6
37.6
38.1
37.64
37.416666666666664
37.849999999999994
37.849999999999994
37.849999999999994
37.849999999999994
37.849999999999994
37.44285714285714
38.225
38.225
38.3
37.94
37.94
37.7
38.050000000000004
37.239999999999995
37.239999999999995
36.8
37.58571428571429
37.260000000000005
38.2
37.86
37.542857142857144
37.699999999999996
37.25
37.25
37.0
37.457142857142856
37.457142857142856
37.457142857142856
37.699999999999996
37.528571428571425
37.233333333333334
37.233333333333334
37.233333333333334
37.35
37.642857142857146
37.775
37.775
37.0
38.07142857142857
37.63333333333333
37.4
38.128571428571426
37.333333333333336
37.75
38.13333333333333
37.41428571428571
37.41428571428571
37.41428571428571
37.98571428571428
37.32857142857143
38.2
37.583333333333336
37.75
37.75
37.75
37.75
38.0
38.0
38.0
37.0
37.0
37.36666666666667
37.36666666666667
38.05
37.542857142857144
37.85
38.028571428571425
37.199999999999996
37.9
38.019999999999996
37.22
37.22
38.6
37.46666666666667
37.78333333333333
37.96666666666666
37.4
37.4
38.64
37.4
38.9
38.9
37.85
38.07142857142857
37.85
37.85
37.1
37.63333333333333
37.63333333333333
37.63333333333333
38.11666666666667
38.0
38.0
38.9
37.75714285714286
37.85
37.85
37.8
38.23333333333333
38.23333333333333
38.266666666666666
38.1
38.1
38.160000000000004
38.160000000000004
39.1
37.75
38.31666666666667
37.800000000000004
37.333333333333336
38.7
38.7
38.7
38.7
38.7
37.95
38.0
38.2
38.2
37.98
38.0
38.56666666666667
37.6
37.88
38.05714285714286
37.55
38.24285714285714
37.9
37.55714285714286
38.35
37.8
37.8
38.1
37.2
37.2
37.2
37.2
37.2
38.0
37.58571428571429
37.5
38.4
37.666666666666664
37.666666666666664
39.0
37.800000000000004
38.042857142857144
37.980000000000004
37.980000000000004
37.5
38.214285714285715
38.1
38.739999999999995
38.739999999999995
38.3
38.46
37.9
37.8
37.8
38.2
38.2
38.4
38.05
37.92857142857143
38.15
37.3
37.3
37.3
37.833333333333336
37.9
38.483333333333334
37.771428571428565
38.199999999999996
37.771428571428565
37.660000000000004
38.357142857142854
37.971428571428575
38.1
38.266666666666666
37.0
37.0
38.6
37.63333333333333
37.839999999999996
38.07142857142857
37.82000000000001
37.85
38.0
37.7
37.7
37.94285714285714
37.4
38.25
38.1
38.1
37.9
38.142857142857146
37.82
37.871428571428574
38.199999999999996
37.916666666666664
38.483333333333334
38.199999999999996
37.6
38.55
38.55
37.2
38.3
37.93333333333333
37.86
38.199999999999996
37.91428571428571
38.06666666666667
38.17142857142857
37.4
38.333333333333336
37.800000000000004
37.5
38.199999999999996
37.480000000000004
38.6
38.6
37.7
38.0
38.0
37.9
37.771428571428565
38.06
38.4
38.4
37.949999999999996
37.6
37.78333333333333
37.74285714285714
37.5
37.67142857142858
38.23333333333333
37.8
37.733333333333334
37.98571428571428
37.233333333333334
37.78
38.01428571428572
37.449999999999996
37.93333333333334
37.9
37.43333333333333
38.028571428571425
37.65
37.5
38.2
37.32857142857143
37.65
37.65
37.275
37.74
37.9
37.7
37.68571428571429
37.9
37.35
38.13333333333333
37.32000000000001
38.01428571428572
38.01428571428572
38.5
38.5
37.980000000000004
37.400000000000006
37.400000000000006
37.6
37.800000000000004
38.142857142857146
37.516666666666666
38.24285714285714
37.85
37.67999999999999
38.08
37.449999999999996
37.82857142857142
38.12857142857143
37.15
37.85
38.12
37.51428571428571
37.949999999999996
38.1
37.51666666666667
37.91428571428571
37.0
37.0
37.0
37.62
38.18
38.18
38.18
37.42
38.1
38.1
37.733333333333334
38.13333333333333
38.13333333333333
37.5
38.1
37.949999999999996
37.733333333333334
38.01428571428572
37.949999999999996
37.86
37.86
37.86
37.74285714285714
38.0
38.0
37.2
38.32000000000001
37.74285714285714
38.339999999999996
37.85
37.5
37.86666666666667
37.9
37.9
38.166666666666664
37.74285714285714
38.0
37.24285714285714
38.5
38.5
37.266666666666666
38.05
37.32
37.32
38.0
37.4
37.48571428571429
37.660000000000004
37.660000000000004
37.660000000000004
37.660000000000004
37.06
37.785714285714285
38.042857142857144
37.48333333333333
37.971428571428575
38.199999999999996
37.4
38.23333333333333
37.68571428571429
37.6
38.05714285714286
37.519999999999996
38.199999999999996
37.9
37.9
38.3
38.0
37.46
38.46666666666667
37.76666666666667
37.74285714285714
38.457142857142856
37.583333333333336
38.03333333333333
37.98571428571428
37.5
37.98571428571428
37.9
37.9
37.94
37.81428571428571
37.81428571428571
37.81428571428571
38.4
37.76666666666667
38.07142857142857
38.36666666666667
37.91428571428571
37.56666666666666
37.666666666666664
37.63333333333333
37.542857142857144
38.31428571428571
37.733333333333334
37.75714285714286
38.65
38.65
38.5
37.42857142857143
37.739999999999995
38.07142857142857
37.339999999999996
37.339999999999996
38.3
37.43333333333333
38.228571428571435
37.75
37.75
37.900000000000006
38.02
37.6
37.98333333333333
37.528571428571425
37.65
38.38
37.8
37.8
38.05
37.699999999999996
38.2
38.2
38.3
37.614285714285714
37.92857142857143
37.44285714285714
38.050000000000004
37.75
37.300000000000004
37.94285714285714
37.4
37.53333333333334
37.766666666666666
37.300000000000004
37.15
38.016666666666666
37.1
38.15714285714285
38.1
37.7
37.7
38.35
37.557142857142864
37.7
37.7
37.56666666666667
38.06666666666667
37.56666666666667
37.36666666666667
38.142857142857146
37.666666666666664
37.666666666666664
36.9
37.7
37.9
37.9
37.9
37.9
38.0
37.36666666666667
37.9
37.65
37.32857142857143
37.699999999999996
37.699999999999996
37.42857142857143
37.583333333333336
37.733333333333334
37.300000000000004
37.583333333333336
37.54285714285714
37.199999999999996
38.4
38.4
37.125
37.82857142857143
37.528571428571425
37.24285714285714
37.24285714285714
37.5
37.5
37.5
37.93333333333333
37.528571428571425
38.0
37.728571428571435
37.61666666666667
37.61666666666667
37.61666666666667
37.785714285714285
38.019999999999996
38.0
37.8
37.75
37.75
37.55
38.271428571428565
37.85
37.85
37.6
38.23333333333333
37.971428571428575
38.13333333333333
37.871428571428574
37.949999999999996
38.0
38.333333333333336
37.84285714285714
37.833333333333336
37.1
37.1
37.5
37.8
38.1
37.871428571428574
38.26
38.114285714285714
37.728571428571435
38.416666666666664
38.06666666666666
38.0
38.51428571428571
37.65
37.65
38.3
37.9
38.36666666666667
38.36666666666667
38.05
37.98571428571428
38.4
38.0
38.0
38.1
37.739999999999995
38.34285714285715
38.34285714285715
39.0
38.083333333333336
38.4
37.971428571428575
37.971428571428575
37.971428571428575
37.642857142857146
38.300000000000004
38.271428571428565
38.18333333333333
37.583333333333336
38.233333333333334
37.5
37.92
37.92
37.5
37.583333333333336
37.88333333333333
37.25714285714286
38.224999999999994
38.224999999999994
37.150000000000006
37.57142857142857
37.3
37.3
37.4
37.199999999999996
38.13333333333333
38.13333333333333
38.6
37.88
37.425
37.425
37.349999999999994
38.03333333333333
37.357142857142854
38.03333333333333
37.67142857142858
37.5
37.2
37.2
37.2
38.4
37.371428571428574
37.371428571428574
37.371428571428574
37.5
38.7
38.7
37.61666666666667
38.1
38.083333333333336
37.583333333333336
37.96666666666666
37.85
37.65
38.166666666666664
37.733333333333334
37.6
38.016666666666666
37.5
37.9
37.980000000000004
37.980000000000004
37.3
38.3
37.41428571428572
38.03333333333334
38.2
37.5
37.76666666666667
37.76666666666667
37.53333333333334
38.300000000000004
37.666666666666664
38.03333333333334
37.94285714285714
37.449999999999996
37.98333333333333
37.92857142857143
37.800000000000004
38.1
37.800000000000004
37.88
38.1
38.1
37.1
38.166666666666664
37.550000000000004
38.4
38.4
37.0
38.22857142857142
37.7
37.628571428571426
38.05714285714286
37.333333333333336
37.68333333333333
38.01428571428572
37.63333333333333
37.733333333333334
37.68571428571429
37.300000000000004
38.05
38.4
38.4
38.160000000000004
37.9
37.4
38.239999999999995
37.471428571428575
37.6
37.88
37.88
37.88
37.65
38.4
38.4
37.43333333333333
37.15
37.65714285714285
37.1
38.4
38.4
37.333333333333336
37.457142857142856
38.0
37.13333333333333
37.714285714285715
37.583333333333336
37.7
37.7
37.8
37.471428571428575
37.9
37.9
37.4
38.1
36.8
36.8
37.775000000000006
37.775000000000006
37.775000000000006
37.9
37.46666666666667
37.32
37.75
37.75
37.75
38.3
37.1
38.08571428571429
37.339999999999996
37.333333333333336
37.333333333333336
38.5
37.675
37.675
37.6
37.56666666666667
37.93333333333333
37.4
37.4
37.95
37.21666666666666
37.21666666666666
38.6
37.4
37.885714285714286
37.46666666666667
37.766666666666666
37.68333333333333
37.15
38.019999999999996
38.019999999999996
37.6
38.06666666666666
37.471428571428575
37.45
37.96
37.96
37.96
38.1
37.61666666666667
38.04
38.04
36.9
37.666666666666664
37.666666666666664
36.7
38.17142857142857
37.5
37.5
38.0
37.43333333333333
37.733333333333334
37.84
37.15
38.1
38.1
37.050000000000004
37.65
37.36666666666667
37.53333333333333
37.857142857142854
37.05
37.5
37.5
36.9
37.550000000000004
37.614285714285714
37.214285714285715
37.800000000000004
36.7
36.7
37.550000000000004
36.675
36.675
36.675
36.675
36.675
36.9
37.6
37.199999999999996
37.699999999999996
37.67142857142857
37.11666666666667
37.56
37.56
37.56
37.56
37.3
37.96666666666666
37.96666666666666
37.96666666666666
37.96666666666666
37.96666666666666
37.96666666666666
37.96666666666666
37.96666666666666
37.34285714285714
37.34285714285714
37.34285714285714
37.516666666666666
37.642857142857146
38.0
37.26666666666667
38.0
37.43333333333333
37.43333333333333
37.65
37.9
37.279999999999994
37.86666666666667
37.16
37.16
37.650000000000006
37.61666666666667
37.61666666666667
37.61666666666667
37.5
37.86
37.84285714285714
37.46
37.785714285714285
38.166666666666664
37.43333333333333
37.833333333333336
38.199999999999996
37.51428571428572
38.175
38.175
38.05
38.6
38.6
37.0
37.0
38.5
37.614285714285714
38.03333333333334
38.128571428571426
37.666666666666664
37.666666666666664
37.666666666666664
37.666666666666664
37.666666666666664
38.6
37.46
37.46
37.46
37.46
37.4
37.4
37.4
37.4
37.4
37.4
37.839999999999996
37.471428571428575
37.4
37.74285714285714
37.15
37.15
37.2
37.483333333333334
37.3
37.3
37.725
37.725
37.725
37.725
37.725
37.725
37.725
37.725
37.725
37.0
38.08
38.08
38.08
38.08
38.08
38.08
38.08
38.08
37.400000000000006
37.957142857142856
37.6
37.43333333333333
38.01428571428571
37.666666666666664
38.38
38.38
39.0
38.0
38.0
37.725
37.725
37.8
37.63333333333333
37.63333333333333
37.849999999999994
37.32857142857143
38.300000000000004
37.8
37.8
37.93333333333333
38.142857142857146
37.56666666666666
37.56666666666666
38.7
37.81666666666667
38.35
37.85
37.85
38.5
37.75
37.75
37.94285714285714
37.76
37.957142857142856
38.2
37.2
37.2
38.160000000000004
37.61666666666667
38.050000000000004
37.68
37.457142857142856
38.08
37.266666666666666
38.05
38.042857142857144
37.1
37.1
37.64
37.96666666666667
38.6
38.6
38.233333333333334
38.233333333333334
37.56666666666667
38.142857142857146
37.300000000000004
37.94
37.94
38.8
38.1
37.92857142857143
37.68333333333333
38.114285714285714
37.550000000000004
38.07142857142857
37.81666666666667
37.385714285714286
38.285714285714285
37.625
37.625
38.8
37.642857142857146
38.016666666666666
37.75714285714286
37.974999999999994
37.974999999999994
37.85
38.6
38.6
37.6
37.75714285714286
37.65
37.75
37.75
37.2
37.983333333333334
37.983333333333334
37.6
37.85
37.583333333333336
37.766666666666666
37.628571428571426
38.03333333333333
37.41428571428571
37.92857142857143
37.666666666666664
37.48571428571428
38.1
37.4
37.916666666666664
37.916666666666664
37.916666666666664
37.775
37.775
37.3
37.85
37.733333333333334
37.43333333333333
38.18571428571429
37.949999999999996
37.61666666666667
38.125
38.125
38.125
38.125
38.125
37.059999999999995
38.05
37.4
37.86
37.86
37.86
37.75
37.75
37.3
38.0
37.98333333333333
37.239999999999995
37.75
37.75
37.125
37.63333333333333
37.63333333333333
37.36666666666667
38.042857142857144
37.3
38.425
38.425
37.5
38.050000000000004
38.050000000000004
38.050000000000004
38.333333333333336
37.550000000000004
38.36666666666667
37.58571428571429
37.839999999999996
38.18571428571429
37.2
38.519999999999996
37.75
37.53333333333333
38.050000000000004
37.6
37.85
37.85
37.03333333333334
38.019999999999996
37.63333333333333
38.7
38.7
37.13333333333333
38.114285714285714
37.43333333333334
37.43333333333334
38.1
37.550000000000004
38.35
37.5
38.11666666666667
37.65
37.85
37.85
36.7
36.7
38.6
37.457142857142856
37.51666666666667
36.957142857142856
38.04
38.04
38.04
38.04
38.04
38.13333333333333
37.4
38.285714285714285
37.628571428571426
37.766666666666666
36.9
36.9
38.8
38.8
37.3
38.05
37.699999999999996
37.9
37.9
37.160000000000004
38.5
38.5
37.26666666666667
38.050000000000004
37.55714285714286
38.23333333333333
38.23333333333333
37.425000000000004
38.475
38.475
37.0
38.25
37.833333333333336
37.9
38.08571428571429
38.08571428571429
38.08571428571429
37.71666666666667
37.4
38.15
37.38333333333333
37.38333333333333
38.7
38.7
38.7
38.260000000000005
37.4
38.5
37.666666666666664
39.0
39.0
37.5
38.31666666666666
38.019999999999996
37.82
38.36666666666667
37.9
38.46
37.62
37.857142857142854
38.48333333333333
37.81666666666667
38.083333333333336
38.083333333333336
38.083333333333336
38.2
37.9
38.25
37.885714285714286
38.666666666666664
37.475
37.475
38.2
38.2
38.2
37.449999999999996
38.44
37.65
37.68571428571429
38.4
37.36666666666667
38.2
37.583333333333336
38.08571428571429
38.1
38.1
37.4
38.11666666666667
37.5
38.35
37.916666666666664
38.18333333333333
38.03333333333333
37.86666666666667
37.86666666666667
37.86666666666667
37.86666666666667
38.26
38.9
38.9
38.9
37.739999999999995
37.98571428571428
38.5
38.5
37.833333333333336
37.833333333333336
37.0
38.36666666666667
37.67142857142857
38.5
37.4
37.857142857142854
37.85
37.85
37.8
37.5
37.5
37.5
37.833333333333336
38.199999999999996
37.35
38.08571428571429
38.1
38.05
38.05
38.4
38.1
38.1
37.2
38.6
38.03333333333334
38.17142857142857
38.36
37.857142857142854
38.4
37.9
37.85
38.53333333333333
38.05
38.11666666666667
38.63333333333333
38.0
38.38333333333333
38.08
38.142857142857146
38.6
37.81666666666666
38.55
38.4
38.03333333333334
38.733333333333334
38.25
37.94285714285714
38.75
38.23333333333333
38.0
38.35
37.8
38.45
38.23333333333333
37.81666666666667
37.94285714285714
38.15
37.81428571428571
38.516666666666666
37.85
37.75714285714286
38.4
37.771428571428565
37.93333333333333
38.18571428571429
38.042857142857144
38.333333333333336
37.6
38.03333333333333
38.166666666666664
37.9
37.9
39.1
37.916666666666664
38.64
38.05714285714286
38.233333333333334
38.22
37.800000000000004
38.239999999999995
37.800000000000004
38.25
38.54
37.63333333333333
38.32
38.3
38.1
38.76666666666667
38.199999999999996
38.25
38.36
37.885714285714286
38.2
38.2
37.2
38.78
38.083333333333336
38.028571428571425
38.449999999999996
38.03333333333333
38.35
38.35
38.35
37.9
37.9
38.13333333333333
38.9
38.9
37.540000000000006
38.9
38.9
37.475
38.31428571428571
37.916666666666664
37.916666666666664
37.916666666666664
37.5
38.260000000000005
37.65
37.41428571428571
37.983333333333334
37.46
37.46
37.46
37.9
37.98571428571428
38.0
37.785714285714285
38.06666666666666
38.06666666666666
37.475
38.25
37.26666666666667
37.26666666666667
37.26666666666667
37.26666666666667
37.46
38.22
37.86666666666667
37.62
37.88333333333333
37.642857142857146
38.05
37.81666666666667
37.814285714285724
38.15714285714286
37.67142857142857
37.519999999999996
38.14
37.65
37.91428571428571
38.14
37.85
38.6
38.6
38.8
38.128571428571426
38.199999999999996
38.2
38.2
38.05
38.05
37.63333333333333
38.13333333333333
37.82857142857143
37.95
38.11666666666667
37.68
37.86666666666667
38.042857142857144
37.449999999999996
37.449999999999996
37.449999999999996
37.733333333333334
37.91428571428571
37.949999999999996
37.699999999999996
37.94
37.959999999999994
38.8
38.8
38.0
37.75714285714286
38.28333333333333
37.65
37.699999999999996
38.35
37.38
38.5
38.5
38.7
38.35
37.72
37.714285714285715
38.25
37.714285714285715
37.74
37.81666666666667
37.5
38.15
37.800000000000004
37.64
38.28
38.28
38.28
37.875
37.875
37.4
38.1
37.666666666666664
38.2
37.5
37.28333333333333
37.78333333333333
37.31428571428571
37.64
37.4
37.28333333333333
38.1
37.457142857142856
37.6
37.63333333333333
37.35
38.0
37.28333333333333
37.8
38.15714285714286
37.5
37.62
37.0
37.0
38.0
38.1
37.65
37.92857142857143
37.61666666666667
37.61666666666667
37.61666666666667
37.385714285714286
37.68
37.68
37.68
37.85
38.1
37.728571428571435
38.26
37.760000000000005
38.0
38.0
37.8
37.92857142857143
38.083333333333336
37.43333333333333
38.1
37.5
37.5
37.480000000000004
37.72
37.41428571428571
38.233333333333334
37.3
37.885714285714286
37.300000000000004
37.300000000000004
37.333333333333336
37.333333333333336
37.333333333333336
37.0
38.199999999999996
37.449999999999996
37.5
38.15
37.36666666666667
38.028571428571425
38.050000000000004
37.41428571428571
38.2
37.800000000000004
37.5
37.0
37.0
37.0
38.7
37.35
38.3
37.800000000000004
37.449999999999996
38.0
37.583333333333336
37.93333333333333
37.771428571428565
37.550000000000004
37.78333333333333
37.18571428571429
37.91428571428571
37.6
37.6
37.6
37.95
37.6
37.925
37.925
36.8
36.9
36.9
36.9
38.166666666666664
37.31666666666666
37.72857142857142
38.233333333333334
37.300000000000004
37.5
37.5
37.4
38.266666666666666
37.800000000000004
37.71666666666667
37.800000000000004
37.36666666666667
37.67999999999999
37.785714285714285
37.64
37.64
38.2
37.51428571428572
38.300000000000004
37.67142857142857
37.550000000000004
38.15
37.542857142857144
37.96666666666667
38.199999999999996
38.199999999999996
36.9
38.21666666666667
37.239999999999995
38.1
37.3
37.3
37.9
37.980000000000004
37.6
37.916666666666664
37.76666666666667
37.35
38.016666666666666
37.56666666666666
37.74285714285714
38.4
38.4
37.1
37.1
38.6
38.6
36.9
37.96666666666667
37.41428571428571
37.55
37.88333333333333
37.6
37.699999999999996
37.949999999999996
37.63333333333333
37.71666666666667
37.6
37.733333333333334
38.06666666666667
37.333333333333336
37.9
37.9
37.9
37.9
37.76
37.8
37.8
37.2
38.2
38.2
38.6
37.65
37.94
37.166666666666664
38.0
37.35
37.4
38.06666666666667
37.42
37.96
37.78333333333334
37.31666666666667
37.92
37.949999999999996
37.32
37.957142857142856
36.9
36.9
37.95
37.78333333333333
37.542857142857144
38.1
37.483333333333334
38.01428571428572
37.82857142857143
37.4
37.92
37.974999999999994
37.542857142857144
36.8
36.8
37.7
38.371428571428574
37.54
38.18333333333333
38.08571428571429
37.41428571428571
38.3
37.642857142857146
37.949999999999996
37.9
37.9
37.9
37.56
38.1
37.449999999999996
37.97142857142857
37.96
37.67142857142857
38.449999999999996
38.06666666666667
38.06666666666667
39.0
38.042857142857144
37.93333333333333
38.371428571428574
37.540000000000006
38.614285714285714
38.26666666666667
38.3
38.5
38.18571428571429
38.4
37.9
38.35
38.56666666666667
38.01428571428572
38.833333333333336
37.94285714285714
38.333333333333336
37.98333333333333
38.0
38.35
37.550000000000004
38.21666666666667
37.75
37.35
38.0
37.06666666666667
38.0
37.666666666666664
37.6
38.228571428571435
36.9
36.9
38.03333333333333
37.26666666666667
37.9
38.199999999999996
37.88333333333333
38.166666666666664
37.61666666666667
37.5
38.06666666666666
37.300000000000004
38.01428571428572
38.17142857142858
37.46666666666667
38.266666666666666
37.8
37.6
38.1
37.4
37.95
37.48571428571428
37.93333333333333
37.800000000000004
37.5
37.96666666666667
37.1
37.1
38.05
37.483333333333334
38.3
37.300000000000004
37.85
37.68571428571429
38.2
37.9
37.0
37.0
37.4
37.75
38.016666666666666
37.7
38.31428571428571
37.65
37.75
37.7
37.6
38.15
37.68333333333333
37.63333333333333
38.3
37.63333333333333
37.733333333333334
38.128571428571426
37.25
37.92857142857143
37.75
37.4
37.833333333333336
37.833333333333336
37.0
37.85
37.28
38.1
37.46666666666667
37.74285714285714
38.03333333333333
37.46666666666667
38.233333333333334
38.233333333333334
37.25
37.857142857142854
37.35
37.35
38.6
37.4
37.96
37.028571428571425
37.800000000000004
37.23333333333333
38.43333333333334
38.43333333333334
38.43333333333334
37.45
37.43333333333333
37.43333333333333
38.3
37.4
37.4
38.25
37.71666666666667
38.459999999999994
37.38333333333333
37.38333333333333
37.38333333333333
38.03333333333333
37.771428571428565
37.26666666666667
38.279999999999994
37.5
37.86
37.88333333333333
37.61666666666667
38.15714285714286
37.699999999999996
37.96666666666667
38.2
37.525000000000006
37.525000000000006
38.9
38.9
38.9
37.81666666666667
38.266666666666666
38.266666666666666
38.266666666666666
38.266666666666666
37.4
37.55
37.55
37.55
37.55
37.55
37.55
37.55
37.55
37.55
37.55
37.55
37.55
37.55
38.5
38.5
38.5
38.019999999999996
37.68571428571429
38.4
37.300000000000004
37.300000000000004
37.300000000000004
38.0
37.65
38.583333333333336
37.93333333333333
38.05
38.239999999999995
38.239999999999995
37.5
38.7
37.45
37.45
38.5
37.800000000000004
38.86666666666667
37.88333333333333
38.63333333333333
38.63333333333333
37.9
37.983333333333334
38.228571428571435
37.54
38.483333333333334
37.93333333333334
37.800000000000004
38.42
37.85
37.85
38.9
37.65714285714286
38.160000000000004
37.74
37.75
38.300000000000004
38.300000000000004
37.55
38.449999999999996
37.925
38.083333333333336
37.9
37.85
38.0
38.3
37.4
38.46666666666667
38.01666666666667
37.68571428571429
38.300000000000004
37.85
37.98571428571428
37.98571428571428
37.98571428571428
37.699999999999996
38.38
37.6
37.720000000000006
38.333333333333336
37.78
39.1
39.1
37.82
38.475
38.475
38.2
38.03333333333334
38.166666666666664
37.4
38.519999999999996
38.519999999999996
38.519999999999996
38.199999999999996
38.15
37.800000000000004
38.300000000000004
37.88
38.25
38.25
38.25
38.1
38.550000000000004
37.82857142857143
38.2
38.2
37.1
38.46666666666667
37.74285714285714
37.74285714285714
37.74285714285714
37.733333333333334
38.35
38.26666666666667
37.75
38.166666666666664
37.56666666666667
38.5
37.9
38.266666666666666
37.857142857142854
37.95
37.95
37.699999999999996
37.96666666666667
37.96666666666667
37.96666666666667
38.1
37.699999999999996
38.166666666666664
37.45
37.45
38.4
38.1
37.75
38.425
38.425
37.3
38.349999999999994
37.614285714285714
38.260000000000005
37.957142857142856
37.833333333333336
38.03333333333333
38.03333333333333
37.625
38.18
37.75714285714286
38.4
38.199999999999996
38.38
38.38
39.1
37.9
37.9
38.300000000000004
37.6
38.3
38.028571428571425
37.46666666666667
38.228571428571435
38.040000000000006
37.88333333333333
38.5
38.5
37.625
38.15
38.34285714285714
37.9
38.166666666666664
38.166666666666664
38.5
38.03333333333333
38.32857142857143
38.04285714285714
37.980000000000004
37.980000000000004
38.7
38.0
38.557142857142864
38.1
37.942857142857136
38.06666666666666
38.4
37.660000000000004
38.63333333333333
38.300000000000004
37.771428571428565
38.43333333333334
38.43333333333334
38.43333333333334
38.43333333333334
39.1
38.028571428571425
38.125
38.125
37.6
38.614285714285714
37.67142857142857
38.85
38.300000000000004
37.93333333333333
38.53333333333334
38.03333333333334
38.35
38.35
38.175
38.175
38.175
38.471428571428575
38.35
38.1
38.9
38.9
37.9
38.8
37.68
38.68571428571429
37.94
38.357142857142854
38.27142857142858
37.825
37.825
37.3
37.3
37.3
37.3
37.3
37.3
38.7
37.62
37.62
37.62
38.38
38.28
37.9
38.38333333333333
38.0
38.36
37.916666666666664
38.300000000000004
37.84285714285715
38.1
38.53333333333334
38.040000000000006
38.96666666666667
38.96666666666667
38.96666666666667
38.019999999999996
38.05
38.457142857142856
37.5
37.5
38.03333333333333
38.03333333333333
37.6
38.26
37.699999999999996
38.5
38.0
38.5
37.56666666666666
37.56666666666666
38.4
37.733333333333334
38.88
37.81428571428571
39.1
39.1
37.78333333333333
38.7
38.7
38.7
37.800000000000004
37.86
38.5
37.78333333333333
38.38
37.6
38.7
38.31666666666667
38.166666666666664
38.449999999999996
38.18333333333333
38.53333333333333
37.471428571428575
38.7
37.425000000000004
37.425000000000004
39.1
37.63333333333333
37.63333333333333
38.35
37.93333333333333
38.4
37.9
38.6
38.1
38.15
38.36666666666667
37.72857142857142
38.800000000000004
37.85
37.85
39.4
38.1
38.1
39.1
38.1
38.68571428571429
37.76666666666667
38.166666666666664
38.440000000000005
38.166666666666664
38.449999999999996
37.81428571428571
38.43333333333333
37.9
37.9
38.55
38.471428571428575
37.857142857142854
38.900000000000006
37.871428571428574
38.14
38.48571428571428
37.760000000000005
38.333333333333336
38.150000000000006
38.150000000000006
38.233333333333334
38.35
38.15
38.628571428571426
37.7
37.7
38.425000000000004
37.675
37.675
38.1
38.0
38.120000000000005
38.46666666666667
37.94285714285714
37.94285714285714
37.9
37.5
38.739999999999995
38.739999999999995
38.099999999999994
38.46666666666666
38.46666666666666
38.6
38.6
38.6
37.8
38.53333333333333
38.53333333333333
38.53333333333333
38.53333333333333
38.51428571428571
37.85
38.31666666666667
38.31666666666667
38.31666666666667
38.43333333333333
37.98571428571428
37.766666666666666
38.766666666666666
38.10000000000001
38.36
38.36
39.2
38.17142857142857
38.5
38.5
38.35
37.86
38.483333333333334
37.833333333333336
37.833333333333336
38.699999999999996
38.05
38.333333333333336
38.35
37.78
38.13333333333333
38.13333333333333
37.2
38.050000000000004
37.75
37.75
39.3
37.699999999999996
38.050000000000004
37.61666666666667
38.0
37.88
37.82857142857143
38.550000000000004
37.666666666666664
37.666666666666664
37.7
37.56666666666667
37.56666666666667
38.63333333333333
37.4
37.4
38.6
37.800000000000004
37.800000000000004
37.800000000000004
37.800000000000004
37.800000000000004
37.92
37.839999999999996
38.36666666666667
38.36666666666667
37.725
38.25714285714286
37.65
37.65
38.25
37.550000000000004
38.114285714285714
38.050000000000004
37.885714285714286
39.1
39.1
37.36
38.4
37.714285714285715
37.63333333333333
38.22857142857142
37.46666666666667
38.0
38.06666666666667
37.471428571428575
38.15
38.0
37.64
38.357142857142854
37.733333333333334
37.733333333333334
37.5
37.81666666666667
37.7
38.4
37.76
37.8
38.48571428571428
37.76666666666667
37.81666666666667
38.53333333333333
37.3
37.3
38.739999999999995
37.9
37.85
38.15
37.86666666666667
38.25
38.2
37.55714285714286
38.3
38.3
38.3
37.599999999999994
37.78333333333333
37.61666666666667
37.74
37.833333333333336
37.614285714285714
37.614285714285714
37.614285714285714
37.72
37.975
38.1
39.0
39.0
38.45
37.68571428571429
38.1
37.971428571428575
38.016666666666666
38.220000000000006
38.06666666666667
37.733333333333334
38.44
37.885714285714286
37.86
38.199999999999996
37.35
38.199999999999996
37.75714285714285
37.63333333333333
38.199999999999996
37.300000000000004
38.35
38.35
38.35
37.94
37.4
37.6
37.75714285714286
37.38
37.38
37.38
37.199999999999996
37.98333333333333
37.75714285714286
37.5
37.93333333333333
37.480000000000004
37.66
38.199999999999996
37.71666666666667
38.128571428571426
38.56666666666667
37.65
38.18571428571429
38.449999999999996
37.46666666666667
38.58571428571429
37.779999999999994
38.166666666666664
38.35
37.775000000000006
38.13333333333333
38.08571428571429
37.35
38.142857142857146
37.54
38.4
38.4
37.43333333333333
37.68571428571429
38.057142857142864
37.26666666666667
37.800000000000004
37.885714285714286
37.199999999999996
37.96666666666667
37.714285714285715
37.059999999999995
38.03333333333333
37.666666666666664
37.185714285714276
37.5
37.67142857142857
37.22
37.81428571428571
37.9
37.23333333333333
37.785714285714285
37.833333333333336
37.4
38.36666666666667
37.51666666666667
37.74285714285714
37.85
37.85
37.55
38.4
37.871428571428574
37.75
37.85
37.85
37.85
38.5
37.666666666666664
37.9
37.4
37.4
37.86666666666667
37.980000000000004
37.980000000000004
37.980000000000004
37.733333333333334
37.36666666666667
37.88
37.88
37.88
37.857142857142854
37.4
37.63333333333333
37.800000000000004
37.36666666666667
37.36666666666667
37.7
37.449999999999996
38.0
37.62857142857143
37.51428571428572
37.86666666666667
37.43333333333333
37.575
37.81428571428571
37.916666666666664
37.300000000000004
37.666666666666664
37.87142857142857
37.23333333333333
37.980000000000004
37.78333333333333
37.43333333333333
38.1
37.96666666666667
37.85
37.63333333333333
37.86666666666667
37.45
37.42857142857143
37.833333333333336
37.58571428571429
37.4
38.05714285714286
37.6
37.45
37.949999999999996
37.57142857142857
37.63333333333333
38.18
38.18
36.8
37.96666666666666
37.233333333333334
37.74285714285714
38.199999999999996
37.471428571428575
38.15
37.800000000000004
37.54
38.042857142857144
37.9
37.300000000000004
38.266666666666666
37.67142857142857
37.728571428571435
38.27142857142858
37.53333333333333
37.92857142857143
38.1
37.583333333333336
38.01666666666667
38.18571428571429
37.35
37.85
37.71666666666667
37.34285714285715
38.1
37.43333333333333
38.0
38.0
38.2
37.43333333333333
37.71666666666667
37.300000000000004
37.540000000000006
37.88333333333333
37.56666666666667
37.699999999999996
37.85
37.15
37.53333333333333
37.62
37.199999999999996
37.199999999999996
38.325
37.25
37.42
37.94
37.2
38.233333333333334
37.53333333333333
37.41428571428571
38.2
37.58571428571429
37.483333333333334
38.17142857142857
37.65
37.8
38.142857142857146
37.4
37.699999999999996
38.06666666666667
38.06666666666667
37.325
37.925000000000004
37.53333333333333
37.6
36.8
36.8
37.9
37.58
37.65
38.050000000000004
37.516666666666666
37.7
37.42
37.871428571428574
37.23333333333333
38.0
37.56666666666666
37.699999999999996
38.2
37.68
37.96666666666667
37.92857142857143
37.4
38.11666666666667
37.971428571428575
37.58
38.271428571428565
37.916666666666664
37.88
38.36666666666667
38.36666666666667
37.2
38.1
37.542857142857144
38.36666666666667
37.699999999999996
37.81428571428571
38.333333333333336
38.042857142857144
38.1
38.06666666666666
38.06666666666666
37.6
38.53333333333333
37.959999999999994
37.983333333333334
38.41428571428571
37.74
37.74
37.9
37.91428571428571
37.839999999999996
38.642857142857146
37.68333333333333
37.871428571428574
38.5
38.5
37.6
37.6
37.6
37.6
37.6
38.43333333333333
38.43333333333333
38.43333333333333
38.66
38.3
38.3
38.58
37.94285714285714
38.21666666666667
38.333333333333336
38.333333333333336
38.333333333333336
38.333333333333336
38.349999999999994
38.21666666666667
39.12
38.483333333333334
38.220000000000006
39.0
38.36666666666667
39.25714285714286
37.4
37.4
38.3
39.24285714285714
38.06
38.314285714285724
38.13333333333333
38.5
38.314285714285724
37.93333333333333
38.75
38.42857142857143
37.949999999999996
38.771428571428565
38.0
38.166666666666664
38.85
38.11666666666667
38.65
38.528571428571425
38.23333333333333
38.92857142857143
37.980000000000004
38.925
38.925
38.925
38.925
38.550000000000004
38.36
38.24
38.35
38.35
37.5
38.73333333333333
37.94
38.4
38.725
38.725
38.199999999999996
38.65
38.220000000000006
38.74285714285714
38.959999999999994
38.24285714285714
38.857142857142854
38.11666666666667
38.4
39.0
38.14
38.14
39.4
38.36
38.628571428571426
38.82857142857143
38.1
38.9
38.839999999999996
38.0
38.86
38.58571428571428
38.471428571428575
38.73333333333333
38.82
38.385714285714286
39.0
38.4
38.199999999999996
38.833333333333336
38.96666666666666
38.12
38.88
38.357142857142854
38.15714285714286
38.8
38.4
38.0
38.65
38.25
38.24
38.34285714285714
38.2
38.739999999999995
38.1
38.1
38.825
38.300000000000004
38.300000000000004
39.0
38.0
38.81428571428571
37.9
37.9
38.666666666666664
38.45
38.2
38.67142857142857
38.6
38.03333333333333
38.699999999999996
38.3
38.4
38.93333333333334
38.016666666666666
38.620000000000005
38.620000000000005
39.2
38.5
38.528571428571425
37.81428571428571
38.53333333333333
38.416666666666664
38.07142857142857
38.699999999999996
38.03333333333333
38.03333333333333
38.5
38.4
38.4
38.65
38.34285714285714
38.142857142857146
38.96666666666667
38.333333333333336
38.32857142857143
38.8
38.300000000000004
39.5
39.5
39.5
38.73333333333333
38.95
38.95
38.4
39.2
39.2
38.2
38.2
39.0
39.17142857142857
38.04
38.5
38.25
38.128571428571426
38.7
38.199999999999996
38.15
38.6
37.75714285714286
37.75714285714286
37.75714285714286
37.949999999999996
38.25
38.64
37.7
38.4
38.13333333333333
37.96666666666667
38.81428571428571
37.93333333333333
38.13333333333333
38.839999999999996
37.949999999999996
38.63333333333333
37.9
37.9
38.879999999999995
38.228571428571435
38.41428571428571
38.58571428571429
37.92
38.5
38.028571428571425
38.228571428571435
38.36
37.980000000000004
38.75
38.114285714285714
37.733333333333334
38.379999999999995
38.1
38.040000000000006
38.4
38.1
38.55714285714286
38.0
38.0
37.699999999999996
37.699999999999996
37.699999999999996
38.23333333333333
37.75
38.666666666666664
38.666666666666664
38.666666666666664
38.28333333333333
37.3
37.3
38.35
38.52
38.0
38.68
38.3
38.0
38.9
38.9
37.7
38.016666666666666
38.46666666666667
37.760000000000005
38.53333333333333
37.9
37.949999999999996
38.26666666666667
37.833333333333336
38.17142857142857
38.34
38.02857142857143
38.06666666666666
37.96666666666667
38.25
38.25
39.1
37.88
38.46666666666667
38.333333333333336
37.666666666666664
38.542857142857144
37.8
37.8
38.5
38.5
38.2
38.6
38.26666666666667
37.85
38.61666666666667
38.05
38.9
38.9
38.6
38.25
38.31666666666667
38.68571428571429
37.6
37.6
38.2
37.74285714285714
38.65
38.53333333333334
37.98571428571428
37.68
38.2
38.2
37.800000000000004
38.56666666666666
38.56666666666666
37.5
37.5
37.5
38.6
37.36666666666667
37.36666666666667
37.7
38.14
38.199999999999996
38.21666666666667
38.36666666666667
38.800000000000004
37.980000000000004
38.44
38.76666666666667
37.975
37.975
39.2
38.43333333333333
38.3
38.36666666666667
38.36666666666667
37.675
38.56
38.03333333333333
38.17999999999999
38.54285714285714
37.75
38.766666666666666
38.11666666666667
38.31666666666666
38.614285714285714
38.06666666666667
38.78333333333334
37.88
38.65714285714285
38.4
38.4
38.425
37.9
38.214285714285715
37.900000000000006
37.900000000000006
37.900000000000006
37.900000000000006
38.35
38.35
38.333333333333336
38.040000000000006
38.300000000000004
38.016666666666666
38.65
38.550000000000004
37.983333333333334
38.86666666666667
38.86666666666667
38.86666666666667
38.25714285714285
38.0
38.0
37.8
37.8
37.8
37.8
37.8
37.8
38.24
39.0
39.0
38.68571428571429
38.300000000000004
38.0
38.93333333333334
37.68
38.6
38.22
38.22
39.2
37.449999999999996
37.449999999999996
37.449999999999996
37.8
37.8
38.2
37.92
37.96
37.74285714285714
38.36666666666667
37.666666666666664
38.550000000000004
37.699999999999996
37.699999999999996
38.699999999999996
37.699999999999996
38.7
38.7
37.6
37.6
37.4
38.5
38.1
38.14
38.5
37.88
38.03333333333333
37.88
38.18333333333333
38.53333333333334
39.1
39.1
39.1
39.1
38.78
38.18571428571429
38.53333333333333
38.457142857142856
37.93333333333333
38.800000000000004
38.4
38.46666666666667
38.74285714285714
37.9
38.1
38.67999999999999
37.800000000000004
38.800000000000004
38.416666666666664
37.96666666666667
38.800000000000004
38.660000000000004
38.339999999999996
38.82
38.233333333333334
38.233333333333334
38.4
38.32857142857143
39.0
38.239999999999995
38.5
39.1
39.1
38.050000000000004
38.92
37.96666666666667
38.75
38.38333333333333
38.166666666666664
38.3
38.3
38.02
38.416666666666664
37.94285714285714
38.86
38.614285714285714
37.96666666666667
39.0
37.88333333333333
38.699999999999996
38.480000000000004
38.2
38.6
37.94285714285714
38.65
38.65
39.4
38.38
38.38
38.38
38.3
37.85
37.85
37.7
38.15
38.6
38.6
38.625
38.36
38.471428571428575
38.785714285714285
37.85
38.78
37.857142857142854
37.800000000000004
37.800000000000004
37.800000000000004
38.1
38.9
38.142857142857146
38.65
38.699999999999996
38.41428571428571
38.96666666666667
38.0
38.76
38.13333333333333
38.13333333333333
38.13333333333333
37.839999999999996
38.666666666666664
37.9
37.9
38.9
37.766666666666666
38.760000000000005
37.983333333333334
38.56666666666666
38.233333333333334
38.41428571428571
38.96666666666667
38.050000000000004
38.96666666666667
38.228571428571435
38.9
38.9
37.5
37.728571428571435
38.225
38.225
38.3
38.519999999999996
38.199999999999996
38.56666666666667
38.23333333333333
38.23333333333333
38.23333333333333
38.075
38.075
38.075
38.075
38.75
37.959999999999994
38.459999999999994
38.449999999999996
37.4
37.4
38.18
38.45
38.166666666666664
37.96666666666666
38.76666666666667
37.86666666666667
38.4
38.07142857142857
38.166666666666664
38.82857142857143
38.016666666666666
38.6
38.12
38.12
38.7
37.81666666666667
38.771428571428565
37.666666666666664
38.65
38.31428571428571
37.8
38.4
38.4
38.440000000000005
37.4
37.4
37.4
37.4
37.6
38.65
38.03333333333333
38.471428571428575
37.940000000000005
38.51666666666667
38.17142857142857
38.03333333333334
38.550000000000004
37.86666666666667
38.76666666666667
38.05714285714286
38.1
38.32
38.06666666666667
38.38
37.74
38.6
37.4
37.4
37.4
38.53333333333333
38.300000000000004
38.540000000000006
37.58
38.18571428571429
37.959999999999994
38.05
38.07142857142857
37.93333333333334
38.56666666666666
37.885714285714286
38.339999999999996
38.38333333333333
37.58571428571429
38.766666666666666
37.82000000000001
37.82000000000001
39.2
37.550000000000004
38.25
38.25
38.45
37.88333333333333
37.48571428571428
38.28
37.36
38.53333333333333
37.833333333333336
38.08571428571429
38.199999999999996
37.916666666666664
38.31666666666667
37.449999999999996
39.0
39.0
38.15
38.550000000000004
37.714285714285715
38.28333333333333
38.43333333333333
37.959999999999994
38.15
38.15
37.959999999999994
38.199999999999996
38.01428571428572
38.38333333333333
37.7
38.55
38.31428571428571
38.0
38.26666666666667
38.26666666666667
37.68
38.2
38.2
37.6
37.983333333333334
37.78
38.58
38.58
37.7
38.233333333333334
37.980000000000004
37.980000000000004
37.6
37.940000000000005
39.0
39.0
37.76666666666667
38.016666666666666
38.1
37.699999999999996
38.5
38.5
38.5
38.779999999999994
37.728571428571435
38.08571428571429
38.68571428571429
37.733333333333334
38.4
38.4
37.85
38.449999999999996
37.86666666666667
38.266666666666666
37.4
37.4
38.725
38.3
38.3
38.3
37.833333333333336
38.333333333333336
38.9
38.9
38.525
38.46666666666667
38.46666666666667
38.46666666666667
38.46666666666667
38.46666666666667
38.1
37.8
37.8
39.1
37.6
38.233333333333334
38.199999999999996
37.540000000000006
38.9
38.9
37.4
37.4
37.4
37.4
37.4
37.4
37.940000000000005
38.699999999999996
38.333333333333336
38.333333333333336
38.1
37.9
38.599999999999994
38.599999999999994
38.3
38.699999999999996
38.1
37.9
39.0
39.0
38.260000000000005
37.4
37.4
37.4
37.4
38.725
38.725
38.4
38.542857142857144
38.36
37.82857142857143
38.43333333333333
38.06666666666667
38.06666666666667
38.06666666666667
38.05
38.67142857142857
37.76666666666667
38.300000000000004
38.25
38.34285714285715
38.449999999999996
38.13333333333333
38.666666666666664
37.5
37.5
38.86666666666667
38.11666666666667
38.660000000000004
38.660000000000004
38.6
38.8
38.8
37.5
38.56666666666667
38.28333333333333
38.385714285714286
38.699999999999996
38.38
38.78
38.06
38.06
38.6
37.64
38.65
38.65
38.0
38.65
37.949999999999996
38.15
38.43333333333333
38.43333333333333
38.43333333333333
39.4
38.233333333333334
38.6
38.160000000000004
38.279999999999994
38.48333333333333
38.233333333333334
38.6
38.51428571428572
38.06666666666667
38.56666666666667
38.65
38.519999999999996
38.614285714285714
38.766666666666666
37.949999999999996
38.56666666666666
38.266666666666666
38.55
38.957142857142856
38.06666666666667
38.6
38.65
38.3
38.93333333333334
38.871428571428574
38.38333333333333
39.0
39.0
38.040000000000006
38.4
38.300000000000004
37.98571428571428
38.4
38.4
37.7
38.53333333333333
38.43333333333333
38.0
38.85
37.82
38.371428571428574
38.550000000000004
38.17142857142857
38.71666666666667
38.36666666666667
38.36666666666667
38.43333333333334
38.457142857142856
38.48
38.5
37.88333333333333
38.285714285714285
38.35
37.833333333333336
38.550000000000004
38.26666666666667
37.75
38.725
38.725
38.3
38.36666666666667
38.6
38.18333333333333
38.199999999999996
37.925
37.925
37.7
37.96666666666667
38.199999999999996
38.56666666666667
37.78333333333333
38.23333333333333
38.550000000000004
38.160000000000004
38.53333333333334
38.36666666666667
38.325
38.325
37.7
37.96666666666667
38.8
38.2
38.2
38.839999999999996
38.0
38.3
38.63333333333333
38.1
38.55714285714286
37.980000000000004
38.78333333333334
38.275
38.028571428571425
38.75
38.271428571428565
38.559999999999995
38.1
38.266666666666666
38.239999999999995
37.82857142857143
38.75
38.01666666666667
38.42857142857143
38.6
38.15
38.016666666666666
38.05
38.05
37.73333333333333
38.34285714285714
38.06
38.22
38.5
38.22
38.56
38.56
38.5
38.11666666666667
38.766666666666666
38.0
39.2
38.1
37.96666666666667
38.82000000000001
38.0
38.7
38.7
38.7
38.480000000000004
38.271428571428565
38.15714285714286
38.6
37.949999999999996
38.5
38.449999999999996
38.17142857142857
38.9
38.0
38.957142857142856
38.771428571428565
37.96666666666667
38.57142857142857
37.66
37.66
37.6
37.800000000000004
38.271428571428565
37.925
37.800000000000004
38.45
38.01428571428572
37.94
38.32857142857143
37.6
37.6
39.1
37.833333333333336
38.471428571428575
37.800000000000004
38.28333333333333
38.5
37.63333333333333
38.76666666666667
38.76666666666667
37.739999999999995
38.771428571428565
38.48333333333333
37.93333333333333
38.44
38.275
38.239999999999995
38.766666666666666
38.0
38.54
38.2
38.35
38.91428571428571
38.019999999999996
38.71666666666667
38.300000000000004
37.9
37.43333333333333
38.3
37.86666666666667
38.48571428571428
38.3
38.1
38.483333333333334
38.1
38.233333333333334
38.85
37.760000000000005
38.800000000000004
38.26666666666667
38.050000000000004
38.583333333333336
38.25
38.08571428571429
38.68333333333333
38.15
37.44
37.44
39.3
38.37142857142857
38.6
37.81428571428571
38.96666666666667
38.06666666666667
38.73333333333333
38.3
38.3
38.3
38.6
38.1
38.82
37.739999999999995
37.739999999999995
37.739999999999995
37.96
38.416666666666664
38.04
37.959999999999994
38.714285714285715
37.525
37.525
39.2
37.9
38.733333333333334
37.7
38.0
38.35
37.675
37.675
39.1
37.8
37.8
37.8
37.8
37.8
37.8
38.5
38.166666666666664
38.333333333333336
38.333333333333336
39.2
38.228571428571435
38.6
38.199999999999996
37.957142857142856
38.88
38.1
38.36666666666667
38.43333333333333
38.43333333333333
37.96666666666666
38.385714285714286
37.74285714285714
38.385714285714286
38.199999999999996
38.13333333333333
38.542857142857144
38.166666666666664
38.74285714285714
37.84285714285714
38.7
38.449999999999996
38.08571428571429
38.720000000000006
37.85
38.85
37.73333333333333
38.5
38.4
38.42
38.67142857142857
37.725
37.725
37.4
38.442857142857136
38.6
38.1
38.6
37.63333333333333
37.63333333333333
39.0
38.083333333333336
38.25
37.86666666666667
38.285714285714285
38.38333333333333
37.6
38.43333333333333
38.11666666666667
37.94
38.449999999999996
37.3
37.3
39.1
37.699999999999996
38.28333333333333
38.11666666666667
37.84285714285715
38.699999999999996
38.11666666666667
38.4
38.6
37.957142857142856
38.45
38.028571428571425
38.04
38.04
39.0
38.04
38.6
38.0
38.11666666666667
38.25
37.949999999999996
38.542857142857144
38.016666666666666
38.24
38.67999999999999
38.67999999999999
37.6
38.400000000000006
37.957142857142856
38.45
38.45
37.599999999999994
38.699999999999996
37.833333333333336
38.083333333333336
38.142857142857146
37.8
38.18333333333333
38.050000000000004
38.050000000000004
38.050000000000004
38.050000000000004
37.775000000000006
37.775000000000006
39.0
38.01666666666667
38.1
38.1
37.7
38.228571428571435
37.86666666666667
38.08
38.25
38.07142857142857
37.86
37.46666666666666
37.8
38.333333333333336
37.7
37.7
38.06666666666666
37.73333333333333
38.06666666666667
38.4
37.9
38.31666666666667
38.1
37.58571428571429
38.53333333333333
38.08571428571429
37.9
39.1
39.1
39.1
39.1
39.1
39.1
39.1
39.1
39.1
39.1
39.1
37.92
38.65
38.65
38.9
38.36
38.4
38.4
38.6
38.459999999999994
38.019999999999996
38.019999999999996
38.86666666666667
37.92
37.92
37.92
37.92
38.53333333333333
38.68571428571429
38.114285714285714
39.03333333333333
38.13333333333333
38.13333333333333
38.6
38.07142857142857
38.480000000000004
38.82857142857143
38.1
38.1
38.875
38.457142857142856
38.75
38.21666666666666
38.699999999999996
38.75
37.974999999999994
37.974999999999994
38.7
38.271428571428565
39.1
38.01428571428572
38.44285714285714
38.92857142857143
38.050000000000004
39.06666666666667
38.56666666666666
38.4
38.771428571428565
38.050000000000004
38.58
38.471428571428575
38.019999999999996
38.68333333333333
38.279999999999994
38.53333333333333
38.71666666666667
38.1
38.642857142857146
38.6
38.614285714285714
38.699999999999996
38.32
38.53333333333333
38.86666666666667
38.15714285714286
38.6
38.28333333333333
37.760000000000005
38.82857142857143
38.128571428571426
38.266666666666666
39.05
37.94285714285714
38.519999999999996
38.22857142857142
37.800000000000004
38.9
38.9
38.5
38.5
38.0
38.35
38.03333333333333
38.0
38.699999999999996
38.699999999999996
38.0
38.31428571428571
37.733333333333334
38.5
38.06666666666667
37.857142857142854
38.93333333333333
38.04
37.86666666666667
38.739999999999995
38.25
38.285714285714285
38.86666666666667
38.4
38.06666666666666
38.3
38.3
38.0
38.266666666666666
37.96
38.660000000000004
38.271428571428565
38.55
38.55
39.2
37.971428571428575
38.699999999999996
38.4
38.4
38.86
38.28333333333333
38.65714285714286
38.628571428571426
38.38
38.94
38.0
38.0
39.06
38.1
38.68571428571429
38.42
38.442857142857136
38.416666666666664
37.980000000000004
38.94285714285714
38.25714285714286
38.43333333333334
38.43333333333334
38.43333333333334
38.85
38.68571428571429
38.050000000000004
39.04
38.050000000000004
38.4
38.75
38.199999999999996
38.199999999999996
39.2
37.94
38.839999999999996
38.260000000000005
38.65
38.65
39.2
38.9
39.6
38.0
38.739999999999995
38.739999999999995
37.5
38.720000000000006
38.416666666666664
38.56666666666667
38.699999999999996
38.03333333333333
38.53333333333333
38.46
38.8
38.8
38.300000000000004
38.53333333333333
38.879999999999995
38.21666666666667
38.71666666666667
38.166666666666664
38.166666666666664
39.0
38.42857142857143
38.333333333333336
38.333333333333336
38.333333333333336
38.68571428571429
38.13333333333333
38.13333333333333
38.13333333333333
38.6
38.6
38.6
38.275000000000006
38.275000000000006
38.6
38.42857142857143
38.42857142857143
38.42857142857143
38.333333333333336
38.2
39.0
39.0
39.0
38.6
38.239999999999995
38.239999999999995
39.4
38.449999999999996
38.31666666666667
38.26666666666667
38.26666666666667
38.13333333333333
39.166666666666664
38.31666666666666
38.74285714285714
38.46666666666667
38.457142857142856
38.93333333333333
38.199999999999996
38.0
38.56
37.93333333333333
38.76
38.63333333333333
38.266666666666666
38.857142857142854
38.260000000000005
38.142857142857146
38.75
38.15
38.28333333333334
38.82857142857143
37.660000000000004
38.714285714285715
38.78
38.300000000000004
38.82857142857143
37.5
37.5
38.6
38.24
38.5
38.620000000000005
38.339999999999996
38.839999999999996
38.839999999999996
38.1
39.0
38.1
38.739999999999995
38.739999999999995
38.166666666666664
38.9
38.9
37.85
38.025000000000006
38.025000000000006
38.25
38.8
37.800000000000004
38.9
38.9
38.6
38.239999999999995
38.239999999999995
37.6
38.55
37.94
37.94
38.3
38.06
39.025
39.025
39.5
38.550000000000004
38.67142857142857
37.9
38.75
37.5
38.0
38.0
38.0
38.48
38.371428571428574
38.839999999999996
38.18
38.18
38.650000000000006
38.019999999999996
38.019999999999996
38.019999999999996
38.019999999999996
38.019999999999996
38.72
37.93333333333333
38.457142857142856
38.46666666666667
38.279999999999994
38.279999999999994
38.7
38.44
38.550000000000004
37.925
37.925
39.2
37.6
37.6
39.12
37.93333333333333
38.785714285714285
38.72
38.214285714285715
38.64
38.0
38.0
38.733333333333334
38.628571428571426
38.4
38.14
38.78333333333333
38.0
38.0
38.5
38.53333333333333
39.166666666666664
38.725
38.725
38.1
39.21666666666666
38.666666666666664
38.55
39.18
39.1
39.1
38.68
38.4
39.1
38.55
38.4
38.4
38.4
38.0
38.93333333333334
38.93333333333334
38.55
39.06
38.42857142857143
38.9
38.525
38.525
37.7
38.86666666666667
37.96666666666667
38.98571428571428
38.728571428571435
38.38333333333333
38.85
38.94
38.199999999999996
38.91428571428571
38.285714285714285
38.15
38.85
38.36666666666667
38.300000000000004
39.0
38.5
38.36666666666667
39.1
37.8
37.8
39.5
38.642857142857146
38.699999999999996
38.699999999999996
39.3
38.1
38.88333333333333
38.28333333333333
38.3
39.05
38.42857142857143
38.38333333333333
39.050000000000004
38.46
38.51428571428572
38.666666666666664
38.733333333333334
38.725
38.725
38.9
38.25
38.166666666666664
38.166666666666664
37.85
38.75
38.75
38.75
38.78333333333333
37.9
37.9
39.0
39.7
39.7
37.7
37.7
38.13333333333333
38.871428571428574
38.4
38.56666666666667
38.56666666666667
39.0
38.18571428571429
38.800000000000004
38.04
38.04
39.4
38.16
38.9
38.0
38.0
38.55
38.06666666666667
38.85
38.4
38.4
39.1
38.1
38.9
38.15
38.9
38.9
38.9
38.73333333333333
38.916666666666664
38.166666666666664
39.2
38.58571428571429
38.833333333333336
39.199999999999996
38.3
39.1
38.980000000000004
38.300000000000004
39.339999999999996
38.76
38.733333333333334
38.959999999999994
38.32000000000001
39.08
39.08
38.0
39.1
38.31666666666667
38.56
39.2
38.56666666666666
38.800000000000004
38.800000000000004
38.8
39.0
38.67142857142858
38.43333333333333
39.266666666666666
38.766666666666666
38.766666666666666
38.766666666666666
38.425
38.425
39.4
38.44
38.93333333333333
38.528571428571425
39.285714285714285
39.199999999999996
38.15
38.949999999999996
37.9
37.9
39.0
38.6
38.6
38.6
38.6
38.6
38.475
38.475
38.0
38.94
37.9
37.9
39.7
38.699999999999996
39.233333333333334
38.25
38.25
39.333333333333336
38.35
39.05
38.9
38.86666666666667
39.0
39.0
38.55
38.55
38.55
38.55
38.55
38.55
37.8
39.1
37.6
37.6
39.0
38.0
38.0
39.06
38.666666666666664
38.5
38.942857142857136
38.36666666666667
38.36666666666667
38.36666666666667
38.739999999999995
38.46666666666666
38.85
38.32
38.9
39.03333333333333
38.18571428571429
38.9
38.9
37.3
37.3
38.2
37.650000000000006
37.650000000000006
37.7
37.7
37.9
38.42857142857143
37.949999999999996
38.08571428571429
38.6
37.8
39.1
39.1
37.675
38.6
38.75
38.3
38.68333333333333
38.68571428571429
38.228571428571435
38.949999999999996
38.3
38.3
39.019999999999996
38.357142857142854
38.728571428571435
38.416666666666664
39.2
38.48
38.94
38.94
38.5
38.75
39.11666666666667
38.2
38.2
38.2
38.25
38.96666666666666
38.8
38.8
39.36
38.1
38.1
39.8
38.725
38.725
38.7
38.93333333333333
38.61666666666667
38.5
38.5
38.5
38.32
39.357142857142854
38.5
38.5
39.06666666666667
38.13333333333333
39.18571428571429
38.25
38.25
37.9
38.62
38.44285714285714
39.11428571428571
38.483333333333334
38.6
38.6
38.5
38.5
38.8
38.46666666666667
38.766666666666666
38.800000000000004
38.24285714285714
38.660000000000004
38.471428571428575
38.1
39.27142857142858
38.266666666666666
38.266666666666666
39.8
38.0
38.0
38.733333333333334
38.75
38.75
38.75
38.699999999999996
38.53333333333333
38.53333333333333
39.0
38.05
38.05
38.1
39.1
38.166666666666664
39.13333333333333
38.728571428571435
38.35
39.24
38.550000000000004
38.9
38.666666666666664
38.785714285714285
38.916666666666664
38.0
38.0
39.333333333333336
38.333333333333336
38.900000000000006
39.22
38.32000000000001
39.0
38.614285714285714
38.642857142857146
39.199999999999996
38.41428571428571
39.0
39.7
39.7
38.8
38.8
38.42857142857143
39.2
38.42857142857143
38.9
38.86
38.42857142857143
39.050000000000004
38.34285714285715
38.733333333333334
39.23333333333333
38.1
39.042857142857144
38.96666666666667
38.2
39.050000000000004
38.36666666666667
38.628571428571426
38.728571428571435
38.38333333333333
38.714285714285715
38.6
38.142857142857146
39.04
38.1375
38.660000000000004
38.642857142857146
38.4
39.0
38.41428571428571
38.583333333333336
39.06666666666667
38.48571428571428
38.64
38.64
38.64
38.96666666666667
38.75
38.44285714285714
38.971428571428575
38.199999999999996
38.728571428571435
38.983333333333334
38.7
38.7
38.7
38.26666666666667
38.95
38.2
38.95
38.26666666666667
38.26666666666667
39.0
38.333333333333336
38.5
38.1
38.1
38.1
38.650000000000006
38.26666666666667
38.75
38.025000000000006
38.56666666666667
38.5
38.5
38.0
38.300000000000004
38.31666666666667
38.940000000000005
38.940000000000005
38.2
38.55
38.55
38.3
39.083333333333336
38.24285714285714
39.0
38.471428571428575
38.28333333333333
39.06666666666667
38.15
38.03333333333334
38.48333333333333
38.05714285714286
38.46666666666667
38.18333333333334
38.18333333333334
38.18333333333334
38.67142857142857
38.614285714285714
39.185714285714276
38.5
38.43333333333333
38.51428571428572
37.96666666666667
38.65714285714285
38.65714285714285
38.65714285714285
38.65714285714285
39.6
38.25714285714286
39.142857142857146
37.9
38.6
38.666666666666664
38.18333333333333
38.550000000000004
38.449999999999996
38.449999999999996
38.449999999999996
37.949999999999996
38.96666666666667
38.114285714285714
38.13333333333333
38.95
38.14
38.416666666666664
39.06666666666667
38.34285714285714
38.949999999999996
38.6
38.6
38.6
38.483333333333334
39.1
38.22
38.22
38.3
38.857142857142854
38.46666666666667
39.4
38.72
38.72
39.9
38.6
39.3
39.23333333333333
38.449999999999996
39.24285714285714
38.56666666666666
38.75
39.228571428571435
38.275
38.275
39.9
39.9
39.9
39.31666666666667
38.88333333333333
38.88333333333333
40.0
39.0
39.53333333333334
38.6
38.800000000000004
39.05714285714286
38.6
39.41428571428571
38.599999999999994
38.599999999999994
38.9
38.9
39.4
39.4
38.733333333333334
38.733333333333334
38.733333333333334
38.2
38.2
38.2
38.2
38.2
38.2
38.2
38.2
38.2
38.2
38.2
38.2
38.2
39.300000000000004
38.75
39.43333333333333
39.43333333333333
39.43333333333333
39.43333333333333
39.43333333333333
39.43333333333333
39.43333333333333
39.43333333333333
39.43333333333333
39.43333333333333
39.43333333333333
39.43333333333333
39.43333333333333
39.43333333333333
38.699999999999996
39.699999999999996
38.699999999999996
39.4
39.4
39.150000000000006
39.150000000000006
39.4
39.53333333333333
39.35
38.728571428571435
38.957142857142856
39.27142857142858
38.71666666666667
39.775
39.775
38.8
39.459999999999994
39.23333333333333
39.23333333333333
39.23333333333333
39.220000000000006
38.5
38.5
38.5
38.5
38.5
38.5
38.9
38.980000000000004
38.980000000000004
38.980000000000004
38.980000000000004
38.980000000000004
38.980000000000004
38.3
38.8
38.4
38.885714285714286
38.74285714285714
38.58571428571429
39.01428571428572
38.81666666666666
38.68571428571429
39.385714285714286
38.800000000000004
39.03333333333333
38.959999999999994
38.959999999999994
37.9
38.98333333333333
38.4
39.36666666666667
38.64
38.64
38.64
38.64
38.480000000000004
38.73333333333333
38.84285714285714
38.53333333333333
39.300000000000004
38.542857142857144
38.614285714285714
38.96666666666667
38.35
38.971428571428575
39.1
38.628571428571426
39.042857142857144
38.81428571428571
38.660000000000004
39.13333333333333
38.614285714285714
39.3
39.3
38.95
38.871428571428574
39.128571428571426
38.385714285714286
38.95
38.95
37.9
39.357142857142854
38.63333333333333
38.86666666666667
38.949999999999996
38.949999999999996
38.2
38.53333333333334
38.4
38.9
39.25
38.550000000000004
38.699999999999996
38.9
38.385714285714286
39.114285714285714
38.666666666666664
38.65
39.300000000000004
38.63333333333333
39.042857142857144
39.1
38.63333333333333
38.75714285714286
38.35
38.35
38.900000000000006
38.84285714285714
38.55
38.8
38.22
38.63333333333333
39.042857142857144
38.333333333333336
39.0
39.0
38.6
38.6
39.333333333333336
38.53333333333333
39.142857142857146
38.75
38.75
39.199999999999996
38.528571428571425
39.575
39.575
39.575
38.525
38.871428571428574
38.51428571428572
39.13333333333333
39.2
39.2
38.875
39.0
39.0
39.0
39.160000000000004
38.62
38.62
40.1
38.85
39.083333333333336
38.1
38.1
38.1
37.9
39.25714285714286
38.91428571428571
38.766666666666666
38.9
38.471428571428575
38.8
39.18
38.542857142857144
39.233333333333334
38.68571428571429
38.53333333333333
39.18571428571429
38.46666666666667
39.166666666666664
39.142857142857146
38.56666666666666
39.357142857142854
39.357142857142854
38.5
39.1
38.38
39.25
39.114285714285714
38.733333333333334
39.175
38.51666666666667
39.5
38.98571428571428
39.6
39.6
38.300000000000004
38.300000000000004
38.9
39.46666666666667
38.25
39.15714285714286
38.68333333333334
39.142857142857146
38.0
38.0
39.4
38.5
39.05714285714286
38.483333333333334
39.528571428571425
38.5
38.5
39.14
38.9
39.35
38.75714285714286
39.26666666666667
38.7
38.7
39.8
38.68
38.68333333333333
38.68333333333333
38.68333333333333
38.68571428571429
39.25714285714286
38.949999999999996
39.199999999999996
39.01428571428571
38.5
39.6
38.525000000000006
38.525000000000006
40.0
38.65
39.85
38.84285714285714
39.449999999999996
39.32857142857143
38.885714285714286
38.885714285714286
38.885714285714286
39.6
39.471428571428575
40.0
40.0
39.03333333333333
39.385714285714286
38.9
39.300000000000004
39.58
39.58
38.4
39.0
39.64
39.64
39.64
39.271428571428565
38.699999999999996
39.56
39.56
38.0
39.25714285714285
38.666666666666664
39.8
39.8
39.4
39.4
39.4
39.4
39.559999999999995
39.36666666666667
39.45
39.45
39.75
38.714285714285715
39.68571428571429
38.96666666666666
38.96666666666666
40.3
38.5
39.699999999999996
39.083333333333336
39.08
39.833333333333336
38.739999999999995
39.214285714285715
38.86666666666667
39.25
39.25
40.4
39.0
39.833333333333336
39.833333333333336
38.4
39.78
38.95
39.6
39.050000000000004
39.25
39.06
38.87142857142857
39.660000000000004
39.660000000000004
39.1
39.214285714285715
39.55
39.55
38.980000000000004
40.3
40.3
39.1
39.1
39.1
39.1
39.1
39.1
39.1
39.300000000000004
38.73333333333333
39.46666666666667
39.099999999999994
39.25714285714286
39.416666666666664
39.0
39.0
39.1
39.457142857142856
38.6
38.6
39.1
39.2
39.339999999999996
39.339999999999996
39.8
38.739999999999995
39.56666666666667
38.42857142857143
39.35
38.4
40.0
40.0
38.583333333333336
39.6
38.550000000000004
40.2
40.2
39.0
39.0
39.0
39.1
39.1
38.4
39.35
38.957142857142856
39.442857142857136
39.35
39.214285714285715
39.63333333333333
38.68571428571429
40.142857142857146
40.142857142857146
40.142857142857146
39.22
39.233333333333334
39.042857142857144
39.074999999999996
39.074999999999996
40.0
39.48571428571428
39.040000000000006
39.128571428571426
39.56666666666667
39.166666666666664
39.166666666666664
39.266666666666666
39.7
39.7
38.3
39.8
39.26
39.800000000000004
38.75714285714286
39.41428571428571
39.26666666666667
38.8
39.56
38.93333333333334
39.72
38.68571428571429
39.6
38.2
38.2
38.6
38.6
38.6
38.6
38.85
39.542857142857144
39.03333333333333
39.03333333333333
39.8
38.68571428571429
39.18333333333333
38.43333333333333
39.8
39.8
39.18333333333334
39.271428571428565
38.800000000000004
39.5
38.957142857142856
38.957142857142856
38.957142857142856
39.14
39.457142857142856
38.84
38.84
40.3
39.449999999999996
39.4
39.13333333333333
39.92
39.92
38.7
39.4
38.949999999999996
39.357142857142854
38.699999999999996
40.2
40.2
38.699999999999996
39.42
39.03333333333333
39.583333333333336
39.44
39.44
39.0
38.85
38.85
38.85
39.06666666666667
39.4
39.3
39.3
40.1
39.028571428571425
39.666666666666664
38.6
39.7
39.18
39.45
39.45
39.45
38.85
38.1
38.1
39.55
39.55
38.2
38.2
38.2
39.416666666666664
38.666666666666664
38.666666666666664
39.2
39.2
39.7
38.75
39.5
39.36
38.839999999999996
39.5
38.81666666666667
39.16
38.5
39.8
38.771428571428565
40.2
40.2
38.599999999999994
39.63333333333333
38.75
39.449999999999996
38.833333333333336
38.82000000000001
39.5
39.5
38.7
38.61666666666667
39.46666666666667
39.15
38.88333333333333
39.36
38.92857142857143
39.6
39.6
39.6
39.36666666666667
38.766666666666666
39.199999999999996
38.333333333333336
38.333333333333336
39.9
38.349999999999994
38.349999999999994
39.075
38.800000000000004
39.5
38.614285714285714
38.983333333333334
38.85
38.9
39.1
38.4
39.699999999999996
39.699999999999996
38.1
38.733333333333334
38.733333333333334
39.45
38.58571428571429
40.1
40.1
39.1
39.1
39.03333333333333
39.974999999999994
39.974999999999994
38.7
39.53333333333333
38.614285714285714
39.6
38.68333333333333
39.36
39.36
39.3
39.51428571428571
38.65
39.41428571428571
39.78
39.08571428571429
39.76
38.575
38.575
39.75
39.24285714285714
39.6
38.771428571428565
39.46666666666667
39.46666666666667
39.05
38.96
39.542857142857144
38.824999999999996
38.824999999999996
39.3
39.3
39.3
39.5
40.5
40.5
38.8
39.957142857142856
39.21666666666667
39.43333333333333
38.4
38.4
39.88
39.88
39.88
39.050000000000004
38.9
39.471428571428575
38.614285714285714
39.75
39.3
39.3
39.1
39.233333333333334
39.23333333333333
39.45
39.45
39.5
39.5
38.9
38.9
39.65
38.766666666666666
39.666666666666664
38.85
39.68
39.833333333333336
39.833333333333336
39.833333333333336
39.2
39.2
39.2
39.15
39.3
38.666666666666664
39.72
38.540000000000006
39.128571428571426
39.050000000000004
39.01428571428572
39.46666666666667
38.6
38.6
40.2
38.800000000000004
39.7
38.75
39.285714285714285
38.93333333333334
39.3
39.528571428571425
38.85
39.542857142857144
38.6
39.56666666666667
39.56666666666667
38.43333333333333
39.25
38.85
38.85
38.6
39.35
38.96
38.949999999999996
39.228571428571435
38.333333333333336
39.6
38.800000000000004
39.016666666666666
38.3
38.3
39.98
38.68571428571429
39.45
38.9
38.9
39.55
38.51428571428571
38.51428571428571
38.51428571428571
39.16
39.36
38.88333333333333
39.471428571428575
39.016666666666666
39.5
39.5
39.3
39.63333333333333
38.2
38.2
39.625
38.6
39.5
38.81428571428571
39.35
39.35
38.64
39.285714285714285
39.279999999999994
39.03333333333333
39.62
39.06666666666667
39.5
38.800000000000004
39.31428571428571
39.733333333333334
38.73333333333333
40.0
40.0
39.05
39.05
38.4
39.471428571428575
38.583333333333336
39.083333333333336
40.0
40.0
38.775000000000006
39.785714285714285
38.85
39.333333333333336
39.6
39.0
39.0
39.0
39.199999999999996
39.583333333333336
39.142857142857146
39.81428571428571
38.96666666666667
39.6
39.43333333333333
39.65
39.65
38.833333333333336
39.25714285714286
39.4
38.96666666666666
39.61666666666667
38.7
39.86666666666667
39.06666666666667
39.11666666666667
39.75
38.5
38.5
39.6
38.86
39.260000000000005
40.3
40.3
39.475
39.3
39.3
39.63333333333333
39.050000000000004
39.03333333333333
39.760000000000005
38.9
40.4
40.4
39.1
39.56666666666667
39.628571428571426
39.03333333333333
39.53333333333333
39.25
39.25
39.46666666666667
38.9
38.9
38.9
39.03333333333333
39.6
39.6
39.6
39.6
39.6
40.1
40.1
39.6
39.625
39.625
38.7
39.628571428571426
39.25
39.25
39.25
38.9
39.51666666666667
39.48571428571428
38.9
39.65714285714285
38.574999999999996
38.574999999999996
40.5
39.385714285714286
39.0
39.0
39.3
39.68
39.45
39.45
40.4
39.0
39.73333333333333
40.05714285714286
39.3
39.3
39.75
40.028571428571425
39.05714285714286
39.15
39.15
38.875
38.875
38.875
38.949999999999996
39.699999999999996
38.949999999999996
39.542857142857144
39.44
38.916666666666664
39.3
39.31666666666667
38.6
39.56666666666667
39.24285714285714
38.614285714285714
39.660000000000004
39.660000000000004
39.660000000000004
39.457142857142856
39.15
38.800000000000004
39.38333333333333
38.65
38.65
38.4
39.083333333333336
38.84285714285715
39.58
38.94285714285714
38.96
39.58
38.916666666666664
38.9
39.2
39.2
39.56
38.84285714285715
38.833333333333336
39.01428571428571
38.72
39.32857142857143
39.300000000000004
38.957142857142856
39.416666666666664
38.7
39.285714285714285
39.13333333333333
38.71666666666667
39.525
38.98
40.0
40.0
39.32
39.0
39.32000000000001
38.8
39.699999999999996
38.833333333333336
38.833333333333336
40.2
38.6
38.6
38.6
39.13333333333333
39.24
39.5
38.7
39.54
39.42857142857143
38.64
39.82000000000001
39.82000000000001
39.82000000000001
39.82000000000001
39.82000000000001
39.08
39.4
38.82
39.4
39.4
38.2
39.542857142857144
38.699999999999996
39.199999999999996
39.228571428571435
38.75
39.15
39.15
39.15
39.4
38.7
39.220000000000006
38.833333333333336
38.666666666666664
39.4
39.4
38.7
39.016666666666666
38.82
38.82
38.95
38.95
38.95
38.6
38.6
38.1
38.76666666666667
38.857142857142854
39.028571428571425
38.86666666666667
38.833333333333336
38.949999999999996
37.9
37.9
39.5
38.65
38.93333333333333
39.15
38.62
38.62
38.62
39.0
39.06666666666667
39.050000000000004
39.13333333333333
39.5
38.65
39.325
39.325
39.9
39.34
38.93333333333333
38.56666666666667
39.5
38.785714285714285
39.34285714285714
39.08571428571429
38.63333333333333
39.15
38.9
38.95714285714286
39.459999999999994
38.628571428571426
39.542857142857144
38.78333333333333
38.62
39.449999999999996
38.86666666666667
39.14
39.14
38.9
39.300000000000004
39.0
39.050000000000004
39.6
38.771428571428565
38.98571428571428
39.4
38.58
38.93333333333334
39.3
38.55714285714286
39.25
38.85
39.1
39.15
38.733333333333334
38.6
38.6
38.93333333333334
39.36666666666667
39.5
39.5
38.3
39.5
38.86
39.371428571428574
39.05
39.05
39.099999999999994
39.48571428571428
38.9
39.550000000000004
39.550000000000004
39.550000000000004
39.65
39.457142857142856
39.1
39.449999999999996
39.233333333333334
39.17999999999999
39.4
39.35
38.88
39.78333333333333
39.239999999999995
39.35
39.82
39.0
39.55
39.271428571428565
39.271428571428565
39.271428571428565
39.839999999999996
39.45
39.45
39.55
39.050000000000004
39.15
39.6
39.057142857142864
39.449999999999996
39.728571428571435
39.04
39.63333333333333
39.88
39.333333333333336
39.75714285714286
39.5
39.114285714285714
40.1
39.18571428571429
39.357142857142854
39.8
39.07142857142857
39.766666666666666
39.13333333333333
39.300000000000004
39.550000000000004
39.271428571428565
39.15
39.43333333333333
39.5
39.042857142857144
39.800000000000004
39.800000000000004
40.4
39.333333333333336
39.285714285714285
39.199999999999996
39.4
39.300000000000004
39.042857142857144
39.4
39.36666666666667
39.0
39.457142857142856
39.36666666666667
39.128571428571426
39.128571428571426
39.128571428571426
38.64
38.64
38.64
39.666666666666664
39.17142857142857
39.4
39.416666666666664
38.9
39.233333333333334
38.957142857142856
38.833333333333336
39.5
39.050000000000004
38.93333333333334
39.5
38.6
39.0
39.0
39.279999999999994
39.56666666666667
40.4
40.4
39.275
39.542857142857144
39.45
39.45
40.4
40.4
38.96
38.96
39.7
39.2
39.714285714285715
39.56666666666666
38.96666666666667
39.14
38.94
38.94
39.5
39.666666666666664
38.92
39.46666666666666
39.36666666666667
39.26666666666667
39.766666666666666
39.166666666666664
39.233333333333334
39.65
39.13333333333333
39.25
39.766666666666666
39.17142857142857
39.43333333333333
38.6
38.6
39.85
39.6
39.6
39.28
39.739999999999995
39.38333333333333
40.32000000000001
39.339999999999996
39.93333333333333
39.67999999999999
39.26666666666667
39.916666666666664
39.916666666666664
39.916666666666664
39.8
39.0
39.68333333333333
39.279999999999994
39.1
39.96666666666667
38.949999999999996
39.51666666666667
39.96666666666667
39.04
39.949999999999996
39.24
38.92857142857143
39.85
39.18571428571429
39.300000000000004
39.85
39.21666666666667
39.7
38.6
38.6
39.800000000000004
39.371428571428574
39.0
40.15
40.15
39.05
39.67142857142857
39.06666666666667
40.016666666666666
39.43333333333333
39.4
39.857142857142854
38.48
38.666666666666664
39.416666666666664
39.6
38.9
39.528571428571425
38.800000000000004
39.51666666666667
39.51666666666667
40.1
39.65
39.45
38.666666666666664
39.41428571428571
38.3
38.3
39.54
39.3
39.4
39.4
39.349999999999994
39.31428571428571
39.666666666666664
39.08
40.2
40.2
40.2
39.13333333333333
39.36666666666667
39.38333333333333
39.8
39.8
39.800000000000004
39.785714285714285
39.214285714285715
40.1
39.379999999999995
39.58571428571429
39.65
39.050000000000004
40.016666666666666
39.1
39.6
39.800000000000004
39.11666666666667
39.6
39.550000000000004
39.05
39.93333333333333
39.08
39.08
39.08
39.08
39.08
40.6
39.46666666666667
39.46666666666667
39.86666666666667
39.279999999999994
40.14
39.083333333333336
39.660000000000004
39.28
39.08
39.76
39.08
39.26666666666667
38.550000000000004
39.339999999999996
39.0
39.94285714285714
39.457142857142856
39.266666666666666
40.142857142857146
39.0
40.01428571428572
39.06666666666667
39.6
39.7
39.542857142857144
40.0
39.166666666666664
39.75
39.87142857142857
39.18
39.949999999999996
39.2
39.2
39.2
38.471428571428575
38.8
38.8
39.519999999999996
38.642857142857146
39.03333333333333
39.22
38.6
39.666666666666664
38.5
38.5
39.7
38.98571428571428
39.22
38.81428571428571
39.339999999999996
38.814285714285724
38.96666666666667
39.6
38.666666666666664
39.300000000000004
38.96666666666667
39.6
38.971428571428575
38.857142857142854
39.475
38.720000000000006
38.720000000000006
40.1
40.1
40.3
38.56666666666667
39.36
38.5
39.36
39.4
39.4
39.625
39.028571428571425
38.916666666666664
39.300000000000004
38.64
39.35
39.016666666666666
39.4
39.480000000000004
38.9
38.9
38.9
38.58
39.68
38.7
39.2
39.199999999999996
38.833333333333336
39.31666666666667
38.64
39.18333333333334
38.96
38.96666666666666
39.6
38.666666666666664
39.285714285714285
39.26
38.857142857142854
39.800000000000004
38.85
39.46666666666667
39.25
39.2
39.516666666666666
38.91428571428571
38.91428571428571
38.91428571428571
39.05714285714286
39.53333333333334
38.3
38.3
40.2
38.75
39.5
39.5
40.1
39.23333333333333
39.5
38.61666666666667
39.31666666666667
39.125
39.125
39.125
39.125
38.3
40.2
40.2
39.150000000000006
39.150000000000006
39.150000000000006
39.150000000000006
39.150000000000006
39.150000000000006
39.150000000000006
39.150000000000006
39.150000000000006
39.150000000000006
39.150000000000006
39.7
39.38333333333333
39.0
38.65
39.6
38.63333333333333
38.63333333333333
38.9
39.6
38.68571428571429
39.483333333333334
39.36666666666667
38.75
39.542857142857144
39.199999999999996
39.199999999999996
39.199999999999996
39.199999999999996
39.625
39.13333333333333
38.9
39.35
39.083333333333336
39.333333333333336
39.15
38.43333333333333
39.300000000000004
38.63333333333333
38.65
39.36
39.36
38.5
39.23333333333333
39.26666666666667
39.26666666666667
39.26666666666667
39.26666666666667
38.766666666666666
39.62
38.728571428571435
39.4
39.06666666666666
38.666666666666664
39.65
38.93333333333333
38.78333333333333
39.6
39.54
39.54
38.4
38.4
38.4
38.5
39.471428571428575
39.3
39.075
39.075
40.2
39.01666666666667
39.4
39.0
38.6
39.71666666666666
38.660000000000004
38.2
39.5
38.88333333333333
38.94285714285714
39.5
38.857142857142854
39.516666666666666
39.050000000000004
38.68571428571429
39.58
38.900000000000006
38.900000000000006
39.675
38.75
39.06666666666666
38.800000000000004
38.84285714285714
39.1
39.1
38.3
39.449999999999996
38.766666666666666
39.6
38.86666666666667
38.9
39.4
39.0
39.0
39.45
39.199999999999996
39.5
38.871428571428574
38.98333333333333
39.449999999999996
38.833333333333336
39.325
39.325
39.150000000000006
38.885714285714286
39.4
39.25
39.25
39.6
39.7
39.34285714285715
39.56666666666667
38.720000000000006
39.6
38.82
38.82
38.82
39.41428571428572
38.5
39.457142857142856
39.15
38.82
38.8
38.8
38.75
39.150000000000006
39.150000000000006
38.3
39.4
38.95
39.675000000000004
39.675000000000004
38.65
39.22857142857142
38.75
39.300000000000004
39.083333333333336
39.625
39.625
39.3
39.3
38.7
39.9
38.75
39.266666666666666
39.42857142857143
39.7
39.7
39.53333333333333
38.9
39.31666666666666
39.019999999999996
38.949999999999996
39.38333333333333
38.68333333333333
38.68333333333333
38.68333333333333
38.61666666666667
39.05714285714286
39.35
38.699999999999996
39.53333333333333
39.43333333333333
38.76666666666667
39.45
38.81666666666666
38.93333333333333
39.44
38.800000000000004
39.15
39.15
39.15
38.64
39.75
38.6
38.6
39.160000000000004
38.7
38.7
39.1
38.800000000000004
38.800000000000004
38.800000000000004
38.800000000000004
38.800000000000004
39.5
38.839999999999996
39.26
39.26
40.2
39.06
39.666666666666664
38.65
39.26666666666667
39.239999999999995
38.85
38.85
40.3
39.349999999999994
39.349999999999994
39.074999999999996
38.76666666666667
38.1
38.1
39.075
38.7
38.7
39.55
39.55
38.6
39.17142857142857
38.96
38.96
38.96
38.36
39.48571428571429
39.050000000000004
39.050000000000004
39.050000000000004
39.166666666666664
39.166666666666664
39.3
39.3
39.3
39.6
38.88333333333333
39.46666666666667
39.0
39.225
39.225
39.1
38.9
39.44
38.68333333333333
39.2
38.6
38.6
38.95
38.95
38.8
39.01666666666667
39.18
39.18
38.3
38.980000000000004
38.81666666666667
39.333333333333336
38.93333333333333
38.74285714285714
38.95
38.95
38.75
39.46666666666667
38.666666666666664
39.300000000000004
39.21666666666667
39.06666666666667
39.36
39.25
39.18333333333333
39.1
39.1
38.4
39.8
38.9
39.114285714285714
39.54
39.54
39.54
38.93333333333333
38.93333333333333
38.93333333333333
38.93333333333333
38.93333333333333
38.8
38.8
39.0
39.13333333333333
38.56666666666667
39.325
39.325
38.3
39.625
39.625
39.2
39.0
38.55
38.55
39.3
39.0
39.0
39.55
39.56
38.45
39.28333333333333
39.15
38.86
39.150000000000006
39.150000000000006
39.2
39.24285714285714
39.35
39.35
38.6
39.36666666666667
39.233333333333334
38.839999999999996
39.65714285714286
38.68571428571429
39.583333333333336
39.233333333333334
38.800000000000004
39.6
38.68333333333334
39.36666666666667
38.91428571428571
39.0
39.17999999999999
38.55
39.8
39.8
38.699999999999996
39.14
39.1
38.800000000000004
38.800000000000004
39.9
38.84285714285714
39.357142857142854
38.63333333333333
39.46666666666667
39.13333333333333
39.13333333333333
38.3
38.9
39.199999999999996
39.199999999999996
39.375
38.550000000000004
39.2
38.92
39.016666666666666
39.35
38.85
39.06
39.06
39.06
38.9
38.88333333333333
38.4
39.35
38.95
38.95
39.7
39.0
38.9
39.42
38.785714285714285
39.35
38.766666666666666
38.71666666666667
39.519999999999996
39.519999999999996
38.1
38.699999999999996
38.699999999999996
38.4
38.58
38.58
38.58
38.58
38.650000000000006
39.63333333333333
38.9
38.957142857142856
39.379999999999995
38.699999999999996
39.45
39.214285714285715
39.11666666666667
39.233333333333334
38.666666666666664
39.166666666666664
39.18333333333334
38.7
38.7
39.6
38.71666666666667
39.58
39.58
39.58
39.58
39.58
39.58
39.58
39.58
38.3
39.64
38.857142857142854
38.766666666666666
39.3
38.82
38.86666666666667
39.38333333333333
38.739999999999995
38.739999999999995
38.739999999999995
38.7
38.7
39.3
38.82
38.96
38.2
38.2
39.36666666666667
39.58
38.98333333333333
38.833333333333336
39.56
39.08
38.0
38.0
39.275000000000006
38.666666666666664
39.18
38.699999999999996
38.519999999999996
39.6
38.728571428571435
39.1
39.03333333333333
38.61666666666667
38.983333333333334
39.15
38.85
39.08571428571429
39.08
38.925
38.925
38.925
39.7
38.81428571428571
39.9
39.9
39.9
39.279999999999994
38.6
38.63333333333333
39.160000000000004
38.5
38.5
39.050000000000004
38.5
39.35
38.575
38.575
39.4
39.4
38.2
39.1
38.5
38.5
39.36666666666667
38.833333333333336
38.81666666666667
39.28333333333333
38.550000000000004
39.9
39.9
38.2
39.550000000000004
38.714285714285715
38.7
39.371428571428574
38.519999999999996
39.53333333333333
38.4
38.4
39.16
38.714285714285715
39.25
39.050000000000004
38.7
38.900000000000006
38.900000000000006
39.5
39.2
39.2
39.9
38.660000000000004
39.474999999999994
38.92
38.88
39.15714285714286
38.4
40.0
40.0
38.64
39.142857142857146
38.93333333333333
38.65714285714286
39.06
38.9
38.6
39.05
39.05
38.64
39.199999999999996
38.666666666666664
38.666666666666664
39.7
38.58571428571429
39.166666666666664
38.6
38.6
39.199999999999996
38.96666666666667
38.96666666666667
39.9
38.642857142857146
39.3
39.0
38.550000000000004
39.28333333333333
38.56666666666667
39.449999999999996
39.300000000000004
38.800000000000004
39.519999999999996
39.519999999999996
38.2
38.85
38.85
38.9
39.44
39.11666666666667
39.666666666666664
38.699999999999996
39.083333333333336
39.371428571428574
38.6
39.3
39.3
38.63333333333333
39.300000000000004
38.785714285714285
39.042857142857144
39.32
38.6
39.275000000000006
39.275000000000006
38.733333333333334
39.6
39.08
39.08571428571429
39.46
38.51428571428572
38.91428571428571
39.083333333333336
38.63333333333333
39.58571428571429
38.833333333333336
39.18333333333333
39.34
38.6
39.61666666666667
38.74285714285714
38.800000000000004
39.6
38.73333333333333
39.666666666666664
39.228571428571435
38.800000000000004
39.25
38.56
39.51428571428572
39.21666666666667
39.21666666666667
39.333333333333336
38.75714285714286
39.35
38.85
39.03333333333333
39.38333333333333
38.733333333333334
39.45
38.959999999999994
38.6
39.15
39.15
38.6
39.516666666666666
39.0
39.05
39.5
39.5
38.73333333333333
39.300000000000004
38.699999999999996
39.449999999999996
39.15714285714286
38.67142857142857
39.88
39.88
39.88
39.07142857142857
39.28333333333333
39.06
39.233333333333334
39.76666666666667
38.84285714285714
39.17142857142857
38.625
38.625
38.625
39.9
38.81666666666666
39.8
39.18
40.5
40.5
39.86
38.78
39.4
40.0
40.0
39.36
39.63333333333333
38.940000000000005
39.71666666666667
38.92
38.92
38.92
38.94
39.22
39.48571428571428
38.86
39.699999999999996
38.31666666666666
39.12
39.15714285714285
39.980000000000004
38.857142857142854
39.7
39.2
39.25714285714285
40.08
38.7
39.6
39.6
38.8
40.15
39.44285714285714
39.88333333333333
39.4
39.57142857142857
39.916666666666664
39.15714285714286
40.160000000000004
39.449999999999996
39.728571428571435
40.166666666666664
39.4
39.4
39.4
39.4
41.0
39.300000000000004
39.96666666666667
39.63333333333333
40.3
39.51428571428572
39.550000000000004
39.2
39.457142857142856
39.43333333333333
39.5
40.0
38.660000000000004
39.76
39.06666666666666
39.65
39.58571428571429
38.7
39.72
39.1
39.357142857142854
39.1
39.1
40.0
38.833333333333336
39.05
39.35
39.35
39.35
39.019999999999996
39.666666666666664
39.03333333333333
38.93333333333333
38.93333333333333
38.93333333333333
39.62
39.56666666666666
39.38333333333333
39.666666666666664
39.0
39.028571428571425
39.42
38.871428571428574
39.6
39.68571428571429
38.98333333333333
39.65
39.03333333333333
39.03333333333333
39.699999999999996
39.55
39.51666666666667
39.48571428571428
39.0
39.800000000000004
39.199999999999996
39.333333333333336
39.54
39.01428571428572
39.65714285714285
38.666666666666664
38.4
39.660000000000004
38.8
38.8
39.975
38.82
39.86666666666667
39.5
38.9
39.857142857142854
39.1
39.300000000000004
39.11666666666667
39.65
39.65
38.775
40.0
39.18
39.4
39.36666666666667
39.0
39.76666666666667
39.042857142857144
39.23333333333333
39.166666666666664
38.6
39.54
38.733333333333334
39.550000000000004
39.08
40.1
40.1
39.8
38.550000000000004
39.18571428571429
39.166666666666664
39.339999999999996
39.25
38.67142857142857
39.28333333333333
38.53333333333333
39.1
39.199999999999996
38.785714285714285
39.449999999999996
38.6
39.25
39.3
39.3
39.6
38.96
38.96
38.96
38.96
39.45
39.266666666666666
39.199999999999996
39.550000000000004
38.699999999999996
39.5
38.9
38.9
39.4
39.12
39.12
39.12
38.839999999999996
39.9
39.1
39.1
40.5
40.5
39.55
39.32
39.63333333333333
39.31666666666667
39.6
39.85
39.01666666666667
39.71666666666667
38.8
38.8
39.199999999999996
39.4
39.35
40.128571428571426
38.9
39.5
39.614285714285714
39.35
39.3
39.3
39.0
39.25
39.214285714285715
39.35
39.46666666666667
39.271428571428565
39.833333333333336
39.028571428571425
39.471428571428575
39.23333333333333
38.82857142857143
39.85
39.11666666666667
39.11666666666667
39.11666666666667
39.11666666666667
40.166666666666664
38.94285714285714
39.92
39.15
39.15
39.15
38.857142857142854
39.72857142857142
38.949999999999996
39.56666666666667
38.542857142857144
39.425
39.425
39.425
38.93333333333333
37.449999999999996
38.53333333333333
37.457142857142856
38.449999999999996
38.35
38.44285714285714
39.1
37.949999999999996
39.0
38.285714285714285
38.666666666666664
38.233333333333334
38.233333333333334
38.233333333333334
37.760000000000005
38.95
38.42857142857143
38.42857142857143
38.42857142857143
38.06666666666667
38.06666666666667
38.06666666666667
38.333333333333336
38.5
37.6
38.5
38.199999999999996
39.083333333333336
38.15
39.15
38.233333333333334
38.5
38.96
38.45
38.949999999999996
38.1
39.0
39.0
38.32
38.96666666666666
38.03333333333333
39.1
38.53333333333333
39.0
38.05
38.699999999999996
38.54
38.449999999999996
38.0
38.0
38.8
38.46666666666666
38.766666666666666
38.75
38.339999999999996
39.214285714285715
37.9
39.0
38.11666666666667
38.72857142857142
38.5
38.0
38.0
38.2
38.55
38.55
37.8
38.86666666666667
38.63333333333333
38.53333333333333
38.63333333333333
38.449999999999996
39.0
38.228571428571435
38.4
38.550000000000004
38.050000000000004
38.78333333333334
38.18571428571429
39.07142857142857
38.46666666666666
38.46666666666666
39.23333333333333
38.050000000000004
39.15
38.15714285714285
38.65
38.75
38.32857142857143
38.971428571428575
38.35
38.35
39.8
38.67142857142857
39.0
38.4
38.98571428571428
38.23333333333333
38.58
38.6
38.542857142857144
39.05714285714286
38.120000000000005
39.4
38.3
38.885714285714286
39.160000000000004
38.6
39.333333333333336
38.699999999999996
39.03333333333333
38.699999999999996
38.4
38.9
38.25
39.1
38.53333333333333
39.12
38.1
38.1
39.38333333333333
38.199999999999996
39.1
38.68333333333333
38.699999999999996
38.85
38.233333333333334
39.24285714285714
38.416666666666664
38.9
38.78333333333333
38.45
39.0
38.1
38.833333333333336
39.083333333333336
38.31428571428571
39.266666666666666
38.333333333333336
39.1
39.1
39.0
38.96666666666667
38.714285714285715
38.642857142857146
39.44285714285714
38.73333333333333
38.949999999999996
38.9
38.36666666666667
38.9
38.4
38.5
39.300000000000004
38.41428571428571
39.32857142857143
38.699999999999996
38.775
38.775
38.775
39.114285714285714
39.199999999999996
38.516666666666666
39.233333333333334
38.46666666666667
38.583333333333336
39.233333333333334
38.300000000000004
39.1
38.8
38.449999999999996
39.4
39.4
38.45
39.08
38.32857142857143
39.266666666666666
39.06666666666667
38.542857142857144
39.214285714285715
38.78333333333333
39.4
38.36
38.833333333333336
38.65
38.357142857142854
39.3
38.23333333333333
38.67999999999999
38.728571428571435
38.6
38.6
38.0
39.375
39.375
38.1
38.98333333333333
38.528571428571425
38.54
38.785714285714285
38.5
39.1
38.333333333333336
38.733333333333334
38.65
38.65
38.0
39.28
39.28
38.1
38.980000000000004
38.45
39.199999999999996
38.519999999999996
38.542857142857144
38.833333333333336
38.385714285714286
38.93333333333333
38.628571428571426
38.416666666666664
39.1
38.614285714285714
39.1
39.1
38.4
38.56666666666667
38.98333333333333
38.385714285714286
38.9
38.699999999999996
38.833333333333336
38.1
38.1
38.18
38.983333333333334
38.983333333333334
38.983333333333334
38.95
38.46666666666667
39.1
38.55
38.733333333333334
38.9
38.666666666666664
38.666666666666664
39.8
38.699999999999996
39.15
38.1
38.1
39.1
38.15
38.7
38.51428571428572
39.05
39.05
39.05
37.4
37.36666666666667
38.11666666666667
38.0
38.0
38.4
38.24
38.24
38.7
38.24285714285714
38.166666666666664
37.65714285714286
38.5
37.65
37.65
38.9
38.9
37.4
38.44285714285714
37.614285714285714
38.25
38.233333333333334
38.1
38.6
37.5
37.5
39.3
37.84285714285714
38.6
38.6
38.4
38.56
38.2
38.2
39.0
37.949999999999996
38.449999999999996
38.5
37.800000000000004
38.6
38.25
39.4
39.4
39.03333333333334
37.785714285714285
38.699999999999996
37.983333333333334
38.5
38.885714285714286
37.86666666666667
38.35
38.371428571428574
38.1
38.66
38.233333333333334
38.5
37.785714285714285
38.714285714285715
38.128571428571426
38.31666666666666
38.76
38.028571428571425
38.028571428571425
38.3
38.3
38.075
38.642857142857146
38.36666666666667
38.699999999999996
38.528571428571425
38.03333333333334
38.166666666666664
38.166666666666664
38.1
38.73333333333333
38.73333333333333
37.7
38.75
38.9
38.9
39.04
38.199999999999996
38.38333333333333
38.3
38.3
37.8
38.3
38.08571428571429
38.46666666666667
38.457142857142856
37.94
38.9
38.9
38.8
38.660000000000004
38.300000000000004
38.300000000000004
38.300000000000004
38.300000000000004
38.13333333333333
39.3
39.3
37.88333333333333
38.67142857142857
38.5
37.9
38.666666666666664
38.2
38.0
38.583333333333336
38.31666666666667
38.333333333333336
37.9
37.9
38.3
37.7
37.7
38.0
38.68333333333333
37.9
37.9
39.0
37.86
37.86
39.3
39.3
39.3
38.199999999999996
38.199999999999996
38.199999999999996
38.53333333333333
38.4
38.4
38.5
38.5
38.7
38.32857142857143
38.14
38.14
38.14
37.949999999999996
37.949999999999996
37.949999999999996
37.949999999999996
37.949999999999996
38.5
38.9
38.9
37.75
38.583333333333336
38.31666666666667
38.15
38.6
37.96666666666666
38.13333333333333
38.13333333333333
38.13333333333333
37.8
37.942857142857136
37.86666666666667
38.7
38.03333333333333
37.833333333333336
38.925
38.25
38.333333333333336
38.3
37.73333333333333
38.699999999999996
37.75
37.75
37.8
39.0
38.12
38.3
38.26666666666667
37.85
39.2
39.2
37.75
38.5
37.75
38.43333333333333
38.5
38.5
38.5
38.4
37.5
37.5
37.8
38.5
38.300000000000004
38.5
38.5
38.349999999999994
38.275
38.275
37.8
38.7
38.7
37.3
38.519999999999996
38.05714285714286
38.21666666666667
38.199999999999996
37.949999999999996
38.38
37.86
37.9
37.9
38.62
38.31666666666667
39.1
38.233333333333334
38.614285714285714
39.23333333333333
38.13333333333333
38.53333333333334
38.93333333333334
38.93333333333334
38.93333333333334
38.542857142857144
39.2
39.2
38.45
38.53333333333334
37.7
37.7
39.050000000000004
38.199999999999996
38.4
38.4
38.16
38.68571428571429
38.019999999999996
38.957142857142856
38.06
38.44285714285714
39.03333333333333
38.199999999999996
38.199999999999996
38.199999999999996
38.199999999999996
39.0
38.300000000000004
38.675
38.88
37.98571428571429
39.06666666666667
38.516666666666666
38.55
39.1
37.8
37.8
39.8
38.42
38.42
38.42
37.940000000000005
39.6
39.6
38.6
39.08
38.2
38.2
38.660000000000004
38.74285714285714
38.9
38.9
37.9
38.4
38.4
39.32
39.32
39.32
39.32
38.800000000000004
39.475
39.475
39.475
39.475
39.475
39.125
38.78333333333333
39.9
39.9
39.06
38.857142857142854
39.114285714285714
38.550000000000004
39.23333333333333
39.23333333333333
39.23333333333333
39.23333333333333
38.85
38.91428571428571
39.3
38.599999999999994
38.599999999999994
39.9
38.849999999999994
38.849999999999994
39.5
38.666666666666664
38.666666666666664
39.199999999999996
38.6
38.53333333333333
39.4
39.4
38.3
39.14
38.1
38.54
37.9
37.9
38.58
38.9
38.6
38.733333333333334
38.8
38.56
38.7
38.66
38.6
38.9
38.96666666666667
38.35
38.9
38.9
38.175
39.114285714285714
39.04
38.583333333333336
39.15
38.84285714285715
38.540000000000006
38.9
38.6
38.6
39.17142857142857
38.68333333333333
38.942857142857136
38.9
38.5
38.5
38.9
38.45
39.220000000000006
38.75
38.75
38.75
38.18333333333334
38.85
38.771428571428565
38.17999999999999
38.93333333333333
38.550000000000004
38.65714285714285
38.766666666666666
38.65714285714286
39.0
38.45
38.666666666666664
38.666666666666664
38.666666666666664
38.5
38.82857142857143
38.23333333333333
38.23333333333333
38.23333333333333
38.46666666666667
39.0
38.300000000000004
38.666666666666664
37.92
38.0
39.057142857142864
38.92
38.35
38.9
38.92857142857143
38.2
39.083333333333336
38.833333333333336
38.8
38.8
38.55
38.48
38.800000000000004
38.266666666666666
38.266666666666666
39.7
38.38333333333333
38.46666666666667
38.46666666666667
38.46666666666667
39.040000000000006
38.333333333333336
38.800000000000004
38.666666666666664
37.971428571428575
38.550000000000004
38.57142857142857
38.15
38.15
38.15
38.15
38.15
39.2
38.18571428571429
38.14
38.14
38.14
38.31666666666667
37.96666666666667
39.1
38.35
38.11666666666667
38.11666666666667
38.4
38.385714285714286
37.733333333333334
38.46666666666667
37.771428571428565
38.1
38.26666666666667
37.85
37.85
39.0
37.885714285714286
37.957142857142856
38.53333333333333
38.76666666666667
38.52857142857143
38.528571428571425
37.9
37.9
38.1
38.15
37.980000000000004
38.7
37.86666666666667
37.86666666666667
38.13333333333333
38.17142857142857
37.949999999999996
39.016666666666666
38.58571428571428
38.357142857142854
39.057142857142864
38.75
38.75
38.75
38.75
38.266666666666666
38.949999999999996
38.1
38.871428571428574
38.7
38.43333333333333
38.471428571428575
37.7
37.7
39.7
39.7
39.7
38.8
38.60000000000001
38.85
38.38
38.53333333333333
38.53333333333333
38.78
38.96666666666667
38.55
39.028571428571425
38.142857142857146
39.3
38.416666666666664
39.128571428571426
39.15
39.385714285714286
38.96666666666667
38.25714285714286
39.1
38.5
39.583333333333336
38.5
38.5
39.53333333333333
39.53333333333333
38.325
39.35
38.31428571428571
38.94
38.800000000000004
38.542857142857144
39.333333333333336
38.42
39.266666666666666
38.88333333333333
38.75714285714286
39.03333333333333
38.56666666666667
38.56666666666667
38.56666666666667
38.55
39.07142857142857
39.26666666666667
38.275
38.275
39.8
38.38
38.86666666666667
38.233333333333334
39.43333333333333
39.03333333333333
38.5
38.4
38.23333333333333
39.1
38.4
39.1
39.05714285714286
38.38
39.05
38.25
39.0
38.68
39.0
38.971428571428575
38.583333333333336
38.583333333333336
38.583333333333336
38.85
39.12
38.56666666666666
38.95
38.56666666666667
39.11666666666667
38.3
38.800000000000004
38.916666666666664
38.88333333333333
39.199999999999996
38.233333333333334
39.471428571428575
39.25
38.3
38.949999999999996
38.41428571428571
39.333333333333336
39.166666666666664
38.37142857142857
39.38
38.160000000000004
39.12857142857143
38.65
38.75
38.949999999999996
38.27142857142858
39.3
38.56666666666666
39.13333333333333
37.6
39.12
37.82857142857143
38.4
38.785714285714285
38.48571428571428
39.06666666666667
39.35
38.142857142857146
39.15
38.03333333333334
39.057142857142864
38.839999999999996
38.36666666666667
38.81666666666666
37.85
38.38333333333333
38.228571428571435
38.21666666666667
38.699999999999996
37.949999999999996
38.31666666666666
38.25
38.25
38.699999999999996
37.82
37.833333333333336
38.63333333333333
37.9
38.06666666666667
38.36666666666667
37.75
38.739999999999995
37.42
38.6
38.214285714285715
38.18
38.56666666666667
37.65
38.483333333333334
38.38333333333333
38.15
38.1
37.766666666666666
38.17142857142857
38.057142857142864
37.85
38.68333333333334
37.85
38.550000000000004
37.93333333333333
38.07142857142857
38.43333333333333
37.65714285714286
38.46666666666667
37.81428571428571
38.2
38.35
38.35
37.6
37.9
38.45
38.08
39.3
38.05
38.371428571428574
38.371428571428574
39.3
38.5
37.88333333333333
38.166666666666664
38.714285714285715
37.92
39.14
38.12
38.300000000000004
38.26666666666667
37.942857142857136
37.699999999999996
38.7
38.7
38.7
38.7
38.349999999999994
38.349999999999994
37.7
37.871428571428574
38.0
38.1
38.4
37.86666666666667
38.56
37.75
37.75
39.2
39.13333333333333
39.13333333333333
37.75
38.75714285714286
37.46666666666667
38.42
38.728571428571435
38.1
39.0
38.32857142857143
38.233333333333334
38.550000000000004
38.24285714285714
38.766666666666666
38.41428571428571
38.516666666666666
38.93333333333334
38.93333333333334
38.93333333333334
38.93333333333334
38.93333333333334
38.660000000000004
38.36666666666667
38.38333333333333
38.785714285714285
38.7
38.7
39.0
38.68571428571429
38.9
38.61666666666667
39.083333333333336
38.0
38.0
39.199999999999996
38.64
39.266666666666666
38.07142857142857
39.13333333333333
38.41428571428571
38.63333333333333
38.01428571428572
37.96
37.96
37.9
38.64
38.542857142857144
38.766666666666666
39.08571428571429
38.06
37.96666666666667
38.416666666666664
39.5
39.1
38.285714285714285
39.083333333333336
38.449999999999996
38.45
38.516666666666666
38.583333333333336
39.1
38.17142857142858
38.9
38.13333333333333
39.1
39.05
38.333333333333336
38.699999999999996
38.31428571428571
38.96666666666666
38.15714285714285
37.96666666666666
39.03333333333333
38.5
38.5
38.5
38.5
37.95
38.142857142857146
39.266666666666666
38.3
38.61666666666667
38.45
38.45
39.1
38.083333333333336
39.228571428571435
38.6
39.0
39.0
38.06666666666667
39.13333333333333
38.06666666666667
38.36
38.7
38.45
38.6
38.31666666666667
39.15
37.957142857142856
38.275
38.275
38.3
38.957142857142856
38.483333333333334
38.516666666666666
39.199999999999996
38.5
38.825
38.825
38.8
38.86666666666667
38.885714285714286
38.266666666666666
38.25714285714286
38.760000000000005
38.760000000000005
38.0
38.51428571428572
38.56666666666666
39.38333333333333
38.98333333333333
39.050000000000004
39.05714285714286
38.42857142857143
39.166666666666664
38.75
38.4
39.01428571428572
38.550000000000004
39.1
38.8
39.0
39.300000000000004
38.300000000000004
38.86666666666667
38.6
38.5
39.31666666666667
38.71666666666667
38.9
39.1
38.8375
39.11666666666667
38.699999999999996
38.5
38.94285714285714
39.2
39.2
39.260000000000005
38.4
39.1
38.9
38.3
39.38333333333333
38.6
38.6
39.42
38.599999999999994
38.599999999999994
39.15
38.971428571428575
39.24285714285714
38.67142857142857
38.74285714285714
39.13333333333333
38.64
39.15714285714285
38.949999999999996
38.75714285714285
39.214285714285715
38.41428571428571
38.833333333333336
39.0
39.314285714285724
38.28333333333334
39.0
39.0
39.0
39.12
38.25714285714286
38.75714285714286
38.98571428571428
38.55714285714286
39.1
38.9
38.63333333333333
38.628571428571426
38.41428571428571
38.76666666666667
38.88333333333333
38.7
38.7
39.2
38.48571428571428
39.285714285714285
38.63333333333333
38.833333333333336
38.833333333333336
38.9
38.75
39.199999999999996
39.01428571428571
39.3
39.3
39.266666666666666
39.46666666666667
39.13333333333333
38.68571428571429
38.457142857142856
39.385714285714286
38.766666666666666
39.06
38.733333333333334
38.6
38.95
38.95
38.2
38.68
38.275
38.75
38.65
38.666666666666664
39.08
39.1
38.53333333333333
39.333333333333336
39.25
38.542857142857144
38.86666666666667
38.86666666666667
38.86666666666667
38.3
38.3
38.3
39.2
38.53333333333333
38.81666666666667
39.1
38.92
38.92
39.8
38.78
38.78
39.6
38.800000000000004
39.199999999999996
38.4
38.08571428571429
38.78333333333333
38.63333333333333
39.35
39.2
39.2
39.8
38.55714285714286
38.93333333333333
39.03333333333333
38.35
39.199999999999996
38.73333333333333
38.4
39.3
39.1
38.885714285714286
38.666666666666664
39.06666666666666
38.625
38.625
38.625
38.625
38.3
39.25
38.46666666666667
38.6
37.9
38.48571428571428
38.48571428571428
38.48571428571428
38.48571428571428
39.56
38.699999999999996
39.18333333333333
38.92857142857143
39.1
39.1
38.7
38.68571428571429
38.68571428571429
38.68571428571429
39.0
39.15
38.475
38.475
39.3
38.36666666666667
39.142857142857146
39.18
38.58571428571429
39.24285714285714
38.4
38.528571428571425
39.06666666666667
38.771428571428565
38.771428571428565
38.771428571428565
38.675
38.4
38.4
38.974999999999994
38.974999999999994
38.974999999999994
39.285714285714285
38.56666666666667
38.46666666666667
38.857142857142854
38.4
38.9
39.1
38.457142857142856
39.1
38.56666666666666
39.1
38.73333333333333
38.3
38.3
38.3
38.43333333333334
39.35
38.42857142857143
39.114285714285714
38.2
38.2
39.18
38.36666666666667
38.42857142857143
39.333333333333336
38.4
38.85
39.6
39.6
39.0
38.35
38.35
39.2
38.2
38.2
38.2
38.2
38.4
39.300000000000004
39.300000000000004
39.300000000000004
39.099999999999994
38.4
39.13333333333333
39.13333333333333
39.2
39.32000000000001
38.88333333333333
38.871428571428574
38.980000000000004
38.980000000000004
38.7
38.400000000000006
38.400000000000006
39.559999999999995
38.63333333333333
39.43333333333333
39.43333333333333
38.2
39.666666666666664
38.833333333333336
38.8
39.2
39.01428571428572
39.01428571428572
39.01428571428572
39.01428571428572
39.05
38.72857142857142
38.614285714285714
38.614285714285714
38.614285714285714
38.614285714285714
38.614285714285714
39.3
39.3
39.4
38.583333333333336
39.31428571428571
38.2
38.2
39.32
38.4
38.4
39.5
38.833333333333336
39.266666666666666
39.266666666666666
39.160000000000004
39.53333333333333
38.94285714285714
39.5
39.5
39.457142857142856
38.800000000000004
38.800000000000004
39.8
38.82857142857143
39.8
39.8
39.040000000000006
39.2
38.9
39.36666666666667
38.666666666666664
39.65
39.65
38.3
39.6
38.76666666666667
39.41428571428571
39.075
39.028571428571425
39.266666666666666
39.266666666666666
39.083333333333336
39.5
38.57142857142857
39.56666666666667
38.75
38.6
39.42
38.78333333333333
39.214285714285715
39.199999999999996
38.5
39.1
39.0
38.666666666666664
39.449999999999996
38.71666666666667
39.15714285714286
39.15714285714286
39.15714285714286
38.75
38.8
38.8
38.36
39.6
39.6
39.6
39.6
39.8
38.839999999999996
39.46666666666667
38.766666666666666
39.300000000000004
39.13333333333333
38.48
38.48
38.48
38.94
39.65714285714285
38.699999999999996
39.7
38.6
38.98333333333333
39.416666666666664
39.8
39.15
39.15
40.019999999999996
40.019999999999996
40.019999999999996
39.083333333333336
39.81666666666667
39.6
39.6
40.2
40.2
38.4
38.4
38.4
39.86666666666667
39.86666666666667
39.166666666666664
39.65
39.0
39.0
39.76666666666667
39.0
39.0
39.3
39.3
39.3
38.94
39.050000000000004
39.63333333333333
39.01428571428572
39.7
39.7
38.8
39.166666666666664
39.166666666666664
39.166666666666664
39.166666666666664
39.166666666666664
39.166666666666664
39.166666666666664
39.166666666666664
39.166666666666664
40.4
40.4
38.4
39.4
39.2
39.2
39.3
39.21666666666667
39.51428571428572
38.85
39.38333333333333
39.142857142857146
38.85
38.85
39.8
39.8
39.05
39.5
39.13333333333333
39.63333333333333
39.63333333333333
39.63333333333333
38.6
38.6
38.5
39.45
39.3
39.3
39.43333333333333
39.43333333333333
39.53333333333333
39.739999999999995
39.739999999999995
38.9
39.93333333333333
39.628571428571426
38.86666666666667
39.85
39.214285714285715
39.67142857142857
39.5
39.083333333333336
39.6
39.6
38.3
39.4
38.93333333333333
39.43333333333333
38.9
38.9
38.7
38.7
40.3
40.3
40.3
40.3
38.88
39.85
39.4
39.11666666666667
39.728571428571435
38.980000000000004
39.5
39.5
38.8
39.6
39.46666666666667
38.96666666666667
39.6
39.6
38.6
39.628571428571426
39.628571428571426
39.628571428571426
39.78
39.78
39.78
39.78
39.78
39.65
39.0
39.0
39.5
38.94
38.94
38.94
38.91428571428571
39.725
39.725
39.0
39.6
38.7
38.7
39.2
38.4
38.4
39.7
38.85
38.85
40.2
39.18333333333333
39.1
39.1
38.849999999999994
39.542857142857144
38.9
38.9
38.9
38.96666666666666
39.67142857142857
38.699999999999996
38.699999999999996
39.099999999999994
39.9
39.9
39.6
38.9
39.449999999999996
38.53333333333334
39.28
39.28
39.0
38.92
40.1
40.1
38.5
39.4
38.93333333333333
39.38333333333333
38.766666666666666
38.766666666666666
39.5
39.5
39.5
39.36666666666667
39.36666666666667
38.2
39.03333333333333
38.74285714285714
39.0
38.61666666666667
39.35
39.879999999999995
38.73333333333333
39.55
38.871428571428574
39.35
39.2
39.2
38.94
38.94
38.94
39.699999999999996
39.699999999999996
39.699999999999996
39.699999999999996
39.2
38.6
38.6
40.0
38.65
38.65
38.65
38.36
39.0
39.2
39.2
38.7
39.050000000000004
38.666666666666664
39.36666666666667
38.550000000000004
38.550000000000004
39.0
38.339999999999996
38.733333333333334
38.733333333333334
38.733333333333334
38.6
38.4
38.4
38.95
38.416666666666664
38.0
38.0
39.3
38.68333333333334
38.65
38.65
38.65
38.65
37.940000000000005
38.800000000000004
38.36
38.857142857142854
38.4
38.92857142857143
38.36666666666667
38.36666666666667
39.166666666666664
38.1
38.1
39.025
38.449999999999996
38.85
38.599999999999994
38.599999999999994
38.6
38.833333333333336
38.2
39.125
39.125
39.5
38.166666666666664
38.9
38.24285714285714
38.4
38.666666666666664
38.666666666666664
38.3
38.4
38.4
38.4
38.06666666666667
38.45
38.45
38.0
38.760000000000005
38.583333333333336
39.18571428571429
38.050000000000004
39.339999999999996
38.5
39.300000000000004
39.300000000000004
38.23333333333333
38.98571428571428
38.175
38.175
38.9
39.2
39.2
38.1
38.45
39.46666666666666
39.46666666666666
38.2
39.300000000000004
38.771428571428565
39.56
38.4
39.62
39.62
38.3
39.3
39.3
38.4
38.4
38.4
39.15
38.38
39.516666666666666
38.34285714285714
39.66
38.88333333333333
39.21666666666667
38.800000000000004
39.01428571428572
38.916666666666664
38.68333333333333
39.449999999999996
38.333333333333336
39.042857142857144
38.64
39.0
39.271428571428565
38.51428571428571
39.4
39.08
38.75
38.96666666666667
38.96666666666667
38.96666666666667
38.5
38.96666666666666
38.96666666666666
38.96666666666666
38.78333333333333
38.942857142857136
38.85
39.7
39.7
38.85
39.349999999999994
38.86666666666667
38.91428571428571
38.266666666666666
39.48571428571428
39.73333333333333
38.85
38.85
38.85
38.85
39.5
38.416666666666664
39.357142857142854
38.56666666666667
38.9
39.18333333333333
39.21666666666667
39.5
38.71666666666667
39.38333333333333
38.699999999999996
38.666666666666664
39.160000000000004
38.56
39.08571428571429
38.5
39.271428571428565
38.699999999999996
39.199999999999996
39.34285714285714
38.699999999999996
38.699999999999996
38.699999999999996
38.0
39.199999999999996
39.06666666666667
39.06666666666667
38.974999999999994
39.31666666666667
39.0
39.3
39.3
38.225
39.27142857142858
38.385714285714286
38.96666666666667
38.1
38.1
38.1
38.8
38.699999999999996
38.699999999999996
38.699999999999996
39.449999999999996
38.4
39.266666666666666
38.166666666666664
38.166666666666664
38.166666666666664
39.9
38.92857142857143
39.46666666666667
38.55714285714286
39.5
38.1
38.1
39.53333333333333
38.53333333333333
39.63333333333333
39.050000000000004
40.15714285714286
39.9
38.766666666666666
38.3
38.3
38.3
39.2
38.82
39.4
38.4
39.46
38.5
39.55
38.599999999999994
38.599999999999994
40.1
38.7
38.7
38.7
38.5
39.17142857142857
38.88333333333333
39.61666666666667
38.56666666666667
39.5
39.18333333333334
39.13333333333333
39.4
38.542857142857144
39.333333333333336
38.53333333333333
39.833333333333336
38.92857142857143
39.11666666666667
39.285714285714285
38.62
39.56
38.666666666666664
39.4
39.15
38.56
39.583333333333336
38.5
39.64
38.6
39.220000000000006
39.220000000000006
38.1
39.58
38.7
39.68
39.68
39.68
38.91428571428571
38.957142857142856
39.4
38.67142857142857
39.7
38.56666666666667
38.9
39.13333333333333
38.800000000000004
39.07142857142857
38.65
39.56666666666667
38.2
38.81428571428571
39.31666666666667
38.64
38.64
40.0
38.88
39.4
38.77142857142858
39.46666666666667
38.971428571428575
38.68
39.6
38.5
38.76666666666667
38.76666666666667
37.9
39.42857142857143
38.53333333333333
39.53333333333333
38.1
38.1
38.760000000000005
38.714285714285715
39.4
38.875
38.875
39.4
38.699999999999996
39.333333333333336
39.333333333333336
38.4
38.94
38.6
39.166666666666664
38.785714285714285
38.7
38.7
38.1
39.35
39.15
38.98571428571428
39.18333333333333
38.75
39.1
39.1
38.650000000000006
39.15
38.3
38.3
38.9
38.9
38.85
38.2
38.2
39.06666666666667
38.800000000000004
38.949999999999996
39.142857142857146
38.4
39.099999999999994
39.099999999999994
38.76666666666667
38.9
38.9
39.199999999999996
38.81428571428571
38.875
38.875
38.5
39.08571428571429
39.050000000000004
38.714285714285715
39.24285714285714
38.63333333333333
39.457142857142856
38.52
39.04285714285714
39.357142857142854
38.300000000000004
39.725
39.725
38.6
38.714285714285715
38.714285714285715
38.714285714285715
38.6
39.357142857142854
38.800000000000004
39.15
39.199999999999996
38.4
39.228571428571435
38.4
39.0
38.583333333333336
38.583333333333336
37.8
39.06666666666667
38.666666666666664
39.07142857142857
38.233333333333334
39.42857142857143
38.766666666666666
38.68333333333333
39.285714285714285
38.51428571428572
39.18333333333333
38.68333333333334
39.58571428571429
38.857142857142854
38.82000000000001
38.82000000000001
38.2
39.15
38.5
38.5
39.9
38.67142857142857
39.44285714285714
38.5
38.5
39.9
39.07142857142857
39.4
38.471428571428575
39.63333333333333
38.75714285714286
39.4
39.4
38.45
39.4
38.93333333333334
39.6
38.3
39.4
38.53333333333333
39.4
38.51428571428572
39.199999999999996
39.0
38.55714285714286
38.93333333333333
38.628571428571426
39.21666666666667
38.25
38.1
38.1
38.1
39.9
38.528571428571425
38.1
38.1
38.699999999999996
38.98571428571428
38.42
39.199999999999996
38.43333333333334
38.81666666666666
38.583333333333336
39.175
39.3
38.15
38.15
39.8
38.699999999999996
39.0
38.36
38.36
39.3
38.36666666666667
39.35
38.6
38.62
38.62
40.0
39.25
38.800000000000004
38.8
39.300000000000004
38.300000000000004
38.300000000000004
38.300000000000004
38.3
39.166666666666664
38.46666666666667
39.083333333333336
38.34285714285714
39.1
38.57142857142857
39.214285714285715
39.25
38.6
39.114285714285714
38.28
39.53333333333333
38.75
38.75
39.45
38.75
39.266666666666666
38.74285714285714
39.142857142857146
39.457142857142856
38.459999999999994
39.31666666666667
39.028571428571425
38.74285714285714
39.25
38.4
39.449999999999996
38.583333333333336
38.583333333333336
38.583333333333336
38.74
39.15714285714286
39.43333333333333
38.54
39.51428571428572
38.68571428571429
38.949999999999996
39.25
38.471428571428575
39.36
38.785714285714285
39.2
39.36666666666667
38.9
39.4
38.65
40.0
40.0
39.25
39.25
39.1
39.1
39.1
38.7
39.31428571428571
38.57142857142857
39.114285714285714
38.2
38.2
38.2
38.2
38.93333333333333
38.93333333333333
38.6
39.0
39.114285714285714
38.9
38.9
38.8
38.728571428571435
39.2
39.05
38.32857142857143
39.300000000000004
38.666666666666664
38.975
39.15
38.5
38.785714285714285
39.23333333333333
38.75
39.271428571428565
38.959999999999994
38.885714285714286
39.300000000000004
38.81428571428571
39.028571428571425
39.2
39.0
39.285714285714285
38.56666666666667
38.949999999999996
39.56666666666667
38.800000000000004
39.5
39.5
38.2
39.228571428571435
38.666666666666664
39.68333333333333
39.68333333333333
39.8
39.53333333333333
38.82857142857143
38.833333333333336
39.471428571428575
38.95
38.95
38.95
38.95
39.25714285714286
39.1
38.48
39.166666666666664
39.166666666666664
38.833333333333336
38.833333333333336
40.1
39.725
39.725
38.800000000000004
39.35
38.714285714285715
38.68571428571429
39.35
39.35
38.6
38.6
38.6
39.51428571428572
38.65
39.6
39.6
38.2
39.6
39.2
39.2
39.56
38.675
38.675
40.1
39.1
39.6
38.85
39.18571428571429
39.0
38.542857142857144
39.57142857142857
38.78
39.699999999999996
39.18
39.025000000000006
39.86
38.620000000000005
38.620000000000005
39.9
39.050000000000004
39.9
39.9
38.739999999999995
39.699999999999996
38.65714285714286
39.63333333333333
38.9
39.1
39.214285714285715
38.63333333333333
39.516666666666666
38.9
38.94285714285714
39.48571428571429
38.76666666666667
39.56
39.1
39.17142857142857
39.449999999999996
38.8
38.8
39.599999999999994
39.26666666666667
39.699999999999996
38.9
38.9
39.45
38.666666666666664
39.728571428571435
39.233333333333334
39.53333333333333
39.65
38.91428571428571
39.519999999999996
38.93333333333333
38.93333333333333
40.2
40.2
38.7
39.628571428571426
38.3
38.3
39.449999999999996
38.72
39.63333333333333
39.0
39.285714285714285
39.5
39.0
39.48333333333333
38.9
38.77142857142858
40.3
40.3
38.94
39.449999999999996
38.92857142857143
38.72
38.72
39.1
39.57142857142857
39.51666666666667
39.51666666666667
39.51666666666667
39.51666666666667
38.3
38.7
38.7
38.7
40.3
39.43333333333333
40.0
38.68571428571429
39.93333333333333
39.93333333333333
39.93333333333333
39.675000000000004
39.675000000000004
38.2
39.333333333333336
39.333333333333336
39.0
38.857142857142854
39.56
39.56
39.56
39.56
39.040000000000006
40.1
40.1
39.0
39.9
38.9
38.9
39.0
38.75
38.75
39.86666666666667
39.86666666666667
39.86666666666667
39.35
39.35
39.800000000000004
39.800000000000004
39.0
38.6
38.6
39.525
39.08
39.08
38.8
38.957142857142856
39.3
39.3
39.3
39.14
38.4
38.4
39.416666666666664
39.07142857142857
39.3
39.699999999999996
39.699999999999996
39.699999999999996
38.3
38.3
39.45
38.62
38.62
40.3
38.82
38.82
38.82
39.7
39.7
39.7
39.7
39.7
39.7
39.7
39.7
39.7
39.7
39.7
38.93333333333334
39.5
38.800000000000004
39.98571428571428
39.357142857142854
39.43333333333333
39.03333333333333
39.21666666666667
39.6
39.0
39.0
39.26666666666667
39.26666666666667
40.4
38.800000000000004
39.9
38.86666666666667
39.875
39.875
39.2
39.73333333333333
38.9
40.5
40.5
39.228571428571435
39.72
39.32857142857143
39.550000000000004
39.333333333333336
39.1
40.028571428571425
39.4
40.019999999999996
39.41428571428571
39.271428571428565
39.88333333333333
39.7
39.7
38.6
38.6
39.06666666666666
39.92
39.92
39.92
39.18571428571429
40.7
40.7
38.879999999999995
38.879999999999995
38.879999999999995
39.766666666666666
39.233333333333334
39.900000000000006
39.900000000000006
38.7
39.833333333333336
39.833333333333336
39.8
39.03333333333333
39.03333333333333
39.03333333333333
39.4
38.971428571428575
39.2
39.0
40.5
40.5
40.5
38.8
40.31666666666667
39.128571428571426
39.85
39.3
39.73333333333333
39.54
39.54
39.3
38.8
39.68571428571429
39.5
39.32
39.32
39.32
40.050000000000004
39.385714285714286
39.56666666666666
39.48571428571428
39.300000000000004
39.300000000000004
39.25
40.0
40.0
38.8
39.6
39.6
39.8
38.957142857142856
39.86666666666667
39.357142857142854
39.357142857142854
39.357142857142854
39.22
40.0
39.4
39.4
39.6
40.0
40.0
38.92
39.63333333333333
39.25
39.042857142857144
39.275
39.275
39.275
39.275
39.06666666666666
39.06666666666666
38.6
40.075
40.075
38.6
39.68571428571429
38.9
39.983333333333334
39.0
39.0
40.3
39.01666666666667
39.25
39.25
39.25
39.666666666666664
38.93333333333333
39.300000000000004
39.214285714285715
39.25
39.6
38.714285714285715
39.93333333333333
38.78333333333333
39.24285714285714
38.8
38.8
39.6
39.15714285714285
39.65
39.65
39.25
39.6
39.07142857142857
39.43333333333333
39.43333333333333
39.43333333333333
39.82
39.82
39.5
39.5
39.5
39.583333333333336
39.583333333333336
39.583333333333336
39.583333333333336
39.12
39.12
40.3
39.385714285714286
39.81428571428571
39.11666666666667
39.957142857142856
38.9
38.9
38.9
38.9
39.957142857142856
38.9
39.542857142857144
39.083333333333336
40.0
38.971428571428575
39.58571428571429
39.371428571428574
40.0
39.728571428571435
40.2
40.2
38.825
39.6
39.6
40.1
38.93333333333334
39.71666666666667
39.6
39.5
39.65
39.016666666666666
39.26666666666667
39.26666666666667
39.94
38.957142857142856
39.89999999999999
39.300000000000004
39.93333333333333
38.599999999999994
38.599999999999994
39.84
38.550000000000004
39.666666666666664
38.9
38.9
39.36666666666667
39.81666666666667
39.1
39.1
39.8
39.01428571428572
39.86666666666667
39.86666666666667
39.400000000000006
39.03333333333333
39.03333333333333
40.3
39.04
39.04
39.3
39.25714285714286
38.6
39.285714285714285
38.95
39.5
39.5
39.5
39.142857142857146
39.6
39.6
39.6
38.8
39.333333333333336
39.099999999999994
39.099999999999994
40.3
39.43333333333333
39.68571428571429
39.68571428571429
39.68571428571429
39.68571428571429
39.68571428571429
39.86666666666667
39.86666666666667
38.7
39.300000000000004
38.957142857142856
39.68
39.0
39.0
40.4
39.5
39.5
38.8
40.2
39.06666666666666
39.75
38.5
38.5
39.96666666666667
38.7
39.25
39.25
39.25
40.0
39.0
39.78333333333333
39.083333333333336
39.5
39.5
39.2
39.766666666666666
38.92857142857143
39.75
39.199999999999996
40.266666666666666
40.266666666666666
38.93333333333333
39.766666666666666
38.371428571428574
39.4
38.733333333333334
39.53333333333333
38.93333333333333
38.93333333333333
39.86666666666667
39.0
39.449999999999996
38.88
39.1
39.766666666666666
38.93333333333333
39.9
39.1
40.22
38.766666666666666
39.871428571428574
39.38333333333333
39.720000000000006
39.720000000000006
39.720000000000006
39.720000000000006
38.48
40.028571428571425
38.96666666666666
39.85
39.233333333333334
39.825
39.825
38.85
39.93333333333333
38.6
38.6
38.6
39.45
40.333333333333336
40.333333333333336
40.333333333333336
39.0
38.98571428571428
39.53333333333333
39.166666666666664
39.24285714285714
39.449999999999996
39.1
40.06666666666667
39.0
39.73333333333333
39.5
39.10000000000001
39.542857142857144
39.6
39.6
39.349999999999994
39.339999999999996
39.339999999999996
39.339999999999996
39.733333333333334
38.86666666666667
39.81428571428571
39.1
40.23333333333333
40.23333333333333
38.825
39.733333333333334
39.15714285714286
39.15714285714286
39.15714285714286
39.6
39.6
39.2
39.75714285714286
39.65
39.65
38.9
39.6
39.050000000000004
39.050000000000004
40.4
38.8
38.8
39.45
39.166666666666664
39.9
39.04285714285714
39.93333333333333
39.15
39.699999999999996
39.019999999999996
39.6
39.6
39.6
40.5
40.5
39.54
39.416666666666664
39.550000000000004
39.5
39.0
40.4
40.4
40.4
40.4
40.4
39.9
39.9
39.9
39.4
38.879999999999995
39.93333333333333
39.15714285714286
39.32857142857143
39.34285714285714
39.416666666666664
39.416666666666664
39.416666666666664
39.266666666666666
38.5
38.5
38.5
39.32
39.300000000000004
39.85
39.233333333333334
39.71666666666667
39.042857142857144
39.2
39.300000000000004
39.03333333333333
38.9
38.96666666666666
39.65714285714285
38.800000000000004
39.642857142857146
38.959999999999994
39.76
39.76
38.4
39.55714285714286
38.98571428571428
39.871428571428574
39.0
39.55
39.4
39.65
39.65
38.975
39.82857142857143
39.228571428571435
39.42857142857143
39.45
39.45
40.4
39.51428571428571
39.51428571428571
39.51428571428571
38.9
38.9
40.5
39.300000000000004
39.7
39.7
39.62
38.5
39.45
39.042857142857144
39.9
39.9
39.3
39.6
39.6
38.5
40.028571428571425
39.075
39.075
38.7
38.95
39.114285714285714
39.042857142857144
39.471428571428575
38.528571428571425
39.5
39.5
39.5
39.3
38.74285714285714
39.9
38.45
38.45
38.45
39.03333333333333
39.9
39.042857142857144
39.48333333333333
39.75714285714286
38.86666666666667
38.86666666666667
39.7
39.25714285714285
39.614285714285714
38.76666666666667
39.63333333333333
38.628571428571426
39.550000000000004
39.18571428571429
39.05
39.25
38.871428571428574
39.583333333333336
39.1
39.1
39.86
38.71666666666667
39.285714285714285
38.2
38.2
38.7
39.4
39.4
38.7
39.028571428571425
39.18571428571429
39.6
38.885714285714286
39.08571428571429
39.26666666666667
38.628571428571426
39.45
38.620000000000005
38.733333333333334
39.53333333333333
39.885714285714286
39.871428571428574
38.6
39.46666666666667
39.28333333333333
38.885714285714286
39.300000000000004
39.300000000000004
39.300000000000004
39.15
38.77142857142858
39.800000000000004
38.76666666666667
39.62857142857143
39.050000000000004
39.36
39.266666666666666
39.0
39.63333333333333
38.7
39.9
39.9
39.06666666666667
39.17142857142857
39.8
39.8
38.959999999999994
39.4
39.4
38.1
39.42857142857143
38.46666666666667
39.614285714285714
38.46666666666667
38.971428571428575
38.7
38.7
39.4
38.91428571428571
40.1
40.1
38.728571428571435
39.416666666666664
38.5
39.65
38.86666666666667
39.08571428571429
39.48571428571428
38.63333333333333
39.26666666666667
38.81666666666667
39.2
39.15
39.083333333333336
39.083333333333336
39.083333333333336
39.18571428571429
39.26666666666667
38.4
39.8
39.8
38.42
39.07142857142857
38.45
39.300000000000004
38.53333333333333
38.53333333333333
39.3
39.471428571428575
38.6
39.214285714285715
39.1
38.41428571428571
39.4
38.38333333333333
38.957142857142856
38.65
38.65
38.65
38.6
38.6
39.025
38.628571428571426
39.199999999999996
38.699999999999996
38.785714285714285
39.660000000000004
38.357142857142854
39.17142857142857
38.96666666666667
38.620000000000005
38.857142857142854
38.56
39.08571428571429
39.083333333333336
38.85
39.53333333333334
38.82857142857143
39.300000000000004
39.285714285714285
38.4
39.32
38.84285714285714
39.35
38.728571428571435
39.15714285714286
39.357142857142854
38.371428571428574
39.43333333333333
39.43333333333333
39.43333333333333
38.833333333333336
38.5
39.15
39.15
39.15
39.05714285714286
38.11666666666667
39.15
39.15
38.44
39.46666666666667
38.87142857142857
38.96
39.050000000000004
38.771428571428565
39.75
39.75
38.2
39.2375
38.766666666666666
39.07142857142857
38.800000000000004
38.9
39.6
38.575
38.575
39.7
38.51428571428572
39.5
38.483333333333334
39.4
38.785714285714285
38.63333333333333
39.4
38.5
39.44285714285714
38.86666666666667
39.214285714285715
39.385714285714286
38.65714285714286
39.46666666666667
38.63333333333333
38.63333333333333
39.825
38.666666666666664
39.457142857142856
38.74
39.1
39.05
39.385714285714286
38.416666666666664
39.449999999999996
38.949999999999996
39.75
38.839999999999996
39.32857142857143
39.0
39.528571428571425
38.833333333333336
39.666666666666664
38.6
39.175
39.175
38.1
39.5
39.1
39.1
39.46666666666667
38.6
39.42857142857143
38.9
39.24285714285714
39.14
38.971428571428575
39.4
38.5
39.542857142857144
39.114285714285714
39.199999999999996
39.300000000000004
38.800000000000004
39.733333333333334
38.660000000000004
39.41428571428572
39.25
39.5
39.5
38.67142857142857
39.64
39.64
38.1
39.53333333333333
38.35
38.614285714285714
38.1
38.699999999999996
39.24285714285714
38.68571428571429
40.0
40.0
40.0
40.0
38.57142857142857
39.56666666666667
38.68333333333334
39.41428571428571
38.9
38.9
38.9
38.9
38.9
38.9
38.9
38.9
38.9
38.9
38.9
38.9
38.9
38.375
39.0
38.4
39.271428571428565
38.6
38.971428571428575
38.971428571428575
38.971428571428575
39.3
39.3
38.0
39.357142857142854
38.6
38.6
38.6
39.2
38.43333333333334
39.1
38.24285714285714
39.31428571428571
39.31428571428571
39.31428571428571
38.75
38.75
38.1
39.1
38.25
38.9
38.9
38.425
39.199999999999996
39.1
38.36666666666667
39.08571428571428
38.68571428571429
39.1
39.1
39.1
38.6
39.1
38.82857142857143
39.199999999999996
38.357142857142854
38.949999999999996
38.42857142857143
39.0
38.628571428571426
38.65714285714286
39.17142857142857
38.5
38.5
39.2
39.2
39.0
38.6
39.120000000000005
39.120000000000005
38.2
39.8
39.8
38.660000000000004
39.166666666666664
39.166666666666664
39.166666666666664
39.08571428571429
39.0
39.0
38.92
39.0
39.25
38.65714285714286
39.166666666666664
39.142857142857146
38.5
39.4
38.785714285714285
38.785714285714285
39.4
38.957142857142856
40.1
40.1
38.1
38.1
39.53333333333333
38.550000000000004
38.4
38.4
38.4
38.339999999999996
38.1
38.18
39.142857142857146
38.5
38.357142857142854
39.1
38.199999999999996
39.1
39.07142857142857
38.82857142857143
39.300000000000004
38.699999999999996
38.85
38.85
38.8
38.7
38.7
39.03333333333334
38.63333333333333
39.25
39.699999999999996
38.7
38.4
38.4
38.36666666666667
39.042857142857144
38.23333333333333
38.23333333333333
39.3
38.47142857142857
39.083333333333336
39.0
38.0
38.0
39.1
38.542857142857144
39.3
38.885714285714286
38.76666666666667
39.228571428571435
38.48
38.971428571428575
38.7
38.7
38.75
38.74285714285714
38.550000000000004
39.25
38.9
38.9
38.857142857142854
38.48
38.975
38.975
38.2
38.2
38.2
38.4
38.4
39.9
38.0
38.0
39.199999999999996
39.199999999999996
38.1
38.68333333333334
38.85
39.15714285714286
38.53333333333333
38.84285714285715
38.800000000000004
38.800000000000004
38.800000000000004
39.160000000000004
38.6
39.8
39.8
38.5
39.199999999999996
37.9
37.9
39.519999999999996
38.628571428571426
38.65714285714285
38.96666666666667
38.96666666666667
38.96666666666667
38.63333333333333
38.75
38.75
39.34
38.8
38.8
38.82
38.625
38.625
37.9
37.9
39.1
38.43333333333333
38.75
38.75
38.53333333333333
38.63333333333333
38.86
38.86
38.86
38.800000000000004
38.45
39.06
39.06
38.9
38.9
38.9
38.3
38.3
38.3
38.5
38.75
38.84285714285714
38.75714285714286
39.7
39.7
39.3
38.74285714285714
39.0
38.25
39.1
39.1
38.125
38.714285714285715
38.714285714285715
38.714285714285715
39.1
38.53333333333333
38.583333333333336
39.0
38.25
38.4
38.714285714285715
38.800000000000004
38.666666666666664
38.666666666666664
38.733333333333334
38.1
38.95
38.95
38.35
38.833333333333336
39.06666666666667
38.22857142857142
39.275000000000006
39.275000000000006
38.3
38.9
38.9
38.400000000000006
39.08
38.14
39.7
39.7
37.7
37.7
37.8
38.9
38.7
38.7
39.13333333333333
38.25
39.11666666666667
38.357142857142854
38.91428571428572
38.91428571428572
38.91428571428572
37.9
38.66
38.66
37.8
38.65
38.3
39.339999999999996
38.457142857142856
39.6
39.6
37.949999999999996
39.050000000000004
38.4
38.4
39.4
38.028571428571425
38.37142857142857
38.699999999999996
38.36666666666667
39.1
39.1
39.1
38.8
38.8
38.8
38.94
38.18571428571429
38.96666666666667
37.9
37.9
39.375
39.375
38.35
38.45
38.45
38.5
38.4875
39.8
39.8
38.14
38.87142857142857
38.87142857142857
37.8
38.85
38.62
38.62
39.8
38.64
38.64
38.8
38.800000000000004
39.300000000000004
39.300000000000004
39.300000000000004
39.6
39.6
39.050000000000004
38.6
39.34
38.471428571428575
39.28333333333334
38.214285714285715
39.5
39.5
38.5
38.15
38.15
38.15
38.650000000000006
39.1
39.1
39.1
38.81428571428571
38.1
38.1
38.775
39.666666666666664
39.666666666666664
39.8
38.36666666666667
38.81666666666666
38.6
38.4
39.271428571428565
37.980000000000004
37.980000000000004
39.7
38.32857142857143
38.82857142857143
38.63333333333333
38.63333333333333
39.275
38.56666666666666
39.214285714285715
38.18571428571429
39.233333333333334
39.233333333333334
38.7
39.17142857142857
38.23333333333333
39.1
38.528571428571425
38.528571428571425
38.528571428571425
38.54
39.1
38.3
38.3
39.166666666666664
38.56666666666667
39.25
38.357142857142854
39.07142857142857
38.300000000000004
38.5
39.07142857142857
38.36666666666667
38.36666666666667
39.074999999999996
39.074999999999996
39.0
38.371428571428574
39.35
38.642857142857146
39.233333333333334
38.480000000000004
38.480000000000004
39.099999999999994
38.51428571428571
38.51428571428571
38.51428571428571
38.766666666666666
38.766666666666666
39.5
39.03333333333333
38.82857142857143
38.333333333333336
39.5
38.6
38.6
39.8
38.5
39.0
39.0
39.0
39.0
39.0
39.0
38.925
38.86666666666667
39.11666666666667
38.51428571428572
39.35
37.8
37.8
38.650000000000006
38.650000000000006
38.3
38.75
38.75
39.7
38.46
38.46
38.46
38.4
38.714285714285715
38.43333333333334
39.0
39.0
38.96666666666667
38.5
38.5
39.3
39.3
39.3
38.32
39.03333333333333
38.333333333333336
38.983333333333334
38.34285714285714
38.949999999999996
38.949999999999996
38.5
39.114285714285714
38.266666666666666
38.9
38.6
39.9
39.9
38.13333333333333
39.58
38.48571428571428
39.38
38.1
38.1
38.9
38.4
39.06666666666667
38.18
38.94285714285714
38.550000000000004
38.766666666666666
38.48333333333333
38.46666666666666
38.96666666666667
38.96666666666667
39.1
37.96666666666667
39.15
38.2
38.800000000000004
38.199999999999996
38.8
38.8
38.75
38.75
38.4
38.983333333333334
38.5
38.5
39.7
39.7
37.7
38.766666666666666
38.46666666666667
37.6
37.6
37.6
37.6
37.6
37.6
37.6
38.46
39.06666666666667
38.285714285714285
38.82857142857143
38.300000000000004
38.642857142857146
38.63333333333333
38.15714285714286
39.285714285714285
38.28333333333333
38.475
38.475
38.475
38.475
38.475
38.475
38.475
37.8
38.92
38.150000000000006
38.150000000000006
38.75
38.65
38.6
38.53333333333333
39.1
38.3
39.18571428571429
39.0
38.62
39.114285714285714
38.285714285714285
39.3
38.425
38.425
39.475
38.483333333333334
38.81428571428571
38.8
38.9
38.82857142857143
39.5
39.5
38.300000000000004
39.28333333333334
38.357142857142854
38.8
38.81666666666666
39.2
39.2
39.2
39.2
39.8
38.75
38.75
38.0
39.1
38.333333333333336
38.333333333333336
37.8
37.8
37.8
38.12
39.62
39.62
37.8
38.94
38.9
38.9
38.220000000000006
38.95
38.36666666666667
39.1
38.4
38.84285714285714
38.84285714285714
38.84285714285714
37.7
37.7
37.7
37.7
39.5
39.1
38.13333333333333
38.416666666666664
38.63333333333333
38.214285714285715
39.300000000000004
39.300000000000004
39.300000000000004
38.6
38.733333333333334
38.416666666666664
38.642857142857146
38.12
37.4
37.4
39.1
38.457142857142856
38.949999999999996
37.949999999999996
37.9
37.9
38.559999999999995
38.53333333333333
38.25714285714286
38.325
38.325
39.0
38.18571428571429
38.96666666666666
38.96666666666666
38.96666666666666
38.449999999999996
38.36666666666667
38.9
38.06666666666667
38.06666666666667
38.7
39.4
39.4
37.9
38.800000000000004
38.800000000000004
38.6
38.15714285714286
39.150000000000006
39.150000000000006
38.2
38.68571428571429
38.214285714285715
39.0
39.8
39.8
37.96666666666667
39.46666666666667
38.32857142857143
39.46666666666667
37.91428571428572
39.199999999999996
38.11666666666667
39.18571428571429
37.949999999999996
38.76666666666667
38.050000000000004
38.93333333333334
38.5
38.51428571428572
38.9
38.7
39.1
39.1
39.9
38.05714285714286
38.05714285714286
38.05714285714286
39.46666666666667
39.46666666666667
37.8
38.85
38.457142857142856
39.333333333333336
38.08
38.08
39.9
39.9
39.9
38.0
38.0
38.45
38.45
38.45
38.71666666666667
38.949999999999996
38.385714285714286
38.9
38.214285714285715
39.128571428571426
39.23333333333333
38.17142857142857
39.23333333333333
38.271428571428565
39.271428571428565
38.042857142857144
39.0
38.516666666666666
39.15
38.528571428571425
39.01666666666667
38.67142857142857
38.65
38.55714285714286
38.660000000000004
39.285714285714285
38.228571428571435
38.85
38.5
38.5
38.5
39.3
38.2
38.2
39.6
38.714285714285715
38.51666666666667
38.65
38.65
38.65
39.38333333333333
39.38333333333333
39.38333333333333
39.03333333333334
38.2
38.2
39.2
39.2
39.2
38.51666666666667
39.300000000000004
38.07142857142857
39.185714285714276
38.25714285714285
39.0
38.46666666666667
38.53333333333333
38.78333333333333
38.13333333333333
38.8
38.8
39.3
38.35
38.35
38.35
38.86666666666667
38.614285714285714
38.833333333333336
38.86666666666667
38.86666666666667
39.2
38.18333333333334
38.857142857142854
37.86666666666667
39.057142857142864
38.300000000000004
39.1
38.771428571428565
38.449999999999996
38.800000000000004
38.660000000000004
39.15714285714285
38.266666666666666
39.0
38.56666666666666
39.35
38.214285714285715
38.63333333333333
38.63333333333333
39.275000000000006
38.166666666666664
38.766666666666666
37.94285714285714
39.27142857142858
38.25
38.25
38.25
38.25
38.95
38.471428571428575
39.1
38.15
38.68333333333334
37.9
39.2
38.15714285714286
39.042857142857144
38.38
38.38
39.1
38.199999999999996
38.666666666666664
38.63333333333333
38.9
39.15
38.32857142857143
37.9
37.9
39.1
38.44285714285714
39.46666666666667
39.46666666666667
37.925
39.075
39.075
38.7
37.6
37.6
39.125
38.199999999999996
39.266666666666666
38.114285714285714
38.86666666666667
38.51428571428572
38.385714285714286
38.43333333333333
38.43333333333333
39.125
38.15
38.71666666666667
38.5
38.5
39.3
37.96666666666667
38.0
38.833333333333336
38.028571428571425
38.85
38.016666666666666
39.042857142857144
38.1
38.1
38.85
39.040000000000006
39.028571428571425
38.233333333333334
38.84285714285714
38.55
39.0
38.48571428571428
39.199999999999996
38.0
39.260000000000005
38.300000000000004
38.800000000000004
38.271428571428565
38.6
37.81428571428571
38.300000000000004
39.199999999999996
38.0
38.983333333333334
37.5
37.5
38.7
38.15
38.871428571428574
38.05714285714286
39.266666666666666
37.98571428571428
38.01428571428572
38.74285714285714
38.459999999999994
38.771428571428565
38.371428571428574
39.057142857142864
38.2
38.2
39.25
38.214285714285715
38.43333333333334
38.333333333333336
38.55
38.785714285714285
38.1
38.9
37.6
37.6
39.040000000000006
38.019999999999996
38.51428571428572
38.82000000000001
38.56666666666666
38.86666666666667
38.4
38.766666666666666
38.77142857142858
38.34285714285715
38.56666666666667
38.56666666666667
38.4
38.457142857142856
38.32
38.68333333333333
38.24285714285714
39.26666666666667
38.199999999999996
39.050000000000004
38.74285714285714
38.43333333333334
38.114285714285714
38.41428571428572
39.7
39.7
39.7
38.9
38.97142857142857
38.35
38.2
39.016666666666666
38.0
39.3
39.3
38.150000000000006
38.8
38.8
37.8
39.08571428571429
38.2
39.8
39.23333333333333
38.6
39.03333333333333
38.771428571428565
38.5
38.725
38.725
38.4
38.4
38.199999999999996
39.06666666666666
38.35
39.1
38.614285714285714
38.67142857142857
39.114285714285714
38.375
39.300000000000004
38.15
38.8
38.53333333333333
38.82857142857143
39.15
38.28333333333333
39.3
38.34285714285714
39.1
38.25
39.13333333333333
38.85
38.385714285714286
38.699999999999996
38.15714285714286
39.25
38.31428571428571
38.833333333333336
38.06666666666667
39.114285714285714
38.98571428571428
38.72
39.31666666666667
38.68
38.925
38.925
38.925
38.8
38.800000000000004
38.71666666666667
38.56666666666667
38.871428571428574
38.71666666666667
38.300000000000004
38.98
39.15
39.15
39.15
38.5
38.550000000000004
38.96666666666667
39.32857142857143
38.300000000000004
38.300000000000004
39.8
38.91428571428571
38.91428571428571
38.91428571428571
39.1
38.88333333333333
39.01666666666667
38.56666666666667
38.56666666666667
38.56666666666667
38.15
38.65
39.1
38.628571428571426
39.24285714285714
38.3
39.5
38.333333333333336
38.833333333333336
39.128571428571426
38.43333333333334
39.22
38.3
39.34285714285714
38.0
38.0
39.519999999999996
38.53333333333333
37.8
37.8
38.239999999999995
38.9
38.45
38.9
38.483333333333334
38.31428571428571
38.85
38.85
38.46666666666667
39.114285714285714
38.13333333333333
39.199999999999996
38.5
38.5
39.3
39.3
37.8
39.075
39.075
38.7
38.56666666666666
38.84285714285714
39.0
38.54
38.54
39.5
38.166666666666664
38.8
38.0
38.0
38.0
38.55
38.55
39.13333333333333
38.48
38.48
39.9
38.26666666666667
39.06666666666667
38.333333333333336
38.85
39.03333333333333
38.516666666666666
38.4
38.4
38.900000000000006
38.61666666666667
39.0
39.0
39.0
39.0
39.4
39.1
39.1
38.916666666666664
39.214285714285715
38.25714285714286
38.949999999999996
38.28333333333333
39.18571428571429
38.4
38.43333333333333
38.9
38.65
38.760000000000005
38.760000000000005
39.6
38.7
38.9
38.542857142857144
38.67142857142857
38.916666666666664
39.199999999999996
38.48571428571428
39.166666666666664
38.199999999999996
39.0
38.63333333333333
38.56666666666667
39.02857142857143
38.3
38.800000000000004
38.800000000000004
37.9
39.12857142857143
38.36666666666667
39.0
38.9
38.56666666666667
39.25
38.614285714285714
39.7
39.7
39.7
39.166666666666664
38.88
38.714285714285715
39.7
39.7
38.82000000000001
37.8
37.8
39.519999999999996
38.1
38.1
39.5
38.660000000000004
38.660000000000004
38.660000000000004
39.166666666666664
38.457142857142856
39.142857142857146
39.35
38.385714285714286
39.266666666666666
38.25
39.166666666666664
38.5
38.5
39.45
39.4
39.4
38.14
38.214285714285715
38.699999999999996
38.5
39.6
38.471428571428575
38.5
39.24285714285714
38.31666666666666
39.114285714285714
38.65714285714285
38.333333333333336
39.142857142857146
38.51428571428572
39.42
39.42
38.4
39.25
37.94285714285714
38.68333333333333
37.93333333333333
38.699999999999996
38.42
38.385714285714286
38.9
37.885714285714286
39.6
39.6
39.6
39.0
38.357142857142854
38.56666666666667
38.800000000000004
38.199999999999996
38.75
38.75
38.75
39.160000000000004
38.385714285714286
38.96666666666666
38.4
38.4
38.75
38.28333333333333
38.9
38.275
38.275
39.06666666666667
38.333333333333336
38.81428571428571
38.61666666666667
38.32857142857143
38.7
38.7
38.666666666666664
38.9
38.550000000000004
39.214285714285715
38.25714285714286
39.2
39.2
39.2
39.2
37.8
37.8
39.6
39.6
39.6
39.6
39.6
38.95
38.08
38.08
39.5
38.7
38.7
39.0
38.24285714285714
39.6
39.6
38.4
37.9
37.9
38.0
38.8
38.8
39.025
38.2
39.01428571428572
38.55
38.55
38.84
38.150000000000006
38.150000000000006
39.8
38.825
38.825
37.9
39.3
39.3
37.9
39.042857142857144
38.42
38.42
39.8
39.8
39.8
38.540000000000006
38.540000000000006
38.7
38.91428571428571
39.2
39.2
39.11666666666667
38.471428571428575
38.58
38.650000000000006
38.650000000000006
38.5
38.6
38.6
39.6
38.25714285714286
38.5
38.68333333333333
38.3
39.0
38.67142857142857
38.86666666666667
38.94285714285714
38.3
38.3
39.475
38.8
38.8
38.53333333333333
39.300000000000004
39.300000000000004
37.9
38.849999999999994
38.849999999999994
38.3
38.3
38.45
38.45
39.0
38.5
39.266666666666666
39.266666666666666
38.475
39.0
38.300000000000004
39.05
38.28
38.9
39.214285714285715
38.333333333333336
39.25
39.25
39.25
39.25
37.8
39.357142857142854
38.5
38.68333333333334
38.5
38.628571428571426
39.17142857142857
38.43333333333333
39.2
39.2
38.8
39.14
39.14
37.3
38.36666666666667
38.36666666666667
38.36666666666667
38.88
38.43333333333333
38.74285714285715
38.32857142857143
38.8
38.8
38.82000000000001
38.84285714285715
38.25
39.266666666666666
38.76666666666667
38.76666666666667
38.8
38.61666666666667
38.98571428571428
38.55
38.3
38.3
38.96
38.6
39.2
39.2
37.8
39.25714285714286
38.6
38.6
38.6
38.771428571428565
38.03333333333334
38.98
38.98
38.2
39.0
39.0
38.766666666666666
38.56
38.56
39.8
38.48333333333333
38.857142857142854
38.279999999999994
39.199999999999996
38.542857142857144
38.86666666666667
37.7
37.7
39.474999999999994
38.03333333333333
39.300000000000004
37.9
37.9
39.45
39.3
39.3
38.22
38.22
38.22
38.22
38.22
38.22
38.0
38.86666666666667
38.86666666666667
38.86666666666667
38.65
38.27142857142858
38.983333333333334
38.083333333333336
39.22857142857142
38.36666666666667
38.519999999999996
39.1
38.07142857142857
39.300000000000004
38.36666666666667
38.36666666666667
39.8
38.38
38.38
38.38
39.1
38.98571428571428
38.733333333333334
39.083333333333336
38.6
38.766666666666666
38.85
39.2
38.075
38.075
39.5
38.4
39.028571428571425
39.0
38.314285714285724
39.13333333333333
38.5
38.5
39.300000000000004
38.5
38.5
38.9
38.379999999999995
39.4
39.4
38.050000000000004
38.983333333333334
37.9
37.9
37.9
37.9
38.9
38.6
38.2875
38.96666666666666
38.325
38.325
39.7
38.5
38.65714285714286
38.2
39.075
39.075
38.7
39.0
38.38333333333333
39.028571428571425
38.34285714285714
39.43333333333333
39.43333333333333
38.325
38.771428571428565
38.53333333333333
38.53333333333333
37.6
37.6
39.1
38.371428571428574
39.06666666666666
38.65
38.825
38.825
38.93333333333333
38.12
38.12
38.5
38.2
39.028571428571425
38.75
38.78333333333333
40.0
40.0
39.050000000000004
39.03333333333333
38.75
39.028571428571425
39.028571428571425
39.028571428571425
39.271428571428565
38.35
39.12
39.12
38.2
38.800000000000004
38.800000000000004
39.36666666666667
38.85
38.85
39.6
38.57142857142857
39.3
37.9
37.9
39.55
38.32000000000001
39.58571428571428
38.375
38.375
38.9
38.74285714285714
39.32857142857143
38.75714285714285
39.233333333333334
38.25
39.31428571428571
38.56666666666667
38.56666666666667
40.0
38.65
39.58
38.214285714285715
39.1
39.1
39.1
38.699999999999996
38.699999999999996
39.05
38.9
38.800000000000004
39.07142857142857
38.53333333333334
39.214285714285715
38.0
38.0
39.42
38.53333333333333
39.0
38.67142857142857
38.96666666666667
38.92857142857143
38.25714285714286
39.58
38.46
38.46
38.46
38.642857142857146
39.06666666666667
39.06666666666667
39.06666666666667
38.98
38.98
38.349999999999994
38.76
38.766666666666666
40.0
40.0
39.220000000000006
38.44285714285714
38.94285714285714
38.8
38.3
38.599999999999994
38.599999999999994
39.08
37.6
37.6
38.82000000000001
38.64
38.739999999999995
38.739999999999995
37.7
38.2
38.957142857142856
38.1
38.1
38.2
38.2
39.4
38.24
39.425
39.425
37.9
38.949999999999996
38.15
38.15
38.22
38.8
38.8
37.5
39.03333333333333
38.06666666666667
39.1
37.4
37.4
38.0
38.0
38.0
38.325
39.1
38.4
38.4
38.03333333333333
38.5
38.2
38.2
38.8
38.2
38.67142857142857
38.199999999999996
38.199999999999996
39.6
38.2
39.339999999999996
38.528571428571425
38.9
38.333333333333336
38.51666666666667
39.1625
38.300000000000004
38.300000000000004
38.35
38.35
38.35
37.9
37.9
39.45
39.45
39.2
39.2
39.2
39.2
38.4
38.62
38.416666666666664
39.08
39.08
38.1
38.24285714285714
38.75
38.75
38.75
38.75
39.6
38.9
37.7
37.7
38.75
38.75
38.7
37.96666666666667
37.96666666666667
39.3
38.48571428571428
38.78333333333333
38.06666666666667
39.1
39.1
39.1
39.2
38.1
39.300000000000004
38.13333333333333
39.1
38.4
38.4
38.4
38.4
39.4
38.300000000000004
39.019999999999996
38.23333333333333
39.01428571428572
38.32857142857143
38.75
38.3
38.3
39.0
38.0
38.0
38.0
38.1
38.75
38.357142857142854
38.93333333333334
38.457142857142856
38.6
38.8
38.8
38.45
38.27142857142858
38.9
37.9
37.9
39.0
39.0
38.400000000000006
38.43333333333333
38.17142857142857
39.4
39.4
38.44
38.528571428571425
38.9
38.9
37.9
39.849999999999994
39.849999999999994
39.849999999999994
38.5
38.199999999999996
39.8
39.8
39.13333333333333
38.68333333333333
38.68333333333333
38.4
38.1
38.1
39.8
38.699999999999996
38.971428571428575
38.2
38.2
38.900000000000006
38.71666666666667
38.519999999999996
38.519999999999996
37.6
38.4
38.5
38.44
38.44
39.0
38.4
38.457142857142856
38.84285714285714
38.06666666666666
39.0
38.78333333333333
38.771428571428565
38.9
38.31666666666666
38.31666666666666
39.2
38.266666666666666
38.699999999999996
38.699999999999996
38.699999999999996
38.5
39.1
39.1
38.650000000000006
38.650000000000006
38.650000000000006
38.6
38.72857142857142
38.239999999999995
38.9
38.166666666666664
38.44
38.86666666666667
38.67142857142857
38.58
39.28333333333333
38.266666666666666
38.266666666666666
39.199999999999996
38.871428571428574
39.23333333333333
38.4
38.4
38.4
39.199999999999996
38.65
38.61666666666667
38.61666666666667
38.53333333333333
39.15714285714286
38.35
39.32857142857143
38.3
39.34285714285714
38.36666666666667
38.833333333333336
38.728571428571435
39.1
39.1
38.199999999999996
38.51666666666667
38.949999999999996
38.15
39.15714285714286
38.333333333333336
39.4
38.35
38.35
39.2
38.699999999999996
38.614285714285714
38.416666666666664
39.2
39.2
39.2
38.285714285714285
39.08
38.557142857142864
38.46
37.825
37.825
39.8
38.43333333333333
38.81428571428571
37.96
39.05714285714286
38.21666666666667
38.78333333333333
38.0
38.0
38.63333333333333
39.339999999999996
38.1
39.2
38.516666666666666
39.028571428571425
38.65
38.53333333333333
38.699999999999996
38.660000000000004
39.13333333333333
38.199999999999996
39.128571428571426
38.1
38.1
38.1
38.31428571428571
38.8
38.8
38.900000000000006
38.371428571428574
38.371428571428574
39.6
38.1
38.833333333333336
37.85
38.885714285714286
37.93333333333333
37.93333333333333
39.275
38.25
38.88333333333333
38.628571428571426
39.25
38.300000000000004
38.849999999999994
38.849999999999994
38.849999999999994
38.88
39.13333333333333
39.13333333333333
37.7
38.86666666666667
38.13333333333333
38.81428571428571
37.85
38.71666666666667
38.0
38.0
38.8
38.425
38.425
38.5
39.8
39.8
38.333333333333336
39.25
38.3
39.1
38.65714285714286
39.15
38.92857142857143
38.550000000000004
39.36666666666667
38.3
38.3
38.86666666666667
38.785714285714285
38.785714285714285
38.785714285714285
38.785714285714285
38.650000000000006
38.6
38.6
38.67142857142857
38.733333333333334
39.128571428571426
38.25
39.4
39.4
39.4
39.0
38.4
39.34285714285714
38.48571428571428
38.839999999999996
38.916666666666664
38.771428571428565
39.099999999999994
39.099999999999994
39.099999999999994
39.4
38.766666666666666
38.766666666666666
38.86666666666667
38.86666666666667
38.86666666666667
38.55
39.18333333333333
39.18571428571429
38.55714285714286
39.4
38.660000000000004
38.660000000000004
40.0
38.5
38.5
39.12
38.6
39.0
38.642857142857146
39.2
38.76666666666667
39.7
39.7
38.900000000000006
38.900000000000006
39.5
38.785714285714285
39.48333333333333
38.65
38.65
39.7
39.266666666666666
39.08571428571429
38.785714285714285
39.1
38.65714285714286
39.550000000000004
38.728571428571435
39.06666666666666
39.06666666666666
39.06666666666666
39.666666666666664
39.666666666666664
38.0
38.839999999999996
39.142857142857146
38.94
38.949999999999996
39.449999999999996
38.48571428571428
38.48571428571428
38.48571428571428
38.48571428571428
38.48571428571428
38.0
38.0
39.05
39.05
39.05
39.05
39.2
39.2
39.160000000000004
38.771428571428565
38.4
38.699999999999996
38.41428571428571
38.93333333333333
38.93333333333333
38.833333333333336
38.642857142857146
38.68571428571429
39.53333333333333
38.35
39.728571428571435
38.98571428571429
39.775
39.775
38.3
39.0
39.1
39.1
39.199999999999996
38.57142857142857
39.28333333333334
38.55
38.55
39.5
38.62
39.271428571428565
38.9
38.9
38.699999999999996
39.528571428571425
38.300000000000004
39.5
38.166666666666664
39.25714285714286
38.38
39.1
38.68571428571429
38.75
39.01666666666667
38.85
39.228571428571435
38.53333333333333
39.15
38.1
38.1
38.7
39.2
38.0
38.0
38.0
38.0
39.15
38.542857142857144
39.228571428571435
38.5
38.5
39.625
39.625
38.2
38.9
39.3
39.3
39.3
39.28333333333334
38.733333333333334
39.9
39.666666666666664
38.86666666666667
39.475
39.475
38.4
39.214285714285715
39.214285714285715
39.214285714285715
38.519999999999996
39.3
39.3
39.26
39.26
39.26
39.26
39.1
39.6
38.86666666666667
38.779999999999994
39.58
38.766666666666666
39.375
39.375
38.6
39.41428571428571
39.41428571428571
39.41428571428571
38.7
39.416666666666664
38.75714285714286
39.9
39.53333333333333
39.1
39.1
38.6
39.56666666666667
39.016666666666666
39.42
39.42
39.42
39.42
39.02
39.5
38.93333333333333
39.13333333333333
39.13333333333333
38.7
39.35
38.875
38.875
40.1
38.885714285714286
39.31666666666666
38.983333333333334
39.625
39.625
38.86666666666667
38.86666666666667
39.8
38.6
40.1
39.449999999999996
38.9
39.725
39.725
38.650000000000006
39.266666666666666
39.275000000000006
39.275000000000006
40.0
39.31666666666666
38.0
38.0
39.8
39.8
39.8
38.96666666666667
39.083333333333336
39.15714285714286
38.56666666666667
39.42857142857143
38.660000000000004
39.5
38.36
38.73333333333333
40.150000000000006
40.150000000000006
38.6
39.74285714285715
39.550000000000004
39.5
38.75
38.75
38.75
38.699999999999996
39.266666666666666
38.76666666666667
39.08571428571429
39.25
39.5
39.5
39.275000000000006
39.125
39.125
38.0
39.27142857142858
38.6
39.18571428571429
39.050000000000004
38.8
38.8
39.3
39.4
38.24
38.24
38.24
38.24
39.6
38.93333333333334
39.3
39.214285714285715
38.93333333333334
39.78333333333333
38.55714285714286
39.86666666666667
39.08571428571429
39.21666666666667
38.675000000000004
38.675000000000004
38.675000000000004
38.675000000000004
38.675000000000004
40.1
38.8
38.8
38.44
39.0
38.76666666666667
38.76666666666667
39.9
38.3
40.1
40.1
38.675000000000004
38.5
38.5
39.88333333333333
39.25
39.82000000000001
39.82000000000001
38.3
38.75
38.75
39.3
38.614285714285714
39.699999999999996
38.5
39.51428571428572
38.55714285714286
39.699999999999996
38.2
39.142857142857146
38.81428571428571
39.15
39.06666666666667
39.06666666666667
39.733333333333334
38.46666666666666
38.08
37.28333333333334
38.4
37.25
38.36666666666667
38.36666666666667
38.36666666666667
38.36666666666667
37.275
37.275
36.9
38.08571428571429
37.550000000000004
38.26666666666667
37.519999999999996
37.885714285714286
38.128571428571426
37.43333333333334
38.239999999999995
37.18
38.1
38.0
38.375
38.375
37.7
38.36666666666667
37.25
38.7
38.7
37.150000000000006
37.150000000000006
37.475
38.15
37.233333333333334
38.01428571428572
37.583333333333336
37.86666666666667
37.84285714285714
36.9
37.957142857142856
36.92
38.1
37.81428571428571
37.628571428571426
38.15
37.300000000000004
38.285714285714285
37.57142857142857
37.699999999999996
37.800000000000004
37.75714285714286
37.642857142857146
37.03333333333333
38.06666666666667
38.06666666666667
38.06666666666667
37.96666666666667
37.6
38.285714285714285
37.32857142857142
38.35
36.95
36.95
36.95
36.8
38.220000000000006
38.220000000000006
37.599999999999994
37.6
37.6
38.2
37.56666666666666
37.56666666666666
36.8
36.8
36.8
37.65
37.65
37.65
38.05
38.34285714285714
37.785714285714285
37.699999999999996
37.36666666666667
38.9
38.9
37.44
38.31428571428571
37.3
38.42
38.42
37.85
37.45
37.45
38.0
37.260000000000005
38.35
37.4625
38.04
38.04
38.04
38.042857142857144
37.7
37.7
37.56666666666666
38.15
38.15
36.8
38.35
37.81666666666667
38.17142857142857
38.17142857142857
38.17142857142857
38.32857142857142
37.58571428571429
38.5
37.51428571428572
38.142857142857146
37.46666666666667
38.25
38.04285714285714
37.55714285714286
38.166666666666664
37.4
38.142857142857146
37.5
38.528571428571425
37.03333333333333
37.03333333333333
37.599999999999994
37.75
38.1
37.46666666666666
38.03333333333333
37.6
38.4
38.4
38.4
37.12
37.3
37.3
38.019999999999996
37.699999999999996
37.699999999999996
38.22
37.542857142857144
38.199999999999996
37.55714285714286
38.349999999999994
38.349999999999994
37.575
37.65714285714286
37.800000000000004
37.800000000000004
37.800000000000004
38.35
37.51666666666667
38.55
38.55
37.7
38.35
37.459999999999994
38.3
37.65714285714285
37.8
37.8
37.959999999999994
37.75
38.43333333333334
38.43333333333334
38.43333333333334
37.1
37.1
37.1
37.2
38.371428571428574
37.43333333333333
38.300000000000004
37.18
38.739999999999995
37.34285714285714
38.1
37.43333333333333
38.55
38.55
37.875
37.5
39.1
39.1
39.1
39.1
37.63333333333333
38.442857142857136
37.3
38.43333333333333
38.43333333333333
37.4
37.9
38.239999999999995
38.0
37.84285714285714
37.84285714285714
37.84285714285714
37.68333333333333
38.4
38.199999999999996
37.800000000000004
38.31666666666667
37.457142857142856
38.43333333333334
37.63333333333333
38.56666666666667
37.6
37.6
38.13333333333333
38.75
38.75
38.75
38.8
38.0
38.0
38.0
38.166666666666664
37.56666666666667
38.5
37.542857142857144
37.65
38.1
38.1
38.1
37.85
37.85
37.8
38.300000000000004
37.35
37.35
38.32
37.43333333333334
38.142857142857146
37.46666666666667
38.7
38.7
37.4
38.3
37.4
38.5
37.871428571428574
38.166666666666664
37.0
37.0
38.28333333333333
37.46666666666666
39.0
39.0
39.0
38.6
37.35
38.46666666666667
37.38
38.4
37.857142857142854
38.21666666666667
37.714285714285715
37.53333333333333
38.5
37.85
38.6
38.6
38.300000000000004
37.542857142857144
37.542857142857144
37.542857142857144
38.0
37.324999999999996
37.324999999999996
39.0
37.44
38.24285714285714
37.48571428571428
38.2
38.2
38.8
38.55
37.885714285714286
37.9
37.379999999999995
37.379999999999995
38.1
38.040000000000006
37.9
37.971428571428575
38.56
37.300000000000004
38.339999999999996
37.699999999999996
38.1
37.92857142857143
38.13333333333333
38.46666666666666
37.3
38.128571428571426
38.128571428571426
38.128571428571426
37.6
37.8
38.5
37.449999999999996
38.76666666666667
37.9
37.9
38.18
38.1
38.1
38.1
37.95
37.95
37.9
37.6
37.6
38.0
38.0
38.0
38.15
38.48571428571428
37.68333333333333
38.128571428571426
37.542857142857144
38.8
38.8
36.9
37.56666666666666
38.08571428571429
37.92
37.9
37.85
37.385714285714286
37.385714285714286
37.385714285714286
38.457142857142856
37.166666666666664
38.7
37.1
38.15
37.24285714285715
37.68333333333333
37.5
37.9
37.92
37.67142857142857
37.75
37.76666666666667
37.58571428571429
37.82
37.82
37.82
37.357142857142854
37.23333333333333
37.199999999999996
37.550000000000004
37.550000000000004
37.0
37.083333333333336
37.839999999999996
37.42857142857143
37.56666666666667
37.67142857142857
37.050000000000004
37.98571428571428
37.233333333333334
38.142857142857146
36.650000000000006
36.650000000000006
37.025
37.233333333333334
38.260000000000005
37.25
37.25
37.5
37.95
37.93333333333333
38.0
38.0
37.275
37.275
37.275
38.03333333333333
38.03333333333333
38.03333333333333
37.6
38.7
38.7
38.7
38.5
36.93333333333334
38.300000000000004
37.36666666666667
38.199999999999996
37.42857142857143
38.75
38.75
38.75
38.75
37.8
37.68333333333333
37.516666666666666
37.75
37.75
37.6
37.36666666666667
37.93333333333334
37.24
37.457142857142856
38.12
37.13333333333333
38.1
36.8
36.8
37.4
37.35
37.4
37.4
38.3
37.175
37.175
37.7
37.7
38.5
37.199999999999996
38.239999999999995
36.9
36.9
37.833333333333336
37.766666666666666
37.714285714285715
37.34285714285714
38.166666666666664
38.166666666666664
37.7
37.48571428571429
38.0
37.2
37.5
37.766666666666666
37.714285714285715
37.7
37.7
37.8
37.06666666666667
38.220000000000006
37.26666666666667
37.92
37.74285714285714
37.3
37.8
37.8
37.36666666666667
37.7
37.371428571428574
37.949999999999996
37.41428571428572
38.050000000000004
37.13333333333333
37.814285714285724
36.7
36.7
38.040000000000006
37.150000000000006
37.150000000000006
37.150000000000006
37.150000000000006
37.65
37.6
37.528571428571425
38.166666666666664
37.46
37.957142857142856
37.714285714285715
37.13333333333333
37.86666666666667
37.24285714285714
38.0
37.785714285714285
37.260000000000005
38.2
37.4
37.900000000000006
37.900000000000006
37.2
37.95
37.449999999999996
37.3
38.028571428571425
37.23333333333333
37.96666666666666
37.6
37.6
36.84
37.214285714285715
37.95
37.95
37.099999999999994
36.8
36.8
37.900000000000006
37.63333333333333
37.471428571428575
37.75
37.28
37.699999999999996
37.32857142857143
37.95
37.95
37.6
37.63333333333333
37.63333333333333
37.333333333333336
37.333333333333336
37.333333333333336
37.42857142857143
38.0
37.15
37.714285714285715
37.239999999999995
37.239999999999995
37.239999999999995
37.3
37.3
37.1
37.31428571428571
37.53333333333333
37.885714285714286
37.17142857142857
37.75
37.628571428571426
37.028571428571425
38.08
38.08
36.8
37.6
37.6
37.56666666666667
37.56666666666667
37.56666666666667
37.56666666666667
37.56666666666667
36.7
38.040000000000006
37.51428571428572
37.5
37.0
37.0
38.1
37.44
37.766666666666666
37.416666666666664
37.771428571428565
37.26666666666667
37.56666666666666
38.28
37.1
38.06
37.96666666666667
37.239999999999995
38.25
37.519999999999996
37.75714285714286
37.800000000000004
37.32857142857143
38.06
37.35
38.2
37.4
37.85
38.114285714285714
37.1
38.22857142857142
37.17142857142857
38.07142857142857
37.71666666666667
37.55
37.55
37.1
38.160000000000004
37.36666666666667
38.0
37.42857142857143
37.53333333333333
37.871428571428574
37.07142857142857
38.128571428571426
37.166666666666664
37.75714285714286
37.5
38.1
37.25714285714286
37.666666666666664
37.971428571428575
37.285714285714285
38.233333333333334
36.93333333333334
38.25
37.471428571428575
38.266666666666666
37.01428571428572
38.1
37.36666666666667
38.1
37.300000000000004
37.4125
37.85
37.95
37.95
36.8
38.016666666666666
36.96666666666666
38.266666666666666
38.266666666666666
37.2
37.4
37.449999999999996
37.88333333333333
38.2
38.2
37.575
37.9
37.9
37.199999999999996
37.85
37.85
37.733333333333334
37.13333333333333
36.957142857142856
37.980000000000004
37.528571428571425
37.75
37.271428571428565
37.8
37.8
37.8
36.86
37.766666666666666
37.4
37.85
37.5
37.471428571428575
36.8
37.22857142857142
38.300000000000004
36.9
37.31428571428571
37.1
38.13333333333333
37.5
37.766666666666666
37.371428571428574
37.916666666666664
37.833333333333336
37.24285714285714
37.5
37.042857142857144
38.3
38.3
38.3
37.67142857142857
37.35
37.949999999999996
37.266666666666666
38.042857142857144
37.25714285714286
38.18
37.471428571428575
37.800000000000004
37.300000000000004
37.660000000000004
37.56666666666667
37.28333333333333
38.114285714285714
37.4
38.114285714285714
37.18
38.15
37.275
38.0
38.050000000000004
37.07142857142857
38.199999999999996
37.43333333333333
38.199999999999996
37.08
37.08
38.7
37.75714285714286
37.6
37.7
37.760000000000005
37.4
37.8
37.228571428571435
38.166666666666664
37.271428571428565
38.1
37.01666666666667
37.65
36.7
37.699999999999996
38.0
37.300000000000004
38.15
37.01428571428572
38.15
37.06666666666667
38.25
37.4
37.98333333333333
37.98333333333333
36.9
38.4
37.65
37.8
37.8
38.0
37.76666666666667
38.46666666666667
37.4
38.2
37.457142857142856
38.449999999999996
37.36
38.53333333333334
38.53333333333334
37.775
38.56666666666667
37.516666666666666
37.82
37.53333333333333
38.36
37.166666666666664
37.983333333333334
37.25
39.0
37.800000000000004
38.228571428571435
37.800000000000004
37.72
37.72
38.4
38.5
37.300000000000004
37.7
37.7
37.43333333333334
37.96666666666667
37.5
37.5
37.5
38.574999999999996
38.1
38.300000000000004
37.9
38.4
38.4
37.175
38.199999999999996
37.56
37.56
36.9
38.471428571428575
37.728571428571435
38.5
38.35
38.35
38.25
38.0
38.46
37.42
37.0
37.0
38.0
37.949999999999996
37.766666666666666
38.36666666666667
37.46666666666667
38.08571428571429
37.36666666666667
38.519999999999996
37.45
38.1
38.1
37.68
38.480000000000004
37.6
38.266666666666666
37.6
39.0
38.333333333333336
38.720000000000006
38.114285714285714
37.9
37.766666666666666
37.3
37.3
38.4
37.300000000000004
37.300000000000004
38.3
39.1
39.1
37.35
38.28333333333333
37.36666666666667
38.48571428571428
37.1
37.75714285714286
37.88
38.15714285714285
37.73333333333333
37.6
38.25
38.25
38.9
38.9
38.9
38.9
38.9
37.9
37.56
37.56
38.8
37.55
38.36666666666667
37.260000000000005
38.3
37.43333333333333
38.4
38.4
37.175
38.3
37.266666666666666
38.45
37.279999999999994
38.214285714285715
37.13333333333333
38.519999999999996
37.3
38.357142857142854
37.18571428571429
38.6
37.61666666666667
38.28333333333333
37.25
37.857142857142854
37.71666666666667
38.019999999999996
37.160000000000004
37.160000000000004
37.160000000000004
37.160000000000004
38.333333333333336
38.1
38.1
36.8
38.52
38.52
36.8
37.266666666666666
38.25714285714286
37.56666666666667
37.75
38.1
37.42857142857143
38.17142857142857
37.300000000000004
38.300000000000004
37.1
37.471428571428575
37.471428571428575
37.471428571428575
38.17142857142857
37.5
37.4
37.4
37.4
37.4
37.4
37.4
37.4
38.25714285714286
37.3
37.3
38.55
37.15
38.32
37.371428571428574
38.26666666666667
36.9
36.9
36.9
36.9
36.9
36.9
37.0
37.266666666666666
37.949999999999996
37.93333333333334
37.300000000000004
37.2
37.2
37.7
37.7
37.7
38.050000000000004
37.08571428571429
37.733333333333334
37.333333333333336
37.949999999999996
37.949999999999996
36.7
37.8
37.300000000000004
37.75
37.583333333333336
37.65
37.98571428571428
37.5
38.36666666666667
37.5
38.150000000000006
38.150000000000006
36.9
37.91428571428571
37.550000000000004
38.05714285714286
37.13333333333333
38.057142857142864
37.46666666666667
37.6
38.01428571428572
37.199999999999996
38.0
36.96666666666667
38.18571428571429
37.36666666666667
37.800000000000004
37.4
37.9
37.81428571428571
38.6
38.6
37.019999999999996
38.26666666666667
37.18333333333334
37.9
37.5
37.6
37.1
37.1
38.4
37.333333333333336
37.96666666666666
37.15
38.06666666666666
37.55714285714286
37.8
37.72
37.771428571428565
38.25714285714286
37.199999999999996
38.12857142857143
37.35
38.17142857142857
37.0
38.14
37.31666666666667
38.18333333333334
37.4
37.4
37.4
37.771428571428565
36.6
36.6
37.88333333333333
37.471428571428575
37.78
37.25714285714286
38.01666666666667
38.03333333333333
38.03333333333333
36.8
38.199999999999996
37.142857142857146
38.2
37.142857142857146
38.03333333333333
37.239999999999995
38.400000000000006
38.400000000000006
37.63333333333333
37.1
37.1
37.1
38.0
38.0
37.516666666666666
37.733333333333334
37.8
38.1
37.449999999999996
37.84285714285714
37.43333333333333
38.228571428571435
37.199999999999996
37.95
37.25714285714286
37.4
37.228571428571435
37.95
37.95
37.175000000000004
37.785714285714285
37.95
37.95
36.5
37.81666666666667
37.44285714285714
38.24
36.96666666666667
37.35
37.35
37.35
38.05
37.95
36.91428571428571
37.75714285714286
37.46666666666667
37.68333333333334
37.9
37.07142857142857
38.0
37.371428571428574
37.26666666666667
37.26666666666667
36.6
37.885714285714286
37.06666666666666
37.86666666666667
36.875
36.875
38.5
38.03333333333333
37.32
37.32
38.2
37.4
38.050000000000004
37.32857142857143
36.96666666666666
36.9
37.971428571428575
37.166666666666664
37.833333333333336
37.1
37.96666666666667
36.7
36.7
37.94
36.93333333333333
36.93333333333333
37.53333333333333
37.666666666666664
37.0
37.0
37.949999999999996
37.1
37.957142857142856
37.3
37.34285714285714
37.800000000000004
36.971428571428575
37.666666666666664
37.17142857142857
37.550000000000004
37.7
37.45714285714286
37.91428571428572
37.08571428571429
38.300000000000004
37.228571428571435
38.233333333333334
37.1
38.6
38.6
37.3
37.3
37.3
37.3
37.3
37.3
37.3
37.3
37.3
37.3
37.4
37.35
37.55714285714286
37.1
37.980000000000004
36.92
38.03333333333333
36.7
36.7
37.849999999999994
37.4
36.6
36.6
38.339999999999996
36.84285714285714
37.975
37.975
37.05
37.019999999999996
37.019999999999996
37.5
37.083333333333336
37.9
37.9
37.08
37.4
37.0
37.0
37.0
37.766666666666666
37.1
37.7
37.93333333333333
36.9
37.9
37.300000000000004
37.55714285714286
37.333333333333336
37.9
37.9
36.95
37.56666666666667
37.56666666666667
37.56666666666667
37.61666666666667
37.416666666666664
37.416666666666664
37.416666666666664
37.85
37.25
38.06
36.7
36.7
37.224999999999994
38.0
36.93333333333333
38.4
38.4
37.2
37.583333333333336
37.28333333333333
37.833333333333336
37.0
37.0
37.75
38.5
38.5
36.940000000000005
36.7
36.7
37.36666666666667
38.5
38.5
36.900000000000006
37.86
37.1
38.5
38.5
37.48
36.5
36.9
37.885714285714286
36.93333333333333
38.06
37.4
37.46
37.300000000000004
37.300000000000004
37.300000000000004
36.93333333333333
37.739999999999995
37.375
37.375
37.2
37.800000000000004
37.55
37.55
37.525000000000006
36.825
36.825
38.2
37.12857142857143
37.43333333333334
37.43333333333334
36.5
37.9
37.9
37.03333333333334
37.6
37.6
37.6
37.6
36.95
37.800000000000004
37.5
37.42857142857143
37.949999999999996
36.7
37.160000000000004
37.699999999999996
37.699999999999996
38.5
37.34
37.9
37.9
37.72
37.425
37.425
37.6
37.300000000000004
37.61666666666667
37.38333333333333
37.96666666666667
37.96666666666667
36.9
36.9
38.1
37.285714285714285
37.77142857142858
37.4
38.6
38.6
36.96
38.0
37.07142857142857
37.07142857142857
37.07142857142857
37.06666666666667
38.1
37.739999999999995
37.714285714285715
37.86666666666667
37.1
37.4
37.4
36.93333333333334
38.3
38.3
37.300000000000004
37.714285714285715
37.35
37.8
38.4
38.4
36.96
36.95
36.95
37.7
37.7
36.1
37.333333333333336
36.75
37.160000000000004
36.4
37.519999999999996
37.8
37.1
37.1
36.666666666666664
37.38
37.38
36.2
37.43333333333333
36.8
36.8
36.7
36.7
37.98
36.6
37.614285714285714
37.13333333333333
37.13333333333333
38.1
36.916666666666664
37.275000000000006
37.275000000000006
36.5
37.01428571428572
37.11666666666667
36.4
36.4
37.833333333333336
36.75
36.75
36.6
36.55
36.55
37.8
37.8
37.8
37.06
37.540000000000006
36.839999999999996
36.839999999999996
37.1
36.61666666666667
38.2
38.2
36.56
37.46
36.6
37.457142857142856
37.10000000000001
37.266666666666666
37.371428571428574
36.5
37.666666666666664
36.74285714285714
37.199999999999996
37.3
37.0
37.371428571428574
36.6
37.6
36.68333333333334
37.550000000000004
36.699999999999996
37.271428571428565
36.86
36.9
37.2
37.2
38.1
36.57142857142857
37.31666666666667
36.78
38.03333333333333
38.03333333333333
38.03333333333333
36.8
36.685714285714276
37.46
36.96666666666667
37.0
37.1
37.0
37.2
36.628571428571426
37.6
37.34
36.983333333333334
36.1
36.1
37.65
37.65
36.849999999999994
36.849999999999994
36.849999999999994
37.5
36.94
37.357142857142854
37.357142857142854
37.357142857142854
37.7
37.01428571428572
37.285714285714285
37.285714285714285
37.8
37.083333333333336
37.357142857142854
37.17142857142857
37.2
37.2
36.6
37.6
37.6
36.625
37.385714285714286
36.225
36.225
36.4
36.4
36.4
37.15
37.15
37.4
36.2
36.2
37.333333333333336
37.0
37.0
37.1
37.1
37.0
36.46666666666667
37.65
37.0
37.53333333333333
36.95
37.142857142857146
37.28333333333333
36.9375
37.5
37.5
37.5
37.5
37.019999999999996
37.5
38.3
38.3
36.800000000000004
37.46666666666666
37.46666666666666
37.3
37.75
36.95
37.67142857142857
36.5
37.86666666666667
36.8
36.8
38.2
37.1
37.1
36.2
37.440000000000005
37.440000000000005
36.4
37.5
36.8
37.516666666666666
36.9
37.15
37.15
37.15
37.839999999999996
36.771428571428565
38.2
38.2
36.95
37.471428571428575
36.771428571428565
37.93333333333333
36.660000000000004
37.800000000000004
36.74285714285714
37.6
37.0
37.45
36.6
36.6
37.75
36.68
37.628571428571426
36.88333333333333
36.88333333333333
38.4
36.91428571428571
37.71666666666667
36.94
36.94
37.5
37.5
37.5
36.7
37.72
36.91428571428572
36.6
36.6
37.9
37.13333333333333
37.666666666666664
37.15
37.4
37.75
37.17142857142857
37.85
36.5
37.43333333333333
37.52
37.050000000000004
37.699999999999996
36.88
36.88
36.88
37.13333333333333
37.67142857142857
37.7
37.7
37.25
38.06666666666667
37.15
37.333333333333336
37.78333333333333
37.266666666666666
37.56666666666666
37.12857142857143
37.92
37.44285714285714
38.31666666666666
38.4
38.4
37.0
37.63333333333333
36.92
36.53333333333333
37.98
36.833333333333336
37.949999999999996
37.449999999999996
37.300000000000004
37.471428571428575
38.1
38.1
37.339999999999996
37.220000000000006
36.6
36.6
37.7
37.32857142857143
37.13333333333333
37.9
37.21666666666666
37.857142857142854
37.39999999999999
37.300000000000004
37.57142857142857
37.17142857142857
38.0
36.6
36.6
37.72
37.385714285714286
37.9
37.13333333333333
37.64
37.64
36.4
37.4
37.4
37.35
37.58571428571429
37.1
37.1
38.099999999999994
37.03333333333333
36.833333333333336
37.9
37.9
37.45
38.06
36.88
38.0
37.0
37.0
37.0
37.0
37.0
38.3
36.9
36.9
37.8
37.5
37.233333333333334
37.233333333333334
37.7
37.08
37.57142857142857
37.18
37.75714285714286
37.32857142857142
37.36
37.725
37.0
37.0
37.0
38.6
38.6
36.85
37.614285714285714
36.85
37.766666666666666
37.028571428571425
37.699999999999996
37.46666666666667
38.28333333333334
37.5
36.9
37.766666666666666
37.083333333333336
37.43333333333333
37.699999999999996
37.15714285714286
37.61666666666667
36.9
37.699999999999996
36.93333333333333
37.699999999999996
37.699999999999996
37.0
37.699999999999996
36.86666666666667
37.94285714285714
37.75
37.142857142857146
38.06666666666667
37.300000000000004
37.728571428571435
37.333333333333336
37.333333333333336
37.93333333333333
36.96666666666667
37.583333333333336
37.4
36.98571428571429
37.785714285714285
37.166666666666664
37.8
37.5
37.300000000000004
37.833333333333336
37.199999999999996
37.41428571428571
37.9
37.2
37.2
37.2
37.2
37.6
36.9
36.699999999999996
38.5
38.5
36.7
37.8
37.166666666666664
37.58571428571429
37.483333333333334
37.1
38.03333333333333
37.050000000000004
37.699999999999996
37.88
37.260000000000005
37.51428571428572
36.6
36.6
37.833333333333336
37.339999999999996
37.339999999999996
37.339999999999996
37.63333333333333
37.63333333333333
37.1
37.5
37.550000000000004
37.55714285714286
37.92857142857143
37.56
37.699999999999996
37.38
37.44285714285714
37.98571428571428
37.3
37.3
37.9
37.24285714285714
37.760000000000005
37.628571428571426
37.5
37.5
37.36
37.6
37.68
37.68
37.05
37.5
36.957142857142856
37.81428571428571
36.96666666666667
37.285714285714285
37.93333333333333
36.93333333333333
37.7
37.6
37.333333333333336
37.885714285714286
37.15
37.7
37.7
37.7
37.7
37.714285714285715
37.166666666666664
37.800000000000004
37.68
37.13333333333333
37.65714285714285
37.528571428571425
37.38
37.714285714285715
37.4
37.54
37.550000000000004
37.199999999999996
37.199999999999996
37.199999999999996
37.14
37.339999999999996
37.65714285714286
37.05
37.05
37.05
37.05
37.4
37.75
37.28333333333333
37.77142857142858
37.199999999999996
37.199999999999996
37.53333333333333
37.519999999999996
37.44
37.55
37.55
37.6
37.74285714285714
37.05
37.6
37.2
37.028571428571425
37.8
37.74285714285714
37.266666666666666
38.0
37.34285714285714
37.98
37.98
37.98
37.91428571428572
37.1
37.78333333333333
37.48571428571428
36.94285714285714
37.82857142857143
37.82857142857143
37.82857142857143
37.6
37.6
37.6
37.6
37.7
37.7
37.7
37.7
37.1
37.857142857142854
37.333333333333336
38.6
38.6
37.150000000000006
37.7
37.660000000000004
37.25
38.06
37.18571428571429
38.0
37.46
37.62857142857143
37.74285714285714
37.1
37.949999999999996
37.3
37.3
37.980000000000004
37.271428571428565
38.01428571428572
37.36666666666667
37.857142857142854
37.0
37.0
38.1
36.96666666666667
37.86666666666667
37.233333333333334
37.233333333333334
37.833333333333336
37.233333333333334
37.214285714285715
37.766666666666666
36.949999999999996
37.699999999999996
37.050000000000004
37.86666666666667
37.25
37.13333333333333
37.68571428571429
36.93333333333333
37.68571428571429
36.5
36.5
38.233333333333334
37.2
38.17999999999999
37.25714285714286
37.86666666666667
37.528571428571425
37.61666666666667
37.95
37.13333333333333
37.92857142857143
37.56666666666667
37.43333333333333
37.699999999999996
37.385714285714286
37.63333333333333
37.96666666666667
37.2
38.1
37.5
37.23333333333333
38.042857142857144
37.449999999999996
37.583333333333336
38.13333333333333
37.1
37.666666666666664
37.75
37.93333333333333
37.5
37.5
37.199999999999996
38.13333333333333
37.2
37.2
37.2
37.2
37.4
37.599999999999994
37.075
38.13333333333333
37.599999999999994
37.26666666666667
37.93333333333333
37.260000000000005
37.260000000000005
38.3
37.4
37.6
37.6
37.333333333333336
37.65
37.25
37.56666666666667
37.9
37.9
37.9
37.425000000000004
37.166666666666664
37.728571428571435
37.6
36.7
36.7
37.8
37.4
37.4
37.9
37.199999999999996
37.199999999999996
37.199999999999996
37.4
37.98333333333333
37.53333333333333
37.15
38.2
37.03333333333333
37.800000000000004
37.75
37.260000000000005
37.86666666666667
37.3
37.3
37.45
37.45
37.45
37.4
37.22
37.22
37.22
36.9
36.9
38.4
38.4
36.6
37.800000000000004
36.825
36.825
38.5
37.18
37.82857142857143
37.25
37.483333333333334
37.82
37.1
37.1
37.92
37.03333333333334
37.480000000000004
37.300000000000004
37.28
37.58571428571429
37.1
37.4
37.666666666666664
37.425
37.425
38.5
37.166666666666664
38.1
38.1
37.35
38.2
38.2
37.239999999999995
37.239999999999995
37.4
37.78333333333333
37.05
37.6
37.71666666666667
37.71666666666667
37.71666666666667
37.71666666666667
37.71666666666667
37.6
37.31666666666667
37.31666666666667
38.5
37.32857142857143
38.04
37.17142857142857
38.1
37.11666666666667
37.666666666666664
37.35
37.0
38.18333333333334
37.43333333333333
37.65
37.699999999999996
37.6
37.0
37.0
37.1
37.88333333333333
37.271428571428565
37.699999999999996
37.6
37.0
37.857142857142854
37.1
37.300000000000004
37.64
37.214285714285715
37.9
37.28333333333334
37.666666666666664
37.93333333333333
37.15
37.15
38.5
37.3
37.65
37.300000000000004
38.0
38.0
36.6
38.08
37.4
37.9
37.46666666666667
37.54
37.4
37.4
37.4
37.9
37.46
37.46
37.46
37.46
37.46
36.7
37.971428571428575
37.166666666666664
38.5
38.5
37.22
37.75
37.266666666666666
37.12
37.98571428571428
37.21666666666667
37.480000000000004
37.666666666666664
37.300000000000004
37.75714285714285
36.58
37.733333333333334
37.42857142857143
37.166666666666664
38.3
38.3
37.660000000000004
37.24285714285714
37.333333333333336
37.333333333333336
38.1
37.44285714285714
37.46666666666667
37.46666666666667
37.5
37.483333333333334
37.56666666666667
37.56666666666667
37.56666666666667
37.800000000000004
37.800000000000004
37.800000000000004
37.699999999999996
37.333333333333336
37.9
37.51428571428572
37.4
38.016666666666666
37.185714285714276
38.125
38.125
37.0
37.885714285714286
37.199999999999996
38.5
38.5
37.2
38.0
37.12
38.1
38.1
37.4
37.5
37.5
37.5
37.4
37.51666666666667
36.983333333333334
37.6
38.1
38.0
38.0
38.4
38.4
37.3
36.82000000000001
37.18
37.5
37.5
36.8
37.371428571428574
37.150000000000006
37.150000000000006
37.333333333333336
38.028571428571425
37.5
37.285714285714285
38.03333333333333
37.03333333333333
38.050000000000004
36.974999999999994
36.974999999999994
38.1
37.300000000000004
37.300000000000004
38.0
37.06666666666667
38.06
37.08
37.08
37.08
37.08
37.08
37.440000000000005
37.440000000000005
38.7
37.2
38.28333333333333
37.528571428571425
37.75
37.6
37.6
38.2
37.271428571428565
38.5
38.5
37.14
38.300000000000004
36.8
36.8
37.766666666666666
37.08
38.01666666666667
37.2
38.233333333333334
38.233333333333334
37.166666666666664
37.575
37.575
38.6
37.34285714285714
38.214285714285715
37.1
38.6
38.6
37.36666666666667
38.114285714285714
37.528571428571425
37.475
37.475
37.475
37.475
37.3
37.78333333333333
37.725
37.725
37.725
37.725
37.43333333333333
37.5
38.3
38.3
37.2
37.86666666666667
37.300000000000004
37.67142857142857
37.56666666666667
38.2
38.05
37.51666666666667
37.871428571428574
37.5
37.449999999999996
37.4
37.4
37.8
37.8
37.8
37.03333333333333
37.03333333333333
38.175
37.55
37.55
36.760000000000005
37.14
37.14
38.2
37.583333333333336
36.5
36.5
38.019999999999996
37.333333333333336
37.6
37.6
37.6
36.62
36.55
36.55
37.08
37.6
37.57142857142857
37.6
37.660000000000004
37.660000000000004
37.3
36.9
37.6
36.9
37.68571428571429
36.86
38.5
38.5
37.357142857142854
37.766666666666666
37.14
37.14
37.4
37.45
37.45
37.45
37.45
37.45
38.3
38.23333333333333
38.23333333333333
37.9
36.9
36.9
37.05
37.333333333333336
37.3
37.3
37.5
37.55
37.55
37.8
37.44
37.15
36.885714285714286
37.779999999999994
36.9
36.9
37.1
37.26666666666667
36.8
36.8
37.93333333333333
36.75
38.25
38.25
37.325
37.4
36.666666666666664
37.46666666666667
36.46666666666667
37.5
36.53333333333333
37.31428571428571
36.82
38.0
38.0
36.54
37.32
36.42
37.58
37.58
37.3
37.3
36.1
37.21666666666667
36.9
36.85
36.85
36.85
36.4
37.35
36.53333333333334
37.53333333333334
37.53333333333334
36.9
36.48571428571429
36.48571428571429
36.48571428571429
36.85
38.2
38.2
37.06666666666667
37.2
37.2
37.2
37.2
37.2
37.2
37.2
36.971428571428575
37.220000000000006
36.949999999999996
37.4
37.5
37.2
37.51428571428572
36.95
36.95
37.2
37.78
36.3
36.3
37.46666666666667
37.55
37.55
36.3
37.58571428571429
37.260000000000005
37.800000000000004
37.5
37.5
37.166666666666664
37.45
37.385714285714286
37.14
37.55
37.3
37.3
37.45
37.65
37.5
37.68333333333333
37.74285714285714
36.94285714285714
38.120000000000005
37.1
37.1
37.5
37.43333333333333
37.239999999999995
37.699999999999996
37.471428571428575
37.375
37.800000000000004
37.01428571428572
36.63333333333333
37.45
37.45
37.85
36.85
37.84
37.24
37.519999999999996
37.1
36.971428571428575
37.68333333333333
36.739999999999995
37.85
36.74285714285714
36.86
37.766666666666666
36.84285714285714
37.5
37.1
37.449999999999996
37.4
36.949999999999996
37.714285714285715
37.31666666666667
38.019999999999996
36.81428571428571
38.03333333333333
37.38333333333333
38.0
38.0
37.0
37.0
36.8
38.5
38.5
37.333333333333336
37.4
37.4
37.4
37.059999999999995
38.08571428571429
36.86
37.871428571428574
37.0
37.5
37.15
37.2
37.2
36.5
38.0
36.857142857142854
37.82
37.019999999999996
37.733333333333334
36.96666666666667
37.833333333333336
37.35
37.43333333333333
37.21666666666667
37.21666666666667
38.6
36.76666666666667
37.9
36.9
37.800000000000004
37.06666666666666
37.942857142857136
36.666666666666664
37.75
37.13333333333333
37.9
36.4
36.4
37.266666666666666
37.13333333333333
37.35
37.35
37.5
36.833333333333336
38.18571428571429
36.86666666666667
37.666666666666664
36.93333333333333
37.93333333333333
37.05714285714286
37.733333333333334
37.4
37.300000000000004
37.42857142857143
37.9
37.9
37.239999999999995
37.75
37.6
37.6
36.5
38.0
37.21666666666667
37.800000000000004
37.800000000000004
37.800000000000004
37.800000000000004
38.15
36.75
38.03333333333333
36.983333333333334
37.9
37.07142857142857
37.666666666666664
37.425
37.660000000000004
37.1
37.128571428571426
37.128571428571426
37.128571428571426
37.8
37.73333333333333
37.73333333333333
36.4
37.199999999999996
37.05
37.05
36.9
38.4
38.4
37.775
36.925
37.62
36.88333333333333
37.63333333333333
36.771428571428565
37.480000000000004
36.73333333333333
37.628571428571426
37.25
37.300000000000004
36.96666666666666
37.58
37.233333333333334
38.5
38.5
38.5
38.5
38.5
38.5
37.1
38.028571428571425
37.0
37.871428571428574
36.8
36.8
38.4
37.92
36.8
36.8
37.2
37.2
38.6
37.2
37.2
37.0
37.800000000000004
36.800000000000004
37.949999999999996
37.800000000000004
37.800000000000004
37.800000000000004
37.9
36.9
36.9
36.839999999999996
36.839999999999996
36.839999999999996
38.0
37.3
38.1
38.1
36.75
37.52
37.53333333333333
37.449999999999996
37.6
37.371428571428574
37.239999999999995
37.642857142857146
37.35
37.3
37.599999999999994
37.599999999999994
36.625
37.78
37.78
37.78
37.78
37.36666666666667
36.833333333333336
37.9
36.800000000000004
37.71666666666667
37.71666666666667
36.4
36.4
36.4
37.699999999999996
38.06666666666667
38.06666666666667
36.86666666666667
37.166666666666664
37.2
37.35
37.516666666666666
37.7
37.4
37.449999999999996
37.56666666666667
36.3
36.3
38.04
37.18
37.56666666666667
37.22
37.22
37.22
37.22
36.766666666666666
37.9
37.9
38.5
37.050000000000004
38.4
38.4
37.739999999999995
37.739999999999995
37.739999999999995
37.06666666666666
38.4
38.4
37.4
37.38333333333333
37.56666666666667
37.7
37.21666666666666
37.44285714285714
36.766666666666666
37.8
37.8
38.019999999999996
36.771428571428565
38.0
37.07142857142857
37.714285714285715
36.6
36.6
37.75
37.56666666666667
37.0
37.0
37.0
36.88333333333333
37.728571428571435
37.728571428571435
36.7
36.7
36.7
36.7
36.7
36.7
36.7
36.7
36.7
36.7
37.81666666666667
36.849999999999994
36.849999999999994
37.4
37.4
37.4
37.5
37.4
38.4
38.4
37.779999999999994
36.766666666666666
36.766666666666666
37.375
37.142857142857146
37.666666666666664
37.15
37.5
36.85
37.78333333333333
36.93333333333334
38.17999999999999
38.17999999999999
36.4
37.6
37.45
37.18333333333333
38.0
38.0
38.0
37.9
36.81428571428571
37.9
37.03333333333333
37.46666666666667
37.214285714285715
37.3
37.13333333333333
37.016666666666666
37.4
36.91428571428571
38.03333333333334
37.0
38.160000000000004
36.800000000000004
37.72857142857142
36.71666666666666
37.46666666666667
37.12
37.78333333333333
37.21666666666667
37.839999999999996
37.839999999999996
37.0
37.833333333333336
36.85
38.04
37.36666666666667
38.08
36.699999999999996
36.699999999999996
38.4
37.6
37.25714285714286
37.28333333333333
37.357142857142854
37.3
37.371428571428574
38.4
38.4
36.68
38.0
36.94285714285714
37.58
36.949999999999996
37.9
37.9
37.5
37.5
37.025
36.739999999999995
38.1
36.916666666666664
37.73333333333333
36.5
36.5
37.62
37.4
37.5
37.5
38.1
37.099999999999994
37.099999999999994
37.96666666666667
37.24
37.35
37.35
38.0
37.300000000000004
38.0
37.057142857142864
38.4
38.1
36.983333333333334
38.03333333333334
36.91428571428571
37.63333333333333
37.0
37.800000000000004
37.26666666666667
37.28333333333333
37.25714285714286
37.0
37.61428571428571
37.06666666666666
37.31428571428571
36.68
37.60000000000001
37.120000000000005
37.4
37.4
37.425
36.63333333333333
36.73333333333333
37.84285714285714
36.699999999999996
37.6
37.9
37.9
37.9
36.5
37.63333333333333
37.800000000000004
37.800000000000004
36.75
37.96666666666667
37.07142857142857
37.5
37.5
38.0
36.975
38.266666666666666
37.949999999999996
36.78
37.94
36.871428571428574
36.871428571428574
36.871428571428574
37.65
37.65
36.8
37.771428571428565
37.333333333333336
37.78
37.5
38.1
36.949999999999996
38.3
36.9
36.9
38.3
38.3
38.3
36.86666666666667
37.833333333333336
37.03333333333333
37.85
37.17142857142857
37.724999999999994
37.724999999999994
36.4
37.18333333333333
37.18333333333333
38.0
36.6
37.82857142857143
36.86
37.6
37.042857142857144
37.833333333333336
36.98571428571428
37.4
37.233333333333334
38.166666666666664
38.166666666666664
36.95
37.55
36.89999999999999
37.53333333333333
37.43333333333333
37.333333333333336
37.08571428571429
37.6
37.05
36.699999999999996
37.18
37.660000000000004
37.239999999999995
37.8
37.8
37.08
37.78333333333333
36.85
37.6
36.86666666666667
37.96666666666667
36.85
37.5
36.839999999999996
37.949999999999996
37.042857142857144
38.5
38.5
37.5
36.4
36.4
36.9
37.3
37.0
37.86666666666667
37.86666666666667
36.6
37.4
36.92
37.6
37.6
37.6
37.6
37.699999999999996
37.699999999999996
37.8
36.67999999999999
36.67999999999999
36.4
38.0
36.46
37.5
37.5
37.9
36.81428571428571
38.266666666666666
38.08571428571428
36.76
37.94285714285714
36.833333333333336
37.96666666666667
36.833333333333336
36.833333333333336
37.25
38.2
38.2
37.8
36.92
38.1
38.1
37.46666666666667
37.199999999999996
37.833333333333336
36.9
38.13333333333333
36.971428571428575
37.78
37.78
36.9
36.779999999999994
36.779999999999994
36.779999999999994
36.9
37.53333333333333
37.56666666666667
37.31428571428571
37.32857142857143
37.56
37.51428571428572
37.6
37.13333333333333
36.5
36.5
37.21666666666667
37.0
37.0
38.199999999999996
37.166666666666664
37.166666666666664
37.166666666666664
37.43333333333333
36.78333333333333
37.050000000000004
37.5
37.5
38.1
38.1
36.4
36.4
36.9
37.6
36.7
36.7
36.7
38.166666666666664
38.166666666666664
37.46666666666667
36.82857142857143
37.75
37.1
37.1
37.7
37.300000000000004
37.15
37.233333333333334
37.56666666666667
37.4
37.4
36.63333333333333
36.63333333333333
36.63333333333333
37.94
37.94
37.94
36.760000000000005
37.17142857142857
37.199999999999996
37.416666666666664
37.3
37.13333333333333
37.300000000000004
36.766666666666666
37.800000000000004
36.857142857142854
37.86666666666667
36.7
37.93333333333333
36.86666666666667
37.96666666666667
37.96666666666667
36.6
37.142857142857146
37.142857142857146
37.142857142857146
36.86666666666667
37.9
37.9
36.9
36.7
36.7
38.3
36.6
37.699999999999996
36.916666666666664
37.82857142857143
36.4
36.4
37.325
36.86
37.5
36.96666666666666
37.333333333333336
36.58571428571429
37.7
36.525
36.525
37.900000000000006
37.019999999999996
37.67142857142857
38.175
38.175
36.8
36.8
38.0
38.0
36.875
37.5
37.15
37.871428571428574
37.266666666666666
37.266666666666666
37.266666666666666
38.01428571428572
37.9
37.9
36.833333333333336
37.54
36.885714285714286
37.96666666666667
36.9
37.58571428571429
37.449999999999996
37.34285714285715
37.699999999999996
37.028571428571425
37.5
37.5
37.0
37.0
37.0
38.3
36.824999999999996
36.824999999999996
37.75
37.357142857142854
37.85
37.3
37.3
37.6
37.9
37.9
36.5
36.5
38.4
37.1
37.93333333333333
37.93333333333333
36.4
37.46
37.46
37.7
37.1
37.35
36.3
36.3
37.56666666666667
37.06666666666667
37.72
37.72
36.4
37.68
36.983333333333334
37.65
36.975
36.975
37.75
36.971428571428575
36.971428571428575
38.3
37.02
37.48571428571428
36.82
37.64
37.64
36.9
37.285714285714285
37.166666666666664
37.166666666666664
36.4
37.9
37.9
37.26
37.416666666666664
36.96666666666666
36.96666666666666
37.15
37.542857142857144
37.25
37.21666666666667
37.3
36.699999999999996
37.7
37.7
37.166666666666664
37.15
37.4
37.4
36.675
37.8
36.800000000000004
37.285714285714285
36.5
36.5
37.94
36.98333333333333
37.6
36.68
37.95
37.95
36.9
37.15
37.62
37.62
37.2
37.5
36.733333333333334
37.471428571428575
36.766666666666666
36.766666666666666
37.96666666666667
37.6
37.2
37.2
37.63333333333333
37.63333333333333
37.0
37.1
37.1
37.925
36.6
37.766666666666666
36.7
36.7
38.3
37.1
37.1
37.25
37.642857142857146
37.199999999999996
36.96666666666666
37.05
37.05
37.7
36.666666666666664
38.3
38.3
37.55
37.57142857142857
37.8
37.8
36.725
37.85
36.95
36.95
38.3
37.019999999999996
36.3
36.3
37.85
36.9
37.18333333333334
36.95
37.199999999999996
37.53333333333333
36.88333333333333
37.720000000000006
37.720000000000006
37.720000000000006
36.9
37.540000000000006
37.540000000000006
36.3
37.42857142857143
36.6
37.766666666666666
36.53333333333334
36.9
36.9
37.76666666666667
36.75
38.0
38.0
37.06666666666667
37.06666666666667
36.76666666666667
37.699999999999996
36.2
36.2
37.0
37.457142857142856
37.166666666666664
37.08571428571429
37.666666666666664
36.65
37.41428571428571
36.68333333333333
37.728571428571435
37.15
37.31666666666666
37.08571428571428
37.285714285714285
37.5
37.35
37.03333333333334
37.27142857142858
36.84285714285715
37.73333333333333
36.81666666666667
37.46666666666667
37.46666666666667
37.03333333333333
36.8
36.8
37.825
37.01428571428572
37.38333333333333
36.471428571428575
37.666666666666664
37.666666666666664
36.63333333333333
36.75
36.75
37.06666666666667
36.45
36.45
38.2
38.2
38.2
36.849999999999994
36.849999999999994
36.849999999999994
36.55
37.46666666666667
36.45
37.4875
36.58
37.214285714285715
36.9
37.233333333333334
36.925000000000004
36.65
37.4
37.4
37.5
36.55714285714286
37.8
37.8
37.3
37.58571428571428
36.53333333333333
37.31428571428571
36.85
36.93333333333333
37.199999999999996
36.56
36.56
36.9
36.9
36.9
36.9
36.9
36.9
36.9
36.9
36.375
37.375
37.375
36.400000000000006
36.400000000000006
36.400000000000006
36.400000000000006
36.400000000000006
36.400000000000006
37.56
36.68571428571429
36.68571428571429
36.68571428571429
36.68571428571429
37.5
36.666666666666664
37.550000000000004
36.3
36.3
36.3
36.3
36.3
37.35
36.833333333333336
37.166666666666664
36.62
37.228571428571435
36.75
36.800000000000004
37.31666666666666
36.67142857142857
37.099999999999994
37.099999999999994
36.0
36.0
36.0
37.083333333333336
37.083333333333336
37.083333333333336
37.31666666666666
36.28
37.38
36.78333333333333
37.1
36.92
36.92
37.5
36.800000000000004
37.480000000000004
36.58
36.58
38.1
36.75
37.625
37.625
36.2
37.0
37.0
37.2
36.771428571428565
37.08
37.457142857142856
36.75
36.75
36.63333333333333
36.63333333333333
37.300000000000004
36.75
38.1
38.1
36.625
36.625
36.625
37.13333333333333
37.266666666666666
37.266666666666666
37.1
37.28
37.3
37.3
36.63333333333333
36.95
36.94285714285714
36.9
36.9
37.05
36.98571428571428
37.233333333333334
36.760000000000005
37.357142857142854
36.583333333333336
37.099999999999994
37.0
36.550000000000004
36.550000000000004
36.550000000000004
37.3
37.3
36.6
37.56666666666666
36.85
37.06666666666667
36.78333333333333
36.8
37.519999999999996
36.7
37.41428571428571
36.8
36.660000000000004
36.96666666666667
36.66
36.66
36.66
37.040000000000006
37.040000000000006
36.2
37.199999999999996
36.699999999999996
37.11666666666667
36.4
36.4
37.260000000000005
36.55714285714286
37.38
36.620000000000005
36.9
36.1
36.1
37.38
36.38333333333333
37.233333333333334
36.85
36.71666666666666
36.88333333333333
36.65
37.042857142857144
36.480000000000004
37.36666666666667
37.36666666666667
36.36666666666667
37.06666666666667
36.58
36.9
36.0
37.083333333333336
36.7
36.699999999999996
36.96666666666667
37.7
37.7
36.375
37.16
36.642857142857146
36.75
36.68333333333333
36.279999999999994
37.300000000000004
36.1
36.9
36.38333333333333
37.01428571428572
36.94285714285714
36.05
36.73333333333333
35.957142857142856
37.050000000000004
36.1
36.1
37.2
36.6
37.199999999999996
36.22
37.214285714285715
35.87142857142857
36.36
36.08571428571429
37.166666666666664
36.300000000000004
37.199999999999996
36.2
37.040000000000006
36.300000000000004
36.814285714285724
36.75
36.114285714285714
37.083333333333336
35.96666666666667
37.32
36.51428571428571
36.983333333333334
36.35
37.2
37.2
37.2
37.2
36.120000000000005
36.82857142857143
36.550000000000004
36.833333333333336
36.65714285714285
36.339999999999996
37.459999999999994
36.457142857142856
37.53333333333333
36.271428571428565
37.0
36.971428571428575
36.733333333333334
36.85
36.266666666666666
37.4
36.46666666666667
37.3
36.339999999999996
37.9
37.9
37.9
37.9
37.9
37.9
37.9
37.9
36.1
36.1
36.44
37.166666666666664
37.166666666666664
37.166666666666664
36.71666666666667
36.800000000000004
37.142857142857146
36.73333333333333
37.38333333333333
36.339999999999996
37.5
36.324999999999996
36.925
36.925
36.9
37.019999999999996
36.75
36.980000000000004
36.712500000000006
37.21666666666666
36.4
37.36
36.56666666666667
36.8
37.03333333333333
36.9
36.9
36.9
36.74
37.0
37.0
37.0
36.78333333333333
36.65
36.660000000000004
36.660000000000004
37.6
36.88
36.51428571428572
37.0
36.7
36.7
37.9
37.0
36.949999999999996
36.61666666666667
37.18333333333333
37.18333333333333
37.18333333333333
37.0
37.0
37.2
37.4
36.55714285714286
37.083333333333336
36.720000000000006
36.285714285714285
37.4
36.6
37.4
36.771428571428565
36.4
37.21666666666667
36.72
37.449999999999996
36.86666666666667
37.11666666666667
37.0
36.75714285714286
37.519999999999996
36.48571428571428
37.333333333333336
36.971428571428575
36.68571428571429
36.0
36.0
37.279999999999994
36.81666666666667
36.833333333333336
37.25
36.5
37.18333333333334
36.93333333333333
37.040000000000006
37.199999999999996
36.71666666666667
37.18571428571429
37.050000000000004
36.73333333333333
37.3
36.4
38.0
38.0
36.0
36.0
37.9
36.85
36.85
37.0
36.95
36.8
36.8
37.525
36.6
37.03333333333333
36.625
36.625
37.0
36.68333333333333
37.233333333333334
37.0
36.4
37.075
36.65
36.65
37.5
37.5
36.4
36.339999999999996
37.6
36.85
38.0
38.0
36.6
36.371428571428574
36.371428571428574
37.7
36.96666666666667
36.871428571428574
36.8
36.8
36.2
37.8
37.8
36.550000000000004
37.300000000000004
36.4
36.3
36.3
36.7
36.82857142857143
36.64
37.260000000000005
36.3
37.53333333333333
36.71666666666666
36.93333333333333
36.5
36.67142857142857
37.24285714285714
36.5
37.36
36.46666666666667
37.050000000000004
36.666666666666664
36.699999999999996
36.71666666666666
36.516666666666666
37.35
36.1
36.1
36.983333333333334
36.449999999999996
38.0
38.0
36.7
35.9
35.9
37.7
37.7
36.925
37.050000000000004
37.9
37.9
36.379999999999995
37.057142857142864
36.91428571428571
36.72
37.0
36.333333333333336
37.0
37.0
37.0
37.18571428571429
37.4
37.4
36.0
36.0
36.0
36.0
36.0
36.0
36.0
37.25
36.5
36.91428571428571
37.25
37.1
37.028571428571425
37.4
37.4
37.4
36.833333333333336
36.96666666666667
36.96666666666667
36.96666666666667
37.43333333333333
36.4
36.4
37.1
36.51428571428571
37.4
36.542857142857144
37.53333333333334
37.53333333333334
36.1
37.63333333333333
36.6
37.25
36.733333333333334
36.733333333333334
36.983333333333334
36.58571428571429
36.9
36.9
37.13333333333333
36.93333333333333
37.7
37.7
36.733333333333334
36.733333333333334
36.8
37.4
36.4
36.4
37.575
36.81666666666667
37.0
36.46
37.63333333333333
36.81428571428571
37.0
37.0
36.68571428571429
36.0
36.0
36.9
36.400000000000006
36.400000000000006
37.7
36.56666666666667
36.56666666666667
37.56666666666667
37.25
37.25
36.6
37.425000000000004
37.425000000000004
36.2
37.5
37.3
37.3
36.5
36.5
38.1
37.357142857142854
37.01666666666667
37.01666666666667
37.1
36.64
37.3
35.9
35.9
37.260000000000005
36.6
37.13333333333333
36.68571428571429
37.35
36.550000000000004
37.042857142857144
36.86
37.15
37.4
36.65714285714286
37.725
37.725
36.6
36.36
36.36
38.0
36.714285714285715
37.36666666666667
37.36666666666667
37.36666666666667
36.760000000000005
37.28333333333333
36.333333333333336
37.53333333333333
36.77142857142858
37.23333333333333
36.65
37.55
37.55
36.7
37.528571428571425
36.440000000000005
37.4
36.333333333333336
37.528571428571425
36.949999999999996
37.266666666666666
36.0
36.0
37.1
36.4
37.34285714285714
36.45
36.45
37.9
36.75
37.25
36.38
37.083333333333336
36.379999999999995
37.35
37.03333333333333
36.56666666666667
37.199999999999996
36.25714285714286
37.239999999999995
36.449999999999996
36.959999999999994
36.949999999999996
36.82
37.08
37.08
37.08
37.08
37.08
37.08
36.14
36.93333333333333
36.23333333333333
37.199999999999996
37.199999999999996
36.2
36.599999999999994
36.599999999999994
37.1
36.46
36.46
36.46
36.23333333333333
37.0
36.666666666666664
37.1
36.166666666666664
37.028571428571425
36.13333333333333
37.05714285714286
35.9
35.9
37.5
36.300000000000004
37.199999999999996
36.516666666666666
37.28333333333333
37.28333333333333
36.0
36.85
36.85
37.379999999999995
36.471428571428575
37.36666666666667
36.766666666666666
36.9
36.86666666666667
36.65
37.028571428571425
36.300000000000004
37.4
37.4
37.4
36.72
36.48571428571428
37.36
36.22857142857142
37.25
36.333333333333336
37.46666666666667
37.46666666666667
37.46666666666667
37.46666666666667
36.5
36.5
37.32
36.6
37.1
36.34285714285714
37.7
37.7
36.225
36.225
36.225
36.92857142857143
36.733333333333334
36.642857142857146
36.96666666666667
36.75714285714286
37.43333333333333
36.233333333333334
36.233333333333334
37.7
36.766666666666666
36.766666666666666
36.766666666666666
37.38
36.300000000000004
37.357142857142854
36.483333333333334
36.483333333333334
36.483333333333334
36.85
36.85
36.85
37.1
36.339999999999996
36.339999999999996
37.3
36.3
37.36666666666667
36.36666666666667
36.971428571428575
36.7
36.44285714285714
37.08
36.56
36.56
37.5
37.03333333333334
36.35
36.35
36.9
36.6
37.07142857142857
36.6
36.53333333333333
37.042857142857144
36.300000000000004
36.949999999999996
36.31666666666666
37.18333333333333
36.44285714285714
36.9
36.3
36.3
37.5
36.160000000000004
36.160000000000004
37.7
36.75
36.6
36.6
37.325
36.333333333333336
36.333333333333336
36.333333333333336
36.78333333333333
36.9
36.199999999999996
36.957142857142856
36.199999999999996
36.885714285714286
36.8
36.8
37.3
36.3
36.94
36.9
36.9
36.9
36.56666666666667
37.028571428571425
36.3
37.85
37.85
37.85
37.85
36.25
36.25
37.25
36.85
36.85
36.85
36.96666666666666
36.5
36.85
36.91428571428571
36.46
37.35
37.35
36.0
37.22
36.34
36.82857142857143
36.2
36.2
37.18
36.36666666666667
36.78333333333333
37.28333333333333
36.63333333333333
36.4
37.300000000000004
37.300000000000004
36.4
37.333333333333336
36.51428571428571
37.333333333333336
36.333333333333336
37.15714285714286
37.15
36.55714285714286
37.23333333333333
36.48571428571429
37.1
36.36666666666667
37.233333333333334
36.85
37.25
37.25
35.9
37.8
37.8
37.0
37.0
36.8
36.8
37.8
36.93333333333333
36.9
36.4
37.199999999999996
36.0
37.199999999999996
36.53333333333333
37.199999999999996
37.199999999999996
36.35
37.199999999999996
36.628571428571426
37.4
36.699999999999996
37.379999999999995
36.85
36.471428571428575
37.4
36.86666666666667
37.199999999999996
36.91428571428571
36.56666666666667
36.63333333333333
36.63333333333333
36.775
36.96666666666667
36.9
37.46666666666667
36.675
36.675
36.7
36.62
37.4
36.6
37.2
37.2
36.7
36.7
36.1
37.199999999999996
36.857142857142854
37.666666666666664
37.666666666666664
37.666666666666664
37.666666666666664
37.666666666666664
36.56666666666666
37.24285714285714
36.7
36.7
36.68
37.43333333333334
36.766666666666666
36.871428571428574
37.32000000000001
38.1
38.1
38.1
37.06
37.06
37.06
37.6
36.36666666666667
36.36666666666667
38.1
38.1
38.1
36.519999999999996
36.519999999999996
38.0
38.0
38.0
36.849999999999994
36.849999999999994
37.4
36.58571428571429
37.8
37.8
36.666666666666664
36.4
36.4
37.86
36.68571428571429
37.34285714285715
37.480000000000004
37.083333333333336
37.5
36.957142857142856
37.56666666666666
36.800000000000004
37.53333333333334
37.13333333333333
37.13333333333333
37.400000000000006
36.63333333333333
36.63333333333333
36.63333333333333
36.9
37.300000000000004
36.72857142857142
37.199999999999996
37.58
36.56666666666667
36.56666666666667
38.2
38.2
36.5
36.85
36.959999999999994
37.34285714285714
36.86
37.76666666666667
36.6
36.6
36.6
36.6
36.6
36.6
36.6
36.6
36.6
37.1
37.1
37.760000000000005
37.760000000000005
36.3
36.75
36.75
38.0
36.5
37.35
36.53333333333333
36.53333333333333
37.8
36.76666666666667
37.357142857142854
36.699999999999996
37.528571428571425
36.55714285714286
37.266666666666666
37.266666666666666
36.45
36.1
36.1
36.96666666666667
36.96666666666667
36.96666666666667
37.1
36.8
36.9
36.75714285714286
37.43333333333333
36.4
37.56666666666667
36.800000000000004
37.43333333333334
37.239999999999995
37.0
37.03333333333333
37.0
37.6
37.18571428571429
36.8
37.25714285714286
36.333333333333336
37.357142857142854
36.85
37.266666666666666
37.266666666666666
37.266666666666666
37.266666666666666
36.540000000000006
37.36666666666667
36.75
36.85
37.15714285714286
37.3
37.3
36.22
36.22
37.3
37.05
37.357142857142854
36.56
36.9
36.9
37.35
36.71666666666667
36.71666666666667
36.71666666666667
36.871428571428574
37.059999999999995
36.62
36.4
37.18571428571429
36.42857142857143
36.92
36.949999999999996
36.65
37.199999999999996
36.35
36.35
37.7
36.800000000000004
36.949999999999996
36.0
36.0
36.0
36.0
37.9
37.9
36.275000000000006
36.8
36.8
36.0
36.4
37.7
37.7
36.85
37.07142857142857
36.550000000000004
37.0
36.78333333333334
36.78333333333334
36.78333333333334
36.4
37.1
36.23333333333333
36.54285714285714
37.0
36.766666666666666
36.93333333333334
36.3
36.3
37.2
37.06
37.06
36.3
36.199999999999996
37.18333333333333
36.31666666666666
37.300000000000004
36.73333333333333
36.82
36.92
36.92
37.0
36.199999999999996
36.199999999999996
36.199999999999996
36.1
36.1
36.1
37.349999999999994
37.349999999999994
37.349999999999994
37.349999999999994
37.349999999999994
37.349999999999994
37.25
36.260000000000005
36.260000000000005
36.260000000000005
36.260000000000005
36.5
36.5
36.2
36.800000000000004
36.800000000000004
36.800000000000004
36.800000000000004
36.800000000000004
37.15
36.233333333333334
37.17142857142857
37.1
36.88
37.0
36.550000000000004
36.85
36.699999999999996
36.36
37.4
36.5
36.93333333333333
36.9
36.699999999999996
37.36
37.36
36.9
36.9
36.55714285714286
37.199999999999996
36.3
36.3
36.3
36.559999999999995
36.949999999999996
37.15
37.15
36.160000000000004
37.160000000000004
36.81666666666666
36.9
37.300000000000004
36.28
37.24285714285714
36.166666666666664
37.15
36.48333333333333
36.81666666666667
36.65
36.65
36.65
36.65
36.65
36.65
36.449999999999996
37.05
36.166666666666664
37.199999999999996
36.6
36.78333333333333
37.300000000000004
36.333333333333336
36.94285714285714
37.06
36.449999999999996
37.050000000000004
36.73333333333333
36.76666666666667
37.16
36.800000000000004
36.75
37.12
36.65
36.8
37.0
36.38
37.15
36.74
36.93333333333334
37.03333333333334
37.03333333333334
36.0
37.028571428571425
35.8
35.8
36.8
36.65714285714285
36.86666666666667
36.68
36.75
36.21666666666666
37.36
36.239999999999995
36.88333333333333
36.516666666666666
37.019999999999996
36.84285714285714
36.583333333333336
37.06666666666666
36.35
37.55
37.55
36.599999999999994
36.86
36.78333333333333
36.3
36.3
37.8
36.22
37.11666666666667
36.1
37.3
36.5
37.43333333333333
37.43333333333333
37.1
38.199999999999996
37.483333333333334
38.199999999999996
37.266666666666666
37.81666666666666
37.93333333333333
37.339999999999996
38.1
37.6
37.9
37.65
38.2
38.53333333333333
37.08
38.8
38.8
37.699999999999996
38.4
37.199999999999996
38.52
38.52
38.52
37.6
37.56666666666666
38.15
37.45
37.5
37.5
38.425
37.25
38.4
37.583333333333336
37.86
38.18
37.733333333333334
38.300000000000004
37.18
38.36
37.65714285714286
37.62
37.88
38.0
38.0
37.599999999999994
38.1
37.6
38.5
38.5
37.260000000000005
38.4
37.63333333333333
38.13333333333333
37.6
38.028571428571425
38.21666666666667
37.666666666666664
38.46666666666667
36.9
36.9
38.62
37.4
38.475
38.475
38.475
38.475
37.35
38.7
38.7
38.1
37.949999999999996
37.957142857142856
38.019999999999996
37.85
38.32
37.53333333333333
38.4
37.2
38.575
37.23333333333333
37.800000000000004
37.699999999999996
37.78333333333333
38.333333333333336
37.239999999999995
38.357142857142854
37.699999999999996
38.12
37.5
37.5
38.2
37.35
38.1
37.699999999999996
37.55
37.71666666666666
37.22857142857142
38.25
37.58
37.58
37.88
37.699999999999996
38.25
37.18
38.150000000000006
38.150000000000006
37.4
37.949999999999996
37.949999999999996
37.6
37.65
37.8
37.771428571428565
37.75
38.22857142857142
37.26666666666667
38.333333333333336
37.857142857142854
37.8
37.8
37.875
38.028571428571425
38.26
37.642857142857146
38.3
37.71666666666666
37.771428571428565
38.1
37.099999999999994
37.099999999999994
38.225
37.6
38.239999999999995
37.74285714285714
38.1
37.98571428571428
37.36
37.36
38.1
37.75
37.96
38.0
38.0
38.0
38.0
38.05
37.85
37.85
38.56666666666667
38.56666666666667
38.5
38.0
37.699999999999996
38.45
38.45
37.7
37.7
37.9
38.38
37.3
37.3
37.3
37.3
37.3
38.0
37.8
37.8
38.36
37.4
37.4
38.5
37.6
37.6
38.73333333333333
38.233333333333334
38.55714285714286
37.728571428571435
38.457142857142856
38.6
38.733333333333334
38.733333333333334
38.733333333333334
38.733333333333334
38.125
38.78333333333334
38.05
38.05
38.5
38.199999999999996
38.92
38.92
39.3
38.525
38.525
38.0
38.51428571428572
38.44285714285714
37.9
38.800000000000004
38.25714285714286
38.1
38.449999999999996
37.9
38.65
38.199999999999996
37.666666666666664
38.45
37.583333333333336
38.3
37.6
37.6
38.3
37.5
38.666666666666664
37.5
37.5
39.1
37.44285714285714
38.76666666666667
37.75
38.15
37.98
38.06666666666667
37.86666666666667
37.53333333333333
38.65
37.949999999999996
38.0
38.0
37.975
37.78333333333333
38.542857142857144
38.542857142857144
38.542857142857144
38.08
37.94285714285714
37.96
38.275
38.275
38.275
37.5
38.36
38.36
37.2
37.4
37.4
39.0
37.53333333333333
38.35
37.31428571428571
38.75
38.75
37.1
37.1
37.1
38.339999999999996
37.800000000000004
38.271428571428565
37.275
37.275
37.275
38.550000000000004
37.728571428571435
37.86666666666667
37.73333333333333
37.480000000000004
38.160000000000004
37.733333333333334
38.13333333333333
38.6
38.6
37.2
37.2
37.5
38.325
38.325
37.333333333333336
37.4
37.4
38.5
37.4
38.0
38.0
38.425
37.35
38.25
37.6
38.028571428571425
38.1
37.542857142857144
37.542857142857144
38.1
38.5
37.25714285714286
38.0
37.71666666666667
38.199999999999996
37.714285714285715
38.35
38.35
37.15
38.73333333333333
38.73333333333333
37.5
37.980000000000004
37.7
37.7
37.175
38.07142857142857
37.871428571428574
37.63333333333333
38.1
37.728571428571435
38.385714285714286
37.44
38.449999999999996
37.728571428571435
38.7
38.7
37.85
37.85
37.85
37.85
37.85
37.0
38.25714285714286
37.65
38.12
36.9
36.9
38.5
37.300000000000004
38.25
37.833333333333336
37.857142857142854
38.199999999999996
37.36666666666667
38.48333333333333
37.85
38.25
38.0
38.0
38.2
38.2
37.5
38.666666666666664
37.64
38.35
38.371428571428574
37.666666666666664
38.48571428571428
37.9
37.85
38.266666666666666
38.266666666666666
38.266666666666666
37.3
37.3
38.279999999999994
37.58571428571429
37.916666666666664
38.300000000000004
37.43333333333333
38.666666666666664
37.96666666666667
38.05
38.3
37.628571428571426
38.233333333333334
37.660000000000004
37.85
38.042857142857144
37.666666666666664
37.666666666666664
37.666666666666664
37.71666666666666
37.833333333333336
37.4
37.4
38.06666666666667
37.800000000000004
38.25
38.0
38.53333333333334
38.53333333333334
37.0
38.25
37.449999999999996
37.92857142857143
37.74
37.74
37.7
37.6
38.35
37.2
37.2
37.2
37.2
37.2
37.2
38.9
37.7
37.7
37.6
38.13333333333333
37.333333333333336
37.628571428571426
37.8
37.8
38.1
38.1
37.1
38.5
37.471428571428575
37.833333333333336
38.1
37.48571428571428
38.083333333333336
37.550000000000004
38.0
37.733333333333334
37.733333333333334
38.2
38.1
37.739999999999995
37.94
37.94
37.3
38.13333333333333
37.971428571428575
37.8
37.8
38.4
38.03333333333334
38.8
38.8
37.959999999999994
37.32
37.32
38.8
37.4
38.9
38.9
38.06
38.050000000000004
37.53333333333333
38.128571428571426
37.32857142857143
38.18
37.38333333333333
38.5
38.5
37.2
37.800000000000004
37.166666666666664
38.41428571428571
37.46666666666667
38.050000000000004
37.26
37.26
38.6
37.85
37.85
37.45
37.7
37.7
37.78
38.1
37.583333333333336
38.56
37.285714285714285
38.48571428571428
37.61666666666667
38.6
38.6
37.45
37.81666666666666
37.81666666666666
38.2
37.43333333333333
37.81428571428571
37.833333333333336
37.5
38.27142857142858
37.516666666666666
37.516666666666666
37.516666666666666
37.628571428571426
37.92
37.92
37.7
37.3
37.3
38.06
37.18571428571429
37.9
37.300000000000004
38.6
38.6
38.474999999999994
37.199999999999996
38.175
38.175
38.175
38.425
37.457142857142856
37.916666666666664
37.128571428571426
38.08
37.65
37.75
38.028571428571425
37.666666666666664
37.2
37.2
38.0
38.0
38.0
38.0
38.0
38.0
38.0
37.599999999999994
38.199999999999996
37.23333333333333
37.96666666666667
36.7
36.7
38.220000000000006
37.51428571428572
37.959999999999994
37.65714285714285
37.42857142857143
37.42857142857143
38.7
36.9
36.9
37.075
38.08571428571429
37.699999999999996
37.71666666666667
37.58571428571429
37.23333333333333
38.199999999999996
37.55
37.55
38.7
38.7
38.7
38.21666666666667
37.266666666666666
38.44
37.9
37.8
38.3
37.916666666666664
38.400000000000006
38.400000000000006
37.4
38.7
38.7
37.6
38.0
37.166666666666664
38.31666666666666
37.483333333333334
37.72
37.64
37.64
38.3
37.6
37.91428571428571
38.160000000000004
37.56
38.3
37.614285714285714
37.833333333333336
37.800000000000004
37.6
38.1
37.36
38.016666666666666
38.016666666666666
38.016666666666666
38.016666666666666
38.25
37.56666666666667
37.56666666666667
37.574999999999996
37.574999999999996
38.4
37.54
37.54
38.6
38.6
38.6
38.6
38.6
38.6
38.6
38.6
38.6
38.6
37.699999999999996
38.166666666666664
37.916666666666664
38.083333333333336
36.9
36.9
38.28333333333334
37.666666666666664
38.17142857142857
37.65
37.82
37.96666666666667
37.3
38.083333333333336
38.083333333333336
38.083333333333336
37.84
37.18571428571429
37.885714285714286
37.3
38.17142857142857
37.31428571428571
38.0
38.0
37.15
37.76666666666667
37.9
37.9
37.65
37.839999999999996
37.583333333333336
37.583333333333336
37.583333333333336
37.56666666666666
37.86666666666667
37.6
37.766666666666666
36.7
36.7
38.0
37.266666666666666
37.75
37.72
37.4
37.4
38.2
37.6
38.0
37.53333333333333
37.6
37.4
37.4
37.95
37.95
37.95
37.35
37.65
37.650000000000006
37.650000000000006
37.625
37.48571428571428
37.38333333333333
37.93333333333333
37.6
37.285714285714285
38.325
37.542857142857144
37.800000000000004
37.720000000000006
37.68333333333333
38.1
37.557142857142864
37.699999999999996
37.92
37.92
36.9
37.766666666666666
37.300000000000004
37.699999999999996
37.12857142857143
37.949999999999996
37.43333333333333
37.6
37.94285714285714
37.28333333333334
38.0
37.56
37.714285714285715
37.76666666666667
37.4
37.900000000000006
37.900000000000006
37.6
37.6
37.6
37.6
37.4
38.0
38.0
37.4
37.88333333333333
37.88333333333333
36.7
37.86666666666667
37.86666666666667
37.4
37.75
37.5
37.13333333333333
38.11666666666667
37.17999999999999
37.17999999999999
38.4
38.4
38.4
37.91428571428571
37.375
37.375
37.63333333333333
37.63333333333333
38.3
37.32857142857142
37.9
37.9
37.38
37.7
37.7
36.9
36.9
37.599999999999994
37.714285714285715
37.5
37.5
37.957142857142856
37.1
37.5
37.98571428571428
37.13333333333333
37.800000000000004
37.800000000000004
36.7
36.900000000000006
36.900000000000006
37.1
37.1
38.3
37.38333333333333
37.949999999999996
37.41428571428571
37.4
38.08571428571429
37.1
37.81428571428571
37.53333333333333
37.53333333333333
38.025
37.43333333333334
37.65714285714286
38.06666666666666
37.357142857142854
38.25
37.5
37.800000000000004
38.1
37.31428571428571
38.333333333333336
37.3
38.0
37.800000000000004
37.5
38.300000000000004
37.32
37.32
37.0
37.65
37.65
37.65
38.3
37.75
38.07142857142857
37.35
38.142857142857146
37.81666666666666
38.8
38.8
37.35
38.6
38.6
36.8
37.771428571428565
37.150000000000006
37.150000000000006
38.7
37.42
37.42
37.900000000000006
37.871428571428574
37.699999999999996
38.6
38.6
37.32000000000001
38.0
37.5
37.65
37.92857142857143
37.4
38.06666666666666
38.06666666666666
38.0
37.528571428571425
37.86666666666667
37.86666666666667
36.7
38.15
37.31666666666667
37.86666666666667
36.8
36.8
36.8
38.3
38.3
38.3
37.03333333333333
37.63333333333333
37.63333333333333
37.0
36.82857142857143
37.93333333333333
37.93333333333333
36.5
37.88333333333333
36.733333333333334
36.95
36.95
38.1
37.36
37.36
37.4
37.449999999999996
37.449999999999996
37.25
37.25
38.4
37.18333333333333
37.7
37.7
37.1
37.8
36.86
36.86
37.9
36.86666666666667
37.51428571428572
37.199999999999996
37.1
37.1
36.8
37.260000000000005
37.260000000000005
38.3
37.56666666666666
37.449999999999996
36.84285714285714
37.72857142857142
36.86666666666667
36.86666666666667
37.53333333333333
37.31666666666667
37.51666666666667
37.67142857142857
36.7
36.7
37.333333333333336
37.8
37.8
37.9
36.86666666666667
37.65
37.6
37.5
37.5
36.7
36.449999999999996
36.4
36.4
36.56666666666667
36.5
36.5
37.660000000000004
37.233333333333334
37.03333333333333
38.22
37.9
37.9
36.95
37.31666666666667
37.300000000000004
37.06666666666666
37.06666666666666
38.0
37.199999999999996
36.25
37.54
37.019999999999996
37.45
37.45
37.2
37.483333333333334
37.471428571428575
36.96
37.5
37.36666666666667
37.48333333333333
37.48333333333333
38.1
37.1
37.0
37.0
37.13333333333333
37.483333333333334
37.15
38.3
38.3
36.9
37.9
37.449999999999996
37.385714285714286
37.833333333333336
37.03333333333333
38.3
38.3
37.400000000000006
36.64
37.63333333333333
37.300000000000004
36.766666666666666
37.620000000000005
37.4
37.4
37.75
37.18333333333333
37.55714285714286
37.75
37.1
37.1
38.2
37.300000000000004
37.9
37.9
36.5
37.879999999999995
37.879999999999995
36.7
37.55714285714286
37.349999999999994
37.349999999999994
37.73333333333333
38.4
38.4
36.55
36.55
36.55
36.55
36.55
37.449999999999996
37.5
37.1
37.1
38.050000000000004
36.957142857142856
37.55
37.666666666666664
37.4
37.86666666666667
36.96666666666667
37.56666666666666
37.266666666666666
37.266666666666666
37.266666666666666
37.266666666666666
37.266666666666666
37.266666666666666
37.625
37.03333333333333
37.628571428571426
36.88
37.65714285714286
37.5
38.2
38.2
37.1
37.75
37.1
37.45
37.9
37.26
37.771428571428565
37.45
37.96666666666667
37.5
37.31428571428571
38.199999999999996
37.4
37.583333333333336
37.980000000000004
37.333333333333336
36.9
36.9
36.9
36.9
37.6
37.61666666666667
37.55
37.6
37.550000000000004
37.142857142857146
38.7
38.7
37.18
38.23333333333333
37.46666666666667
37.78333333333333
37.4
37.65
38.114285714285714
37.260000000000005
38.06666666666667
37.442857142857136
37.63333333333333
37.88333333333333
37.13333333333333
38.0
37.516666666666666
37.516666666666666
38.1
38.1
37.457142857142856
37.93333333333333
37.08571428571429
38.2
38.2
37.55
37.55
38.4
37.55
37.55
37.9
37.9
37.9
37.13333333333333
37.800000000000004
37.800000000000004
37.13333333333333
37.13333333333333
37.13333333333333
36.5
37.833333333333336
36.75
36.75
38.0
37.1
37.1
38.0
38.0
38.0
36.96
38.0
38.0
37.2
37.2
36.5
37.416666666666664
37.25714285714286
37.25714285714286
36.6
36.6
36.7
37.12
37.12
37.1
37.5
36.849999999999994
36.849999999999994
36.849999999999994
36.849999999999994
36.666666666666664
36.3
36.3
37.225
37.225
37.6
37.4
37.4
37.175
37.2
37.2
37.333333333333336
37.7
37.7
38.1
37.300000000000004
37.25
36.73333333333333
37.1
37.26
36.800000000000004
37.0
37.0
36.4
37.4
36.8
36.8
37.43333333333334
36.85
36.56
37.1
36.32857142857143
36.72
36.983333333333334
36.36666666666667
37.6
37.6
37.0
36.75714285714286
36.949999999999996
36.4
36.9
36.65
36.471428571428575
37.333333333333336
36.53333333333333
36.53333333333333
37.150000000000006
37.150000000000006
37.1
36.98
36.3
36.3
37.266666666666666
36.58
36.54
36.92
36.92
35.8
37.120000000000005
36.75
36.714285714285715
37.160000000000004
36.6
36.81428571428571
36.68
36.32
37.17999999999999
36.63333333333333
36.971428571428575
36.74
36.74
36.74
36.771428571428565
36.3
36.8
36.8
36.1
36.1
37.23333333333333
36.9
36.3
36.3
36.76666666666667
36.849999999999994
36.849999999999994
36.45
37.016666666666666
36.699999999999996
36.96666666666667
37.0
37.0
37.0
36.65
36.25714285714286
36.766666666666666
36.375
36.375
36.7
36.199999999999996
36.733333333333334
36.35
36.35
35.9
36.6
36.6
36.0
36.43333333333333
36.48571428571429
36.6
36.6
36.52
36.800000000000004
36.5
36.5
37.0
37.0
36.3
36.46666666666667
36.58571428571429
36.92
36.4
36.542857142857144
36.85
36.9
36.9
36.65
36.23333333333333
36.96666666666667
36.55
36.35
36.86666666666667
36.2
36.771428571428565
36.766666666666666
36.766666666666666
36.3
36.75
36.56666666666667
37.06666666666667
36.48571428571428
36.675
36.675
36.75
36.75
36.75
36.75
36.6
36.771428571428565
36.36666666666667
36.728571428571435
36.43333333333334
36.65
37.03333333333333
36.36666666666667
36.766666666666666
36.85
36.266666666666666
36.81666666666667
36.642857142857146
36.279999999999994
37.083333333333336
36.54285714285714
36.7
36.7
36.339999999999996
36.800000000000004
36.85
36.42
36.916666666666664
36.771428571428565
36.7
36.7
37.06
36.46666666666667
37.15
36.1
36.1
36.25
36.016666666666666
36.016666666666666
36.9
36.9
36.6
36.400000000000006
36.400000000000006
37.3
36.357142857142854
37.3
37.3
37.3
36.0
36.525000000000006
36.9
37.11666666666667
37.11666666666667
37.11666666666667
37.333333333333336
36.35
37.2
37.2
37.5
37.525
37.525
37.525
37.9
37.9
36.5
36.58
36.58
37.8
36.300000000000004
37.15
36.35
36.699999999999996
37.7
37.7
37.150000000000006
37.150000000000006
36.266666666666666
37.166666666666664
36.300000000000004
36.699999999999996
37.028571428571425
36.35
36.35
37.7
36.6
37.06666666666666
36.449999999999996
36.44
37.166666666666664
36.55
36.55
36.55
36.766666666666666
36.98
36.4
36.65714285714285
36.940000000000005
36.385714285714286
37.15
36.43333333333333
36.41428571428572
37.2
36.23333333333333
36.23333333333333
37.3
36.666666666666664
37.1
37.1
37.1
37.13333333333333
36.25
36.86666666666667
36.28
36.28
37.2
36.2
36.9
36.78
36.17142857142857
37.1
36.642857142857146
36.233333333333334
37.0
36.025000000000006
36.025000000000006
37.5
35.86666666666667
36.25
36.642857142857146
36.95
36.54285714285714
36.92
36.63333333333333
36.8
36.8
37.2
37.2
36.4
36.0
36.800000000000004
36.800000000000004
36.63333333333333
36.714285714285715
36.175000000000004
36.175000000000004
36.175000000000004
36.175000000000004
36.65
36.6
36.483333333333334
37.1
36.18333333333333
36.18333333333333
36.18333333333333
36.260000000000005
36.7
36.660000000000004
36.38
37.18571428571429
36.13333333333333
36.6
36.96666666666667
36.199999999999996
36.971428571428575
35.96666666666667
37.18571428571429
36.46666666666667
36.628571428571426
36.785714285714285
36.2
36.2
36.63333333333333
36.74285714285714
36.75
36.199999999999996
37.31666666666666
36.233333333333334
37.15
36.357142857142854
36.357142857142854
36.357142857142854
36.58
37.471428571428575
37.18333333333333
38.46666666666667
37.7
37.6
38.028571428571425
37.54
37.766666666666666
37.95
37.95
38.349999999999994
37.5
38.1
37.52
37.52
37.2
37.62857142857143
38.0
37.949999999999996
37.733333333333334
38.32857142857143
37.36666666666667
38.05
37.63333333333333
38.057142857142864
37.5
37.5
38.44
37.7
38.03333333333334
37.81428571428571
38.128571428571426
38.46
37.53333333333334
38.25
37.300000000000004
38.628571428571426
37.65
38.46666666666667
38.46666666666667
37.32
38.43333333333333
37.614285714285714
38.199999999999996
37.46666666666667
39.0
39.0
37.32857142857143
38.28333333333333
37.45
37.45
38.425
37.666666666666664
38.128571428571426
37.48571428571428
38.666666666666664
37.42857142857143
38.5
37.31428571428571
37.833333333333336
37.833333333333336
38.46666666666667
37.800000000000004
37.92857142857143
37.3
37.3
37.8
38.2
38.2
37.349999999999994
37.9
37.9
37.36
37.6
37.3
38.3
38.3
36.9
37.36666666666667
37.36666666666667
38.36666666666667
38.36666666666667
36.8
37.58
37.771428571428565
37.349999999999994
37.349999999999994
37.9
37.9
37.0
38.13333333333333
37.42857142857143
38.36666666666667
37.42857142857143
37.86666666666667
37.46666666666667
37.82857142857143
37.75
37.199999999999996
38.75
38.75
37.574999999999996
37.628571428571426
37.300000000000004
38.35
37.48571428571428
38.4
37.599999999999994
37.599999999999994
38.349999999999994
37.23333333333333
38.03333333333333
38.03333333333333
37.9
37.9
37.9
37.9
37.724999999999994
38.480000000000004
38.480000000000004
37.4
37.5
37.5
37.849999999999994
37.849999999999994
37.65
37.65
38.1
38.266666666666666
37.714285714285715
37.480000000000004
38.1
37.57142857142857
38.05
37.44
38.050000000000004
37.5
37.5
38.13333333333333
37.5
37.5
37.8
38.9
38.9
37.1
38.0
37.36666666666667
38.35
37.7
37.7
38.3
38.3
37.1
37.1
37.1
38.300000000000004
37.666666666666664
38.199999999999996
37.74285714285715
38.13333333333333
38.3
38.3
37.1
38.25
37.371428571428574
38.449999999999996
37.84285714285714
38.03333333333333
38.5
37.55714285714286
38.349999999999994
38.349999999999994
37.0
38.325
38.325
37.0
38.199999999999996
37.5
38.5
37.660000000000004
37.85
38.0
38.0
37.98571428571429
37.800000000000004
37.9
38.07142857142857
37.56
37.56
39.0
37.68333333333333
38.58
37.74285714285714
38.379999999999995
38.379999999999995
38.0
38.449999999999996
37.46666666666667
38.53333333333334
37.733333333333334
38.5
38.0
38.0
38.9
37.6
37.96
37.82857142857143
37.857142857142854
38.449999999999996
37.78333333333333
38.266666666666666
37.371428571428574
38.725
38.725
38.725
38.725
38.725
38.725
37.25
37.25
38.4
37.81666666666666
38.266666666666666
37.699999999999996
37.9
37.733333333333334
37.457142857142856
38.300000000000004
37.46666666666667
37.833333333333336
37.35
38.8
38.8
37.1
38.0
38.0
37.8
37.96666666666667
37.96666666666667
37.96666666666667
37.239999999999995
38.07142857142857
37.5
37.942857142857136
38.233333333333334
37.06666666666667
38.0
37.7
37.7
38.13333333333333
37.7
37.7
38.1
38.1
38.1
36.8
37.871428571428574
37.333333333333336
38.42
38.42
38.42
38.42
37.449999999999996
38.36666666666667
37.7
37.7
37.92857142857143
37.339999999999996
36.9
36.9
36.9
36.9
36.75
36.75
36.75
36.75
36.75
38.6
37.82
37.82
36.8
38.1
37.32857142857143
37.32857142857143
37.32857142857143
37.4
37.4
37.4
38.2
38.2
37.7
38.25
38.25
38.25
38.25
38.25
37.6
37.26666666666667
38.0
38.0
37.8
37.8
37.075
38.07142857142857
38.07142857142857
38.07142857142857
37.800000000000004
37.61666666666667
38.22
37.166666666666664
37.93333333333333
37.93333333333333
36.9
38.2
38.2
37.1
37.949999999999996
37.550000000000004
38.199999999999996
37.371428571428574
38.3
37.483333333333334
37.78333333333333
38.300000000000004
38.050000000000004
37.86666666666667
38.05
37.449999999999996
38.13333333333333
38.13333333333333
36.9
38.27142857142858
37.771428571428565
37.82857142857143
37.82857142857143
37.82857142857143
37.4
38.3
37.46666666666667
37.75
37.916666666666664
37.1
37.1
37.800000000000004
37.333333333333336
38.083333333333336
37.92857142857143
37.4
37.4
37.4
37.4
37.4
37.75
38.13333333333333
37.949999999999996
37.300000000000004
38.475
38.475
38.475
38.475
38.475
38.475
37.1
37.1
37.1
37.1
37.1
37.1
37.1
37.1
37.1
37.1
37.1
37.1
37.1
37.1
37.1
37.1
37.1
37.0
38.01428571428572
37.56666666666666
37.9
37.9
37.46666666666667
37.46666666666667
38.8
37.942857142857136
38.050000000000004
37.528571428571425
38.12
37.55
37.85
37.75
37.75
36.9
36.9
37.36666666666667
38.3
37.9
38.8
38.8
37.6
37.6
37.6
37.471428571428575
38.0
38.0
37.54
37.98333333333333
37.25
38.36
37.166666666666664
37.166666666666664
38.333333333333336
37.32
38.17142857142857
37.32857142857143
37.7
37.871428571428574
37.583333333333336
38.15
37.08571428571429
38.18
37.31666666666666
37.31666666666666
38.7
37.449999999999996
38.0
38.0
37.4
37.628571428571426
37.42857142857143
37.42857142857143
37.42857142857143
37.900000000000006
37.900000000000006
37.42
38.07142857142857
37.48571428571428
37.94285714285714
37.6
37.6
38.5
37.224999999999994
37.224999999999994
38.7
37.43333333333334
38.214285714285715
37.166666666666664
38.114285714285714
37.06666666666666
37.06666666666666
38.8
37.7
37.7
37.7
37.58
38.0
38.9
38.9
37.099999999999994
37.099999999999994
37.099999999999994
36.8
37.699999999999996
37.2
38.199999999999996
37.56666666666667
37.56666666666667
38.166666666666664
38.166666666666664
37.1
37.25
37.25
37.25
37.25
37.25
37.25
37.25
37.61666666666667
37.7
37.9
37.9
37.849999999999994
37.61666666666667
37.800000000000004
37.5
37.5
38.6
37.65
38.150000000000006
38.150000000000006
37.059999999999995
38.199999999999996
37.5
38.1
38.1
36.9
37.78333333333333
37.78333333333333
37.78333333333333
36.8
37.833333333333336
37.38333333333333
37.800000000000004
37.85
37.46666666666667
38.15714285714286
37.25
38.13333333333333
37.5
38.05714285714286
37.2
37.2
38.5
37.57142857142857
38.4
38.4
37.74
37.98571428571428
37.98571428571428
37.98571428571428
37.98571428571428
37.98571428571428
37.55
38.300000000000004
38.300000000000004
38.1
38.6
38.6
38.6
37.2
37.6
37.36666666666667
38.35
37.54
37.54
38.9
37.75
37.916666666666664
37.78333333333333
37.542857142857144
38.7
38.7
37.3
37.3
38.3
37.733333333333334
37.733333333333334
37.733333333333334
37.2
37.74285714285714
37.728571428571435
38.199999999999996
37.63333333333333
38.07142857142857
37.74285714285714
38.0
38.9
38.9
38.9
38.9
37.32000000000001
38.1
38.1
38.1
38.1
37.8
37.8
38.6
37.4
38.300000000000004
38.300000000000004
38.300000000000004
38.43333333333333
37.1
37.1
37.8
37.8
37.6
37.0
37.0
37.9
37.06666666666667
38.26666666666667
38.26666666666667
36.8
38.214285714285715
37.471428571428575
38.349999999999994
38.349999999999994
37.266666666666666
37.15
37.15
37.15
38.239999999999995
38.8
38.5
38.5
37.0
37.0
38.199999999999996
38.15
38.15
37.8
38.13333333333333
37.871428571428574
37.5
37.1
37.1
37.45
38.125
38.125
38.5
37.550000000000004
38.8
38.8
38.12
38.12
38.6
38.15714285714286
37.73333333333333
37.73333333333333
38.06666666666667
37.833333333333336
37.6
38.43333333333333
37.7
37.7
37.7
37.7
37.5
36.9
36.9
36.9
36.9
37.849999999999994
38.25
37.8
37.8
38.12
38.12
38.12
38.58
37.67142857142857
38.21666666666667
38.21666666666667
38.8
38.199999999999996
38.199999999999996
37.6
38.35
37.4
37.699999999999996
38.2
38.2
37.6
37.300000000000004
37.300000000000004
38.4
37.42857142857143
38.057142857142864
38.15
38.15
38.15
37.95
37.885714285714286
38.22
37.5
38.06666666666667
37.75
37.4
37.4
38.9
37.8
38.58
37.35
37.35
37.8
37.73333333333333
37.73333333333333
38.0
38.0
37.45
37.871428571428574
37.8
37.8
37.86666666666667
38.21666666666667
38.21666666666667
38.21666666666667
38.21666666666667
38.21666666666667
38.21666666666667
38.21666666666667
38.14
37.95
37.95
37.42
37.42
37.1
37.425
37.425
37.9
37.9
37.3
37.6
37.6
38.26666666666667
37.44
37.44
37.44
37.44
38.8
38.8
37.44
37.699999999999996
37.699999999999996
36.7
37.300000000000004
37.300000000000004
37.7
37.3
37.3
37.900000000000006
37.900000000000006
37.1
37.983333333333334
37.5
37.75
37.75
37.75
37.5
37.41428571428571
38.199999999999996
37.86666666666667
37.86666666666667
37.839999999999996
37.766666666666666
37.766666666666666
38.6
37.800000000000004
36.58
37.8
37.8
37.1
37.81428571428571
37.285714285714285
37.760000000000005
37.325
37.325
37.5
37.44
37.44
37.2
37.43333333333334
37.4
37.4
38.0
37.32857142857143
37.9
37.9
37.32
37.7
37.7
38.5
37.7
37.7
36.7
36.7
38.1
37.775
37.775
37.300000000000004
37.300000000000004
37.300000000000004
37.300000000000004
37.300000000000004
37.300000000000004
36.7
37.38
37.38
38.0
36.980000000000004
36.980000000000004
37.8
37.1
37.1
37.75
37.41428571428571
37.800000000000004
37.08
37.08
37.650000000000006
37.2
38.01428571428572
37.325
37.325
38.4
37.5
37.583333333333336
37.45
37.45
37.45
37.45
37.4
37.7
37.7
37.8
37.8
37.8
37.8
37.8
37.34
37.34
38.5
37.6
37.6
37.7
37.7
38.1
37.13333333333333
37.9
37.9
36.7
37.41428571428572
37.114285714285714
38.0
37.13333333333333
37.666666666666664
37.666666666666664
37.025000000000006
37.81666666666667
36.8
36.8
38.0
37.25
38.0
38.0
38.0
38.0
37.32857142857143
37.63333333333333
37.12
37.12
37.599999999999994
37.36666666666667
37.4
37.4
38.6
37.7
37.7
37.099999999999994
37.82857142857142
37.05
37.55714285714286
37.55714285714286
37.55714285714286
37.516666666666666
36.76666666666667
36.76666666666667
36.76666666666667
37.1
37.1
37.2
37.550000000000004
37.4
37.75714285714286
36.9
37.85
37.85
37.4
37.4
37.4
37.699999999999996
37.233333333333334
38.6
38.6
36.9
36.9
37.56
37.7
37.7
37.333333333333336
37.333333333333336
38.5
37.73333333333333
37.73333333333333
36.8
38.1
38.1
36.975
37.85
36.7
36.7
37.5
37.15
38.05714285714286
37.13333333333333
37.53333333333333
37.0
37.0
37.9
37.32857142857143
37.5
38.7
38.7
37.43333333333333
37.9
36.81428571428571
37.416666666666664
37.57142857142857
37.4
37.4
37.425
37.766666666666666
37.766666666666666
37.1
37.583333333333336
37.728571428571435
36.9
37.9
37.199999999999996
37.199999999999996
37.86
37.0
37.0
38.5
37.1
37.1
37.31666666666666
37.800000000000004
37.800000000000004
37.25
37.699999999999996
37.471428571428575
37.1
37.728571428571435
37.32857142857143
37.45
37.45
37.150000000000006
37.36666666666667
38.0
38.0
37.285714285714285
37.699999999999996
37.07142857142857
37.5
37.35
36.666666666666664
37.34285714285714
37.233333333333334
37.34285714285714
37.28
37.28
37.28
37.642857142857146
36.7
36.7
36.7
37.55
38.0
38.0
36.825
36.825
38.5
37.0
37.0
37.8
36.971428571428575
37.800000000000004
37.36666666666667
37.36666666666667
37.36666666666667
37.36666666666667
37.05
37.771428571428565
36.8
36.8
37.940000000000005
37.940000000000005
37.2
36.6
36.6
38.08
36.857142857142854
37.7
37.7
37.7
37.31428571428571
36.839999999999996
37.8
37.8
36.760000000000005
37.457142857142856
36.86666666666667
38.2
38.2
36.942857142857136
37.15
37.42857142857143
36.771428571428565
37.733333333333334
37.05
38.3
38.3
37.17142857142857
37.36666666666667
37.77142857142858
37.4
37.4
37.199999999999996
37.54
37.54
37.1
37.96666666666667
37.96666666666667
36.8
37.5
37.300000000000004
37.666666666666664
37.666666666666664
37.06666666666667
37.28333333333333
37.41428571428571
36.9
36.6
36.6
37.7
37.35
38.0
38.0
37.14
37.300000000000004
37.85
37.85
36.7
38.3
38.3
37.17999999999999
37.4
36.775
36.775
37.55
37.55
37.0
37.51428571428571
37.55
37.55
37.7
37.559999999999995
37.559999999999995
36.6
37.34285714285715
37.56666666666666
37.1
37.1
38.1
37.199999999999996
37.56666666666667
36.800000000000004
37.785714285714285
37.15
37.15714285714286
37.833333333333336
36.833333333333336
37.357142857142854
37.357142857142854
37.357142857142854
37.339999999999996
38.3
38.3
36.53333333333333
37.9
37.07142857142857
37.65
37.65
37.5
37.642857142857146
36.75
36.75
36.75
37.1
37.1
37.1
36.8
37.528571428571425
37.03333333333333
37.73333333333333
36.9
37.25
37.56666666666666
37.099999999999994
37.099999999999994
38.4
38.4
36.6
37.471428571428575
37.5
37.5
37.0
37.71666666666666
37.266666666666666
37.666666666666664
36.75
36.75
38.3
36.8
36.8
37.45
37.5
37.5
36.7
37.9
37.9
37.9
36.766666666666666
36.766666666666666
36.766666666666666
36.766666666666666
36.766666666666666
36.9
37.48571428571428
37.2
37.35
37.1
36.833333333333336
37.84285714285714
36.55
36.55
36.55
36.5
36.5
38.4
37.55
37.55
36.940000000000005
37.6
37.6
36.800000000000004
37.857142857142854
37.857142857142854
37.857142857142854
37.46
37.0
37.75
37.75
36.7
37.699999999999996
36.766666666666666
36.766666666666666
37.53333333333333
37.53333333333333
36.7
37.766666666666666
36.800000000000004
38.3
38.3
36.8
37.4
37.06666666666667
37.642857142857146
37.07142857142857
37.06666666666666
37.06666666666666
38.2
37.65
37.614285714285714
37.042857142857144
37.51666666666667
36.6
37.53333333333333
37.666666666666664
37.666666666666664
36.8
36.5
36.5
37.36666666666667
37.766666666666666
37.0
37.925
37.925
38.4
37.285714285714285
37.4
37.4
37.4
37.199999999999996
37.199999999999996
37.199999999999996
37.199999999999996
37.7
37.300000000000004
37.06666666666667
37.43333333333333
37.91428571428571
36.92
37.728571428571435
36.6
36.6
36.56666666666666
36.56666666666666
36.56666666666666
36.56666666666666
36.8
37.300000000000004
36.9
36.9
37.7
36.949999999999996
36.949999999999996
38.2
37.4
36.839999999999996
36.839999999999996
36.4
36.4
36.4
37.46666666666667
36.81666666666667
37.68571428571429
37.699999999999996
36.8
36.8
37.55
37.142857142857146
37.142857142857146
37.142857142857146
37.44285714285714
37.2
37.1
37.1
37.5
37.5
37.5
36.76
37.114285714285714
35.9
35.9
36.4
37.0
36.885714285714286
37.642857142857146
36.666666666666664
37.285714285714285
37.2
37.2
37.25
36.5
37.1
37.05
37.05
37.2
37.17142857142857
37.01428571428572
38.2
38.2
37.18
37.471428571428575
37.471428571428575
37.471428571428575
37.471428571428575
37.471428571428575
37.54
37.08571428571429
37.25
37.25
36.574999999999996
37.24285714285714
37.1
36.7
36.4
37.1
37.6
36.9
36.9
37.8
37.8
36.3
37.516666666666666
36.3
36.3
37.38
37.38
37.0
36.95
36.95
36.95
37.2
37.5
36.6
36.6
36.6
36.6
36.6
36.4
36.4
37.333333333333336
36.699999999999996
37.9
37.9
37.9
37.9
37.9
37.0
36.5
36.5
37.61666666666667
37.61666666666667
37.61666666666667
37.7
37.7
36.4
36.9
36.9
36.9
37.55
37.55
37.55
36.8
36.8
37.55
36.8
36.8
37.260000000000005
36.48
36.48
38.2
36.74285714285714
37.71666666666667
36.9
37.5
37.5
37.5
37.5
37.720000000000006
37.0
37.58571428571429
37.58
37.05714285714286
37.05714285714286
37.05714285714286
36.9
38.0
38.0
36.95
37.699999999999996
37.06666666666667
37.18
37.1
37.1
36.73333333333333
36.73333333333333
36.9
37.4
37.57142857142857
36.916666666666664
37.5
37.300000000000004
36.96666666666667
36.96666666666667
38.3
36.94285714285714
37.44
37.3
37.1
37.56666666666667
37.23333333333333
37.8
37.8
36.7
36.7
37.3
36.4
36.4
37.03333333333333
37.63333333333333
36.9
37.3
37.3
36.849999999999994
36.849999999999994
36.849999999999994
36.849999999999994
36.925
37.800000000000004
38.2
38.2
36.8
37.36666666666667
36.92857142857143
37.1
36.4
36.4
36.86
37.6
37.050000000000004
37.08571428571429
37.4
37.4
36.7
37.36666666666667
36.885714285714286
37.300000000000004
37.300000000000004
37.300000000000004
37.300000000000004
37.0
37.25
37.233333333333334
37.233333333333334
37.7
36.94285714285714
37.56
37.471428571428575
36.800000000000004
37.61666666666667
37.61666666666667
37.61666666666667
37.4
36.825
36.825
36.6
37.43333333333333
37.042857142857144
37.23333333333333
37.357142857142854
37.357142857142854
37.357142857142854
37.519999999999996
37.519999999999996
37.519999999999996
37.519999999999996
36.7
38.0
38.0
38.0
37.06666666666667
36.9
36.9
36.78
37.739999999999995
36.76666666666667
36.76666666666667
37.2
36.785714285714285
37.4
37.199999999999996
37.199999999999996
37.8
37.05
37.1
37.1
37.1
37.1
37.1
37.08
37.01666666666667
37.4
37.4
37.4
37.36666666666667
36.5
36.871428571428574
37.6
36.6
37.228571428571435
37.228571428571435
38.1
36.82
36.93333333333334
36.93333333333334
36.93333333333334
36.93333333333334
36.3
36.3
37.6
36.800000000000004
37.214285714285715
38.0
38.0
36.92
37.06666666666667
37.06666666666667
36.1
36.800000000000004
36.75
37.05
37.05
36.7
36.7
36.6
37.32
37.32
36.1
37.339999999999996
37.339999999999996
36.5
36.76666666666667
36.7
37.18571428571429
36.54
36.54
37.6
36.61666666666667
37.471428571428575
37.050000000000004
36.871428571428574
37.300000000000004
36.542857142857144
37.339999999999996
36.88333333333333
37.1
37.239999999999995
37.239999999999995
37.239999999999995
37.239999999999995
37.239999999999995
37.44
36.92
36.92
36.92
37.1
37.1
37.48
37.300000000000004
37.300000000000004
37.300000000000004
37.300000000000004
37.9
36.5
36.5
36.8
37.459999999999994
37.459999999999994
36.96666666666667
36.96666666666667
36.96666666666667
36.96666666666667
37.44
36.699999999999996
37.15714285714286
36.45
36.45
37.53333333333333
36.4
37.63333333333333
37.63333333333333
37.1
37.1
36.2
37.36666666666667
37.36666666666667
37.35
37.35
36.2
37.228571428571435
37.0
37.0
36.25
36.25
36.25
36.25
36.25
37.0
37.15
36.9
36.9
37.55
36.733333333333334
36.733333333333334
36.733333333333334
36.857142857142854
36.857142857142854
36.857142857142854
37.266666666666666
36.739999999999995
36.739999999999995
38.1
36.72857142857142
36.72857142857142
36.72857142857142
36.72857142857142
36.72857142857142
36.72857142857142
36.72857142857142
36.72857142857142
36.72857142857142
36.72857142857142
36.474999999999994
37.66
36.739999999999995
37.18333333333333
37.0
37.349999999999994
37.349999999999994
36.55
37.1
36.86666666666667
37.35
37.35
36.5
37.38
37.38
36.8
37.0
37.0
37.0
37.0
36.2
37.43333333333333
36.78333333333333
37.9
37.9
37.9
37.9
37.9
37.9
37.15
36.85
36.75714285714286
37.32857142857143
36.63333333333333
36.98571428571428
37.15
37.15
37.15
36.91428571428571
37.028571428571425
37.449999999999996
37.449999999999996
36.2
37.333333333333336
37.333333333333336
36.599999999999994
36.599999999999994
36.599999999999994
37.25
36.38333333333333
36.38333333333333
36.38333333333333
36.38333333333333
36.38333333333333
37.166666666666664
36.84285714285714
36.3
36.3
36.7
36.7
36.7
37.62
37.62
36.6
36.86666666666667
36.666666666666664
36.666666666666664
36.5
37.28333333333333
36.050000000000004
36.050000000000004
36.050000000000004
37.7
37.7
36.7
36.7
36.7
37.18571428571429
36.325
36.325
37.6
36.73333333333333
36.73333333333333
36.73333333333333
36.85
35.95
35.95
37.4
36.6
36.6
37.6
37.199999999999996
37.128571428571426
36.6
36.6
36.3
37.8
37.8
36.3
36.3
36.8
36.94
36.94
35.8
36.96
36.96
35.9
36.8
36.2
36.2
37.14
37.14
37.0
37.199999999999996
36.300000000000004
36.9
36.6
36.6
36.575
36.739999999999995
36.739999999999995
37.0
36.58
36.959999999999994
36.199999999999996
36.199999999999996
36.199999999999996
36.199999999999996
36.8
36.8
37.2
36.714285714285715
36.64
37.199999999999996
36.75714285714286
37.1
36.766666666666666
36.800000000000004
36.94285714285714
36.733333333333334
36.68333333333333
36.82857142857143
36.74
36.74
36.2
36.375
36.375
37.05
36.8
36.8
37.625
36.67142857142857
37.016666666666666
37.1
37.075
37.075
36.86666666666667
37.31428571428571
37.050000000000004
36.75
37.199999999999996
36.45
36.45
36.8
36.8
37.7
36.56
36.56
37.55
37.416666666666664
36.980000000000004
36.980000000000004
37.8
37.11666666666667
36.733333333333334
36.733333333333334
37.45
36.766666666666666
36.766666666666666
37.575
36.68571428571429
36.68571428571429
36.68571428571429
37.15714285714285
36.96666666666667
37.0
37.0
36.5
37.38
37.38
36.5
37.0
37.0
37.1
36.6
37.166666666666664
36.885714285714286
36.925000000000004
36.925000000000004
37.1
37.35
37.35
36.0
36.0
36.0
36.7
36.7
36.8
37.3
36.766666666666666
36.766666666666666
36.766666666666666
37.028571428571425
37.18333333333333
37.18333333333333
37.18333333333333
37.220000000000006
37.220000000000006
36.2
36.2
36.2
37.766666666666666
36.5
36.5
36.9
36.9
36.9
36.9
36.480000000000004
37.42857142857143
37.1
36.660000000000004
36.660000000000004
37.9
36.81428571428571
37.23333333333333
36.42857142857143
37.35
36.542857142857144
37.0
37.4
37.4
37.4
36.766666666666666
37.333333333333336
37.333333333333336
38.0
37.68
37.68
37.68
37.725
36.725
36.725
38.1
37.0
37.44
37.44
37.44
37.44
37.44
37.44
37.44
37.44
37.7
37.7
37.1
37.1
37.1
37.4
37.4
36.875
36.875
36.875
37.5
37.5
36.5
36.5
37.0
37.7
37.7
37.7
37.7
37.7
37.233333333333334
36.3
36.3
37.8
37.8
37.43333333333333
37.300000000000004
36.56666666666667
37.23333333333333
36.4
37.15
37.15
36.3
36.3
37.8
36.65
37.333333333333336
36.771428571428565
37.300000000000004
36.833333333333336
36.833333333333336
37.6
36.52857142857143
37.06666666666667
37.06666666666667
36.5
37.72
37.72
36.7
37.260000000000005
37.260000000000005
36.1
36.1
36.1
36.5
37.339999999999996
36.63333333333333
36.63333333333333
38.1
36.81428571428571
37.42
36.63333333333333
36.63333333333333
37.1
36.871428571428574
37.266666666666666
37.25
37.25
36.2
36.2
36.2
37.6
37.6
37.6
37.228571428571435
36.86666666666667
37.4
37.4
37.4
37.459999999999994
36.760000000000005
37.02
37.02
36.1
37.23333333333333
37.23333333333333
36.9
36.9
36.9
36.6
36.65714285714286
37.46666666666667
37.271428571428565
36.766666666666666
37.271428571428565
36.56666666666666
36.56666666666666
36.56666666666666
36.56666666666666
36.56666666666666
36.916666666666664
36.98571428571428
36.7
36.7
37.266666666666666
36.2
36.2
37.17999999999999
37.0
37.0
36.75
36.75
36.75
36.75
36.75
37.074999999999996
37.15
37.15
37.0
37.0
37.45
36.81428571428571
37.35
36.699999999999996
37.300000000000004
37.55
37.55
37.1
37.1
36.2
37.339999999999996
37.339999999999996
36.2
37.12
36.86666666666667
36.86666666666667
37.4
37.05
37.05
37.03333333333333
37.5
37.5
36.457142857142856
37.9
37.9
36.425
37.1
36.56666666666667
37.56
37.56
36.2
37.9
37.9
36.6
37.4
37.4
36.1
36.1
36.1
36.96666666666667
37.01428571428572
37.0
37.4
36.4
36.4
37.800000000000004
37.800000000000004
37.800000000000004
37.371428571428574
37.06
37.642857142857146
36.766666666666666
37.5
37.199999999999996
36.68571428571429
37.76666666666667
36.459999999999994
36.459999999999994
38.2
36.4
36.4
38.2
38.2
38.2
37.7
37.1
37.55
37.57142857142857
37.11666666666667
37.8
37.8
36.7
37.614285714285714
37.333333333333336
37.8
37.8
37.1
37.55
37.6
37.6
36.9
37.449999999999996
36.800000000000004
37.08571428571429
37.440000000000005
37.5
37.5
38.2
38.2
38.3
36.98571428571428
37.65
37.65
36.6
37.57142857142857
37.05
37.05
37.45
36.4
36.4
37.22
37.528571428571425
37.0
37.67142857142857
37.44285714285714
37.44285714285714
37.44285714285714
37.166666666666664
37.9
37.9
38.2
37.45714285714286
37.45
37.45
37.45
37.45
37.3
37.699999999999996
36.9
36.9
37.379999999999995
37.379999999999995
37.379999999999995
37.7
37.06666666666667
36.9
36.9
36.9
36.9
37.06
38.31666666666666
37.699999999999996
37.08571428571429
37.35
37.771428571428565
36.86666666666667
37.528571428571425
37.43333333333333
37.6
37.6
38.08
36.6
36.6
38.0
37.01428571428572
37.85
37.2
37.2
37.82
37.82
37.82
37.45
37.45
37.45
37.45
37.45
37.45
37.45
37.45
36.6
38.4
38.4
37.599999999999994
37.599999999999994
36.925
37.339999999999996
37.339999999999996
36.9
37.75714285714286
37.28333333333333
37.64
37.64
38.4
36.5
36.5
37.166666666666664
37.6
37.6
36.6
37.480000000000004
37.480000000000004
37.5
37.68571428571429
37.68571428571429
36.7
37.61666666666667
37.050000000000004
37.6
37.48571428571428
37.57142857142857
37.885714285714286
37.371428571428574
37.63333333333333
36.699999999999996
36.699999999999996
36.699999999999996
38.4
38.4
38.4
36.9
37.599999999999994
37.599999999999994
37.06
37.6
37.6
37.1
37.0
37.0
37.92
37.53333333333333
37.959999999999994
37.959999999999994
37.55
37.699999999999996
37.957142857142856
37.34285714285715
38.25
38.25
38.25
38.25
38.25
37.53333333333333
37.5
38.0
38.0
36.7
38.1
37.84
37.699999999999996
38.03333333333333
37.02
37.85
37.28333333333333
38.01428571428572
37.08
37.08
36.8
37.46666666666666
37.6
37.480000000000004
37.457142857142856
38.15
37.32857142857143
37.583333333333336
37.971428571428575
37.3
37.3
38.0
38.5
38.5
37.2
37.73333333333333
37.48
37.48
37.48
37.44285714285714
37.699999999999996
38.1
38.1
37.400000000000006
37.96
37.96
36.9
38.6
38.6
37.1
37.760000000000005
37.13333333333333
38.175
38.175
36.7
37.75
37.18333333333333
38.0
38.0
36.93333333333333
37.857142857142854
37.35
38.3
38.3
36.975
37.84285714285714
37.56666666666667
37.4
37.48333333333333
37.385714285714286
38.128571428571426
37.24285714285714
37.739999999999995
37.739999999999995
36.5
37.9
37.9
37.2
37.57142857142857
37.5
38.1
38.1
36.9
38.0
37.4
37.4
37.4
37.44
37.96666666666666
37.14
37.14
37.14
37.614285714285714
37.471428571428575
38.04
37.4
38.2
37.150000000000006
37.150000000000006
37.150000000000006
37.31428571428571
37.800000000000004
37.357142857142854
37.357142857142854
37.357142857142854
37.416666666666664
38.1
38.1
37.0
38.01428571428572
37.34
38.6
38.6
37.2
37.725
37.725
36.95
37.68
36.96666666666667
37.971428571428575
37.971428571428575
37.971428571428575
37.91428571428571
37.050000000000004
37.75
37.75
37.32
38.1
37.3
37.3
38.06666666666667
37.44
37.916666666666664
37.666666666666664
37.65714285714285
37.9
37.9
37.4
38.3
38.3
37.5
37.0
37.0
37.0
37.224999999999994
37.224999999999994
37.224999999999994
37.224999999999994
37.266666666666666
37.4
37.4
37.666666666666664
36.96
36.96
38.7
37.125
37.125
38.05
37.220000000000006
37.85
37.85
37.2
37.65
37.08
38.3
38.3
37.55
37.65
37.28
37.28
38.6
38.6
38.6
37.71666666666667
37.25714285714286
37.949999999999996
37.5
37.57142857142857
37.771428571428565
37.300000000000004
37.46666666666667
37.4
37.2
37.766666666666666
37.766666666666666
37.4
37.85
37.31428571428571
37.4
37.5
36.86
37.65
37.36666666666667
37.36666666666667
37.36666666666667
37.36666666666667
37.36666666666667
38.5
36.96
36.96
37.55
37.55
37.55
37.160000000000004
37.333333333333336
36.5
36.5
36.5
37.3
37.9
37.28333333333333
37.28333333333333
37.28333333333333
36.76666666666667
37.959999999999994
37.6
37.28333333333333
37.76
37.76
37.76
37.76
37.76
37.36
37.266666666666666
37.8
37.8
37.8
37.8
37.88
36.95
37.4
37.65
37.01428571428571
37.8
37.13333333333333
37.300000000000004
37.5
37.300000000000004
37.300000000000004
37.300000000000004
37.300000000000004
37.300000000000004
36.2
37.65
37.17142857142857
37.56
37.642857142857146
36.7
37.7
36.7
36.7
37.6
37.06666666666667
37.457142857142856
36.3
36.3
37.833333333333336
36.78333333333333
37.24
37.44
37.35
37.35
37.325
37.26666666666667
37.8
36.72
37.5
37.45
37.4
37.550000000000004
37.550000000000004
37.550000000000004
36.93333333333333
37.1
37.4
37.4
37.9
36.4
36.4
37.800000000000004
38.0
37.45
37.45
37.15
37.42857142857143
36.959999999999994
36.959999999999994
38.3
37.519999999999996
37.471428571428575
36.666666666666664
37.57142857142857
36.949999999999996
36.839999999999996
37.550000000000004
36.81666666666666
37.471428571428575
37.17142857142857
37.016666666666666
37.371428571428574
36.666666666666664
38.3
38.3
36.7
36.7
36.7
37.76666666666667
37.1
37.1
38.0
36.86
36.86
37.7
37.7
37.7
36.58
37.5
37.5
36.86666666666667
37.019999999999996
37.019999999999996
37.9
37.06666666666666
37.32
36.599999999999994
36.599999999999994
36.599999999999994
36.599999999999994
37.4
36.949999999999996
37.028571428571425
37.6
37.1
37.35
36.92857142857143
37.550000000000004
36.7
37.13333333333333
37.17142857142858
37.1
37.3
36.85
37.7
37.17142857142857
37.15
37.34285714285715
37.28333333333334
37.775
36.699999999999996
37.4
36.96
36.96
36.96
36.96
37.38333333333333
36.74
36.74
36.74
36.51666666666667
37.55714285714286
36.885714285714286
37.14
37.199999999999996
36.74285714285714
37.7
37.7
36.9
37.050000000000004
36.95
37.35
36.46666666666666
37.542857142857144
36.9
37.333333333333336
37.7
36.6
37.57142857142857
36.42
37.4
37.300000000000004
36.56
37.528571428571425
36.9
36.9
37.339999999999996
37.339999999999996
37.339999999999996
37.339999999999996
37.339999999999996
37.339999999999996
37.339999999999996
37.339999999999996
37.339999999999996
37.339999999999996
37.339999999999996
37.339999999999996
37.339999999999996
37.339999999999996
37.339999999999996
37.339999999999996
37.66
36.5
37.166666666666664
36.833333333333336
36.84285714285715
37.06666666666667
36.46666666666667
37.271428571428565
36.45
36.45
36.8
36.8
36.8
37.3
36.73333333333333
37.5
36.95
37.266666666666666
37.266666666666666
36.5
37.4
36.980000000000004
36.88
36.88
36.88
36.88
36.5
36.5
36.5
37.660000000000004
36.871428571428574
37.7
37.15
37.050000000000004
37.48
36.714285714285715
37.528571428571425
36.62
37.5
37.15
36.92857142857143
37.15
36.800000000000004
37.199999999999996
36.6
37.54
37.54
38.0
37.239999999999995
37.333333333333336
36.75
36.75
36.75
36.75
36.75
36.5
37.550000000000004
37.24285714285714
37.11666666666667
37.333333333333336
37.333333333333336
36.775
36.3
36.3
36.3
37.9
37.38
37.300000000000004
36.699999999999996
38.2
38.2
37.38
37.38
37.1
37.614285714285714
37.266666666666666
36.800000000000004
37.6
36.96666666666667
37.4
36.949999999999996
36.8
37.46
36.9
36.9
36.9
36.7
37.333333333333336
37.333333333333336
37.333333333333336
36.96
36.86666666666667
36.86666666666667
38.1
37.14
37.15
36.628571428571426
37.46666666666667
36.699999999999996
37.18571428571429
37.266666666666666
36.833333333333336
37.44285714285714
36.5
36.5
37.260000000000005
37.06666666666666
36.7
37.15714285714286
37.050000000000004
36.857142857142854
37.21666666666667
36.75
37.266666666666666
36.75
37.65
37.65
36.766666666666666
37.13333333333333
37.1
36.785714285714285
37.199999999999996
36.675
36.675
37.9
36.666666666666664
37.32857142857143
36.6
36.6
37.05
36.699999999999996
37.51428571428572
36.666666666666664
37.1
36.739999999999995
37.050000000000004
37.2
37.2
37.059999999999995
36.65
37.1
37.21666666666667
36.6
36.6
37.7
36.916666666666664
37.36666666666667
37.0
37.0
36.64
36.64
38.1
36.46666666666667
36.4
36.4
36.7
37.9
37.9
37.9
37.9
36.55714285714286
37.36666666666667
36.9
36.9
36.2
36.2
37.42
35.9
35.9
37.42
36.7
36.7
37.08
37.08
35.9
36.63333333333333
36.63333333333333
37.0
36.45
36.45
37.8
36.34
37.2
36.35
36.857142857142854
37.06666666666667
36.542857142857144
37.7
37.7
36.56
36.56
36.56
37.43333333333333
36.96
37.6
37.6
37.6
37.6
36.4
36.4
36.4
36.71666666666667
36.71666666666667
36.71666666666667
36.9
36.9
36.9
36.56666666666666
36.56666666666666
36.56666666666666
36.56666666666666
36.56666666666666
36.56666666666666
36.56666666666666
36.56666666666666
36.56666666666666
37.333333333333336
35.9
35.9
36.775
36.775
37.0
36.53333333333333
36.53333333333333
37.8
36.55
36.45
36.45
36.525
36.525
37.8
36.55
36.980000000000004
36.980000000000004
36.980000000000004
36.75
36.75
37.333333333333336
37.333333333333336
36.13333333333333
37.05714285714286
36.55
37.4
36.63333333333333
37.05714285714286
36.900000000000006
36.53333333333333
36.53333333333333
36.53333333333333
36.300000000000004
36.9
36.300000000000004
37.07142857142857
37.07142857142857
36.0
37.199999999999996
37.199999999999996
36.75
36.599999999999994
36.599999999999994
37.55
36.85
37.14
37.14
36.1
37.45
37.45
36.233333333333334
37.8
37.8
36.9
36.9
36.0
37.5
37.5
36.900000000000006
36.56666666666667
36.56666666666667
37.040000000000006
36.583333333333336
37.6
37.6
36.46666666666667
36.833333333333336
36.833333333333336
36.525000000000006
37.075
37.075
36.45
36.3
36.3
37.58
37.58
37.58
37.142857142857146
37.142857142857146
37.142857142857146
36.91428571428571
36.800000000000004
36.800000000000004
36.625
36.76666666666667
36.71666666666667
36.71666666666667
36.71666666666667
37.199999999999996
36.675
36.675
36.833333333333336
37.15714285714286
36.65
36.65
37.3
36.9
36.957142857142856
37.45
37.45
37.45
37.45
36.5
36.5
36.5
37.266666666666666
37.266666666666666
37.1
37.18
37.18
36.3
37.15
37.15
36.775
36.9
36.9
37.8
36.471428571428575
37.449999999999996
36.53333333333333
36.9
37.449999999999996
36.82857142857142
37.53333333333333
36.91428571428571
36.75
37.18333333333333
36.4
37.160000000000004
36.6
37.166666666666664
37.271428571428565
36.46666666666667
36.46666666666667
36.46666666666667
37.357142857142854
37.45
36.82857142857143
37.25
36.3
36.3
37.44
36.27142857142857
37.9
37.9
36.5
36.3
36.3
36.0
37.17142857142857
36.85
37.300000000000004
36.766666666666666
36.628571428571426
37.36666666666667
36.55714285714286
36.55714285714286
37.1
36.22
37.4375
37.4375
37.4375
37.18571428571429
36.7
37.06666666666667
37.285714285714285
36.4
37.4
36.25
36.25
38.0
36.36666666666667
37.25
37.25
36.1
37.4
36.1
36.1
37.8
37.8
37.05
36.54
36.54
36.54
36.54
36.54
37.4
36.4
36.86666666666667
36.983333333333334
36.6
37.15714285714286
36.43333333333333
37.14
37.14
36.1
37.36
36.45
38.0
38.0
36.666666666666664
37.15
37.15
36.9
37.075
36.519999999999996
37.525
36.88333333333333
37.18571428571429
36.1
36.1
36.1
36.1
36.7
36.92
36.75
36.75
37.7
36.7
37.166666666666664
37.05
37.5
36.4
37.11666666666667
37.15
36.540000000000006
37.4
37.4
36.733333333333334
36.96
36.53333333333334
37.449999999999996
36.36666666666667
37.199999999999996
36.98571428571428
37.0
36.8
36.8
36.9
36.6
37.279999999999994
36.76666666666667
37.9
37.9
36.4
37.739999999999995
37.739999999999995
36.5
37.042857142857144
36.425
36.425
37.9
36.3625
37.449999999999996
36.88333333333333
38.0
38.0
36.55
37.7
37.7
37.7
37.36666666666667
36.65
36.65
37.8
36.666666666666664
36.88
36.7
36.7
37.050000000000004
36.68333333333334
37.333333333333336
36.628571428571426
37.43333333333333
36.583333333333336
37.25
37.25
36.4
37.15
36.5
36.74285714285714
36.91428571428572
36.35
37.3
36.6
37.06666666666666
37.128571428571426
36.449999999999996
37.56666666666666
37.56666666666666
37.56666666666666
37.15
37.15
36.1
36.1
36.1
37.15
36.4
36.4
37.375
36.4
36.4
37.7
36.95
36.9
36.41428571428571
37.016666666666666
36.199999999999996
37.05714285714286
36.725
36.725
37.0
36.46666666666667
36.93333333333334
36.91428571428571
36.36666666666667
36.36666666666667
37.7
36.63333333333333
37.2
37.2
37.2
37.2
36.6
36.84
36.614285714285714
36.900000000000006
36.900000000000006
37.5
36.957142857142856
36.957142857142856
36.957142857142856
36.81666666666667
36.68333333333333
36.42
36.98571428571429
36.36
37.05714285714286
36.9
36.714285714285715
37.05
36.642857142857146
37.2
37.2
36.68
36.53333333333333
37.9
37.9
36.4
36.4
37.7
36.800000000000004
37.08571428571429
37.08571428571429
37.08571428571429
37.18333333333333
37.8
37.8
36.400000000000006
37.4
36.885714285714286
36.8
37.13333333333333
36.75
37.14
37.14
37.14
37.14
37.14
38.0
36.93333333333333
36.9
36.9
36.6
37.13333333333333
36.6
36.949999999999996
37.15
36.7
36.7
37.160000000000004
36.61666666666667
37.3
37.3
36.660000000000004
36.660000000000004
37.6
37.07142857142857
36.550000000000004
37.03333333333333
36.8
36.8
36.8
37.18
36.38
37.1
36.9
36.43333333333333
37.04
36.371428571428574
36.371428571428574
36.371428571428574
36.800000000000004
36.57142857142857
36.800000000000004
36.9
36.43333333333333
37.7
37.7
36.63333333333333
37.0
37.15
36.54
36.54
37.3
36.82857142857143
36.720000000000006
36.800000000000004
36.699999999999996
36.5
36.86666666666667
36.75714285714286
36.96666666666666
36.96666666666666
37.13333333333333
37.0
37.0
36.8
36.58
37.05
37.13333333333333
36.699999999999996
36.53333333333333
36.8
36.8
36.58
36.58
36.58
36.720000000000006
36.58571428571429
37.166666666666664
36.5
36.5
36.94285714285714
36.733333333333334
36.41428571428571
36.699999999999996
36.98333333333333
36.34285714285714
36.9
36.88333333333333
36.199999999999996
36.75714285714286
37.199999999999996
36.3
36.3
36.3
36.3
36.3
36.4
37.0
36.82857142857143
36.660000000000004
36.660000000000004
37.4
35.9
35.9
36.666666666666664
36.86666666666667
36.416666666666664
36.36666666666667
36.9
36.36
36.36
35.9
36.449999999999996
36.48571428571429
36.833333333333336
36.54
36.471428571428575
36.75
36.91428571428571
36.279999999999994
37.2
37.2
37.5
36.5
36.85
36.65
36.53333333333333
36.85
36.96666666666667
36.36666666666667
36.714285714285715
36.46666666666667
36.9
36.9
37.2
37.2
36.0
37.075
37.075
37.4
37.0
36.5
36.65714285714286
36.779999999999994
36.58
36.58
36.3
36.86666666666667
36.51428571428572
36.43333333333333
36.800000000000004
36.800000000000004
37.0
36.8
36.8
36.8
36.5
36.833333333333336
37.15
37.15
35.9
36.88333333333333
36.88333333333333
36.88333333333333
36.9
36.9
36.9
36.1
37.1125
36.71666666666666
36.57142857142857
36.73333333333333
36.6
36.68333333333333
36.75714285714286
36.833333333333336
36.67142857142857
36.733333333333334
36.949999999999996
36.96
36.528571428571425
37.21666666666667
36.733333333333334
36.733333333333334
36.6
37.0
36.34285714285714
37.08571428571429
36.5
36.44285714285714
35.8
35.8
36.44
36.76666666666667
37.199999999999996
36.5
36.86666666666667
37.016666666666666
36.56666666666667
36.699999999999996
36.800000000000004
36.63333333333333
36.95
36.916666666666664
36.62
37.1
36.6
36.6
36.55
37.199999999999996
37.01428571428572
36.779999999999994
36.833333333333336
36.833333333333336
36.425
37.4
37.333333333333336
36.6
37.8
37.8
36.78333333333334
36.85
37.9
37.9
36.9
36.9
37.1
36.73333333333333
36.86666666666667
37.059999999999995
36.9
37.13333333333333
37.13333333333333
37.13333333333333
37.13333333333333
37.2
37.2
37.8
36.949999999999996
37.233333333333334
37.166666666666664
36.1
36.1
37.52
36.971428571428575
36.85
36.85
36.85
36.7
37.3
36.6
36.65
37.4
37.4
37.03333333333333
37.15714285714285
37.18
37.18
36.4
37.36
36.93333333333334
36.9
37.260000000000005
37.260000000000005
37.260000000000005
37.9
37.9
37.9
37.9
37.9
37.9
37.9
37.9
37.9
36.825
36.949999999999996
36.833333333333336
36.93333333333334
36.714285714285715
37.1
37.0
36.96
36.81666666666667
37.2
36.75
36.949999999999996
36.949999999999996
36.949999999999996
37.23333333333333
36.5
37.699999999999996
37.699999999999996
37.1
36.78333333333333
36.0
36.0
36.72
37.15
36.8
36.8
36.650000000000006
36.95
36.900000000000006
36.900000000000006
36.5
37.38333333333333
36.6
37.775
37.775
37.775
37.775
37.25
36.949999999999996
36.699999999999996
37.1625
36.1
36.1
37.2
36.65
36.9
37.416666666666664
36.833333333333336
37.525
37.525
37.15
37.6
37.6
37.6
37.6
36.2
37.300000000000004
36.64
37.31428571428571
37.2
37.2
36.4
37.040000000000006
37.040000000000006
36.6
37.300000000000004
37.01428571428571
37.166666666666664
37.25
36.6
36.6
37.55
36.75
37.01428571428571
36.3
36.3
37.1
37.17142857142857
36.63333333333333
37.0
36.92857142857143
36.785714285714285
37.03333333333333
37.300000000000004
36.699999999999996
37.24285714285714
36.6
37.7
37.7
37.13333333333333
36.6
37.36
37.050000000000004
36.916666666666664
37.166666666666664
36.94285714285714
37.150000000000006
37.150000000000006
37.0
36.6
37.9
37.9
36.760000000000005
37.266666666666666
37.266666666666666
37.06666666666667
36.96666666666667
37.1
36.614285714285714
37.1
37.016666666666666
36.449999999999996
37.11666666666667
37.016666666666666
37.0
37.0
37.25
36.483333333333334
36.800000000000004
36.86666666666667
36.68333333333333
37.300000000000004
37.028571428571425
36.525
36.525
37.2
36.550000000000004
37.333333333333336
36.93333333333333
36.900000000000006
36.900000000000006
36.900000000000006
37.0
37.11666666666667
36.949999999999996
37.0
37.0
37.4
36.75714285714286
37.43333333333333
36.916666666666664
36.6
38.0
38.0
36.93333333333334
36.95
36.95
36.599999999999994
37.52
37.52
36.4
37.266666666666666
36.785714285714285
36.63333333333333
37.56666666666667
36.82
36.82
37.9
36.9
37.07142857142857
37.15
37.13333333333333
37.13333333333333
37.13333333333333
37.13333333333333
37.13333333333333
37.8
36.76666666666667
37.128571428571426
37.300000000000004
36.74285714285714
37.199999999999996
37.199999999999996
36.540000000000006
37.214285714285715
36.833333333333336
36.2
36.2
36.839999999999996
36.983333333333334
37.300000000000004
36.4
36.4
37.63333333333333
36.42
37.5
36.800000000000004
36.771428571428565
37.38
36.65
37.699999999999996
37.699999999999996
37.699999999999996
37.699999999999996
37.214285714285715
36.78333333333333
37.43333333333333
36.74
37.0
37.114285714285714
36.660000000000004
37.05714285714286
36.53333333333334
36.96666666666667
37.1
36.03333333333333
36.03333333333333
37.6
36.550000000000004
36.550000000000004
37.53333333333333
37.099999999999994
37.099999999999994
37.6
37.028571428571425
37.028571428571425
37.028571428571425
37.3
37.3
37.3
37.3
37.3
37.3
36.1
37.25
37.0
37.0
37.575
36.94285714285714
37.25
36.4
36.4
36.4
36.58
37.44
37.0
36.857142857142854
37.459999999999994
36.8
36.8
36.739999999999995
36.9
37.333333333333336
36.65714285714286
37.31428571428571
36.85
36.95714285714286
37.28333333333334
37.2
37.2
37.050000000000004
36.72
37.1
36.4
38.0
38.0
36.699999999999996
37.449999999999996
36.43333333333333
37.3
36.82857142857143
37.050000000000004
36.84
36.92857142857143
37.35
36.43333333333334
37.083333333333336
36.85
36.85
36.85
36.85
36.525
37.35
36.771428571428565
37.357142857142854
36.98571428571428
37.0
37.05
37.05
37.3
37.18571428571429
36.86666666666667
37.4
36.5
37.0
37.300000000000004
36.61666666666667
37.075
37.075
36.7
37.34285714285714
36.8
37.42857142857143
37.42857142857143
37.42857142857143
37.371428571428574
37.028571428571425
36.78333333333333
37.43333333333333
37.43333333333333
36.3
37.04
36.92
36.92
38.0
38.0
38.0
36.54
37.225
37.225
36.9
37.78
36.660000000000004
37.6
37.6
36.1
37.385714285714286
36.58
37.5
36.85
36.85
36.85
36.57142857142857
37.4
36.5
37.1
37.1
36.6
37.833333333333336
37.833333333333336
36.8
35.9
35.9
37.5
37.1
37.1
36.63333333333333
36.833333333333336
36.9
36.9
37.45
36.35
37.06666666666666
36.9
37.21666666666667
37.21666666666667
37.21666666666667
38.0
38.0
36.375
37.53333333333333
36.4
37.128571428571426
36.800000000000004
37.06666666666667
37.06666666666667
37.06666666666667
37.03333333333333
36.96666666666667
36.9
37.15714285714285
36.4
37.375
37.375
36.5
37.285714285714285
36.666666666666664
36.666666666666664
37.3
36.65
37.41428571428571
36.6
37.025
37.025
36.1
36.1
36.1
36.65
37.459999999999994
36.550000000000004
37.24285714285714
36.625
36.885714285714286
37.300000000000004
36.65714285714286
37.2
36.528571428571425
37.15
37.120000000000005
37.120000000000005
37.1
36.0
36.0
37.8
36.47142857142857
37.449999999999996
36.6
37.114285714285714
37.0
36.65
36.0
36.0
36.7
36.7
36.35
37.416666666666664
36.41428571428572
37.199999999999996
36.666666666666664
36.666666666666664
37.2
37.040000000000006
37.040000000000006
37.040000000000006
36.0
36.0
36.0
36.0
36.0
37.6
37.6
37.0
36.3
36.3
36.3
36.724999999999994
37.575
37.575
36.5
36.5
36.5
36.85
36.85
36.95
36.95
36.95
37.6
37.6
37.6
36.9
36.84285714285714
36.84285714285714
36.84285714285714
36.5
36.5
36.699999999999996
37.25
37.03333333333333
36.785714285714285
37.54
36.3
37.06666666666666
36.38333333333333
37.35
36.1
36.1
37.13333333333333
36.266666666666666
37.4
36.5
37.25
36.46
36.46
37.9
36.73333333333333
37.35
36.300000000000004
36.25
37.5
36.57142857142857
37.12857142857143
36.980000000000004
36.78333333333333
36.88333333333333
36.728571428571435
37.5
36.56666666666666
37.53333333333334
36.480000000000004
36.480000000000004
37.7
36.62
37.06
37.06
36.5
36.379999999999995
37.214285714285715
37.08
36.542857142857144
35.971428571428575
37.21666666666667
36.199999999999996
37.36666666666667
35.98
35.98
37.7
36.43333333333334
37.01428571428572
36.43333333333333
37.233333333333334
36.36666666666667
37.3
37.3
36.0
37.5
37.5
37.5
37.5
37.5
35.9
37.46666666666667
36.6
36.6
37.239999999999995
36.51428571428571
37.06666666666667
36.5
36.971428571428575
36.82857142857143
36.1
36.1
36.7
36.98571428571428
36.75
37.3
37.3
36.120000000000005
36.857142857142854
36.1
36.1
37.8
37.8
36.7
37.0
36.6
36.983333333333334
36.22857142857143
37.7
37.7
36.52
37.214285714285715
36.5
36.5
36.1
37.7
37.7
36.13333333333333
37.06666666666667
36.2
36.2
36.2
37.166666666666664
36.7
36.56666666666667
36.942857142857136
36.4
37.6
37.6
36.760000000000005
36.9
36.800000000000004
36.971428571428575
36.699999999999996
37.339999999999996
36.65
36.65
37.3
36.949999999999996
36.949999999999996
36.45
37.28
36.6
37.05
37.05
37.26666666666667
37.26666666666667
37.26666666666667
36.3
36.3
36.3
36.3
36.7
36.7
37.13333333333333
36.25714285714286
37.2
37.2
36.6
37.266666666666666
37.266666666666666
37.266666666666666
36.71666666666667
37.4
37.4
36.55
36.614285714285714
36.9
36.5
36.949999999999996
36.61666666666667
37.214285714285715
36.449999999999996
36.46666666666667
36.766666666666666
36.300000000000004
36.75
36.128571428571426
36.9
36.2
36.75
36.666666666666664
36.46666666666667
36.46666666666667
36.46666666666667
37.2
37.2
36.300000000000004
36.728571428571435
35.86
35.86
37.5
37.5
37.5
37.5
36.5
36.5
36.349999999999994
36.583333333333336
36.583333333333336
36.583333333333336
36.019999999999996
36.019999999999996
37.2
36.85
36.0
36.0
37.3
36.25
36.25
36.9
36.1
37.8
37.8
36.375
36.660000000000004
36.660000000000004
36.85
36.300000000000004
37.1
37.1
36.43333333333333
37.1
35.8
35.8
37.400000000000006
36.68333333333333
37.15
37.15
36.53333333333333
36.45
36.45
36.45
36.45
36.45
36.45
36.85
36.660000000000004
36.660000000000004
36.660000000000004
37.220000000000006
36.5
36.771428571428565
36.628571428571426
36.44285714285714
35.8
35.8
35.8
36.95
36.542857142857144
36.68333333333333
36.0
36.971428571428575
36.2
36.2
37.1
35.9
36.6
36.199999999999996
36.199999999999996
37.166666666666664
36.31428571428571
36.7
36.7
35.7
36.43333333333333
35.92
37.114285714285714
35.9
35.9
36.160000000000004
37.2
37.2
36.03333333333334
36.7
36.7
36.9
36.9
36.9
37.199999999999996
36.26666666666667
37.05714285714286
36.13333333333333
37.0
36.5
37.6
37.6
37.6
37.36666666666667
36.57142857142857
36.4
36.74285714285714
36.166666666666664
37.185714285714276
36.03333333333333
37.220000000000006
36.125
36.125
37.5
37.5
37.5
37.5
37.5
36.9
36.9
36.9
37.8
37.3
36.22
37.12
37.12
36.9
36.739999999999995
36.93333333333333
36.75
36.91428571428571
37.25
36.614285714285714
37.56
36.614285714285714
37.6
37.6
36.3
36.5
36.5
37.739999999999995
36.233333333333334
37.26666666666667
36.65714285714286
37.266666666666666
36.6
36.785714285714285
37.214285714285715
36.3
36.3
36.4
36.4
37.35
37.666666666666664
37.666666666666664
36.1
37.12
37.12
36.6
36.400000000000006
36.400000000000006
37.575
36.67142857142857
37.1
36.95
36.95
37.3
37.48333333333333
36.44
36.44
36.5
36.3
36.3
36.3
36.3
36.3
36.3
36.3
36.3
36.3
36.3
36.699999999999996
37.03333333333333
37.17142857142857
36.699999999999996
37.53333333333333
36.642857142857146
37.55
37.6
36.66
36.1
36.48571428571429
37.44
36.91428571428571
37.8
37.8
36.7
36.7
37.5
36.45
37.53333333333333
36.65
36.56666666666667
37.3
36.88333333333333
37.2
37.2
37.2
36.900000000000006
36.900000000000006
36.6
37.05
36.949999999999996
37.7
37.7
37.425
36.68333333333333
37.199999999999996
36.5
36.5
37.400000000000006
36.699999999999996
37.35
35.9
35.9
37.9
36.5
37.0
36.91428571428571
37.9
37.9
36.36666666666667
36.36666666666667
37.400000000000006
36.6
37.35
36.483333333333334
36.88
37.15
36.48571428571428
36.48571428571428
36.48571428571428
36.46666666666667
37.32
36.47142857142857
36.47142857142857
36.47142857142857
36.35
36.2
36.2
36.7
36.75714285714286
36.31666666666667
37.25
37.25
35.9
36.3
36.3
36.3
36.7
36.9
36.542857142857144
37.7
37.7
37.3
37.3
37.3
37.3
37.3
36.333333333333336
37.02857142857143
36.5
36.833333333333336
36.9
36.225
36.9
36.1
36.1
36.25
36.666666666666664
36.666666666666664
37.0
37.38333333333333
36.333333333333336
36.833333333333336
36.949999999999996
36.4
36.4
36.9
36.85
36.85
36.55
36.72857142857142
36.800000000000004
36.457142857142856
37.166666666666664
37.166666666666664
37.166666666666664
37.166666666666664
36.025000000000006
36.833333333333336
36.833333333333336
36.300000000000004
37.38
36.114285714285714
37.1
36.62
36.62857142857143
37.0
36.3
36.3
36.65
36.42
37.0
37.0
36.0
36.971428571428575
36.199999999999996
36.785714285714285
36.583333333333336
36.442857142857136
37.1
37.1
36.5
36.7
36.7
35.9
35.9
36.4
36.75
36.68333333333334
36.459999999999994
37.050000000000004
36.65
36.85
36.85
36.8
36.58571428571429
37.06
36.3
36.3
37.01666666666667
36.733333333333334
36.733333333333334
37.13333333333333
36.528571428571425
36.0
36.0
36.3
37.166666666666664
37.166666666666664
36.3
36.833333333333336
36.63333333333333
36.96666666666667
36.6
36.57142857142857
37.12
36.43333333333334
36.9
36.5
36.5
37.1
36.55
36.519999999999996
36.519999999999996
37.4
36.8
36.8
37.5
36.800000000000004
36.6
36.7
36.7
37.03333333333334
36.8
36.93333333333333
37.8
37.8
36.3
36.9
36.9
36.17999999999999
36.73333333333333
36.800000000000004
36.214285714285715
37.05
37.05
37.05
36.74
37.7
37.7
36.46
37.5
37.5
36.279999999999994
37.28
37.28
37.28
36.53333333333333
36.614285714285714
37.233333333333334
36.36666666666667
36.4
36.4
36.22
37.13333333333333
36.56666666666666
36.733333333333334
36.88333333333333
36.6
37.400000000000006
37.400000000000006
36.35
36.879999999999995
36.58
36.275
36.275
36.275
36.275
36.275
36.55
36.1
36.1
36.199999999999996
36.739999999999995
36.739999999999995
35.8
37.06
37.06
37.06
37.17142857142857
36.114285714285714
36.91428571428571
36.28333333333334
37.4
37.4
36.06666666666666
36.06666666666666
36.06666666666666
36.06666666666666
36.06666666666666
37.5
37.5
36.55
36.55
36.55
36.7
36.7
35.9
36.957142857142856
36.3
36.1
36.1
36.76666666666667
36.91428571428571
36.4
37.03333333333334
37.03333333333334
37.03333333333334
37.6
37.6
36.325
36.85
36.714285714285715
36.56666666666666
36.56666666666666
37.6
36.9
37.08571428571429
36.5
36.93333333333334
36.93333333333334
36.2
37.17999999999999
36.3
36.55
36.93333333333333
36.93333333333333
36.3
36.88
36.56666666666666
37.5
37.5
36.63333333333333
36.63333333333333
36.6
36.4
37.1
36.6
36.6
36.1
36.1
36.1
36.857142857142854
36.833333333333336
36.528571428571425
36.628571428571426
36.628571428571426
36.628571428571426
37.03333333333333
36.516666666666666
36.516666666666666
37.8
36.8
36.53333333333333
36.53333333333333
37.0
35.824999999999996
35.824999999999996
35.824999999999996
36.9
37.05
37.05
36.4
36.4
36.55
36.739999999999995
35.8
35.8
37.45
36.25
36.871428571428574
36.583333333333336
36.9
36.75
36.2
37.083333333333336
36.166666666666664
37.8
37.8
36.339999999999996
36.9
36.9
36.1
36.1
36.0
36.75
36.833333333333336
36.61666666666667
36.8
36.8
36.9
36.9
36.1
37.2
37.2
37.2
37.2
37.2
37.2
37.2
37.2
37.2
36.9
36.57142857142857
37.160000000000004
37.160000000000004
35.9
37.0
36.8
36.8
36.733333333333334
36.51428571428571
36.85
36.85
36.85
36.56
36.9
36.2
36.2
37.03333333333333
37.03333333333333
35.9
36.65
36.65
36.85
36.5
36.42857142857143
37.11666666666667
36.349999999999994
36.349999999999994
36.62
36.62
36.1
36.300000000000004
37.2
36.65714285714286
36.6
37.1
36.3
36.528571428571425
37.25
36.22857142857142
37.1
36.48333333333333
37.128571428571426
36.38
37.7
37.7
36.785714285714285
37.37142857142857
36.4
36.980000000000004
36.199999999999996
36.199999999999996
36.95
36.55
36.55
37.5
36.2
36.98333333333333
36.57142857142857
37.08571428571429
36.48
36.275
36.8
36.8
37.14
36.43333333333333
37.7
37.7
36.300000000000004
36.785714285714285
36.785714285714285
36.785714285714285
37.03333333333333
36.279999999999994
36.279999999999994
36.279999999999994
36.279999999999994
36.279999999999994
36.5
36.6
36.2
36.2
36.4
37.142857142857146
36.0
36.0
36.833333333333336
36.833333333333336
37.3
36.628571428571426
36.63333333333333
35.9
35.9
37.05
36.614285714285714
36.471428571428575
37.0
36.25714285714286
36.25714285714286
36.25714285714286
36.300000000000004
36.94285714285714
36.300000000000004
36.96666666666667
36.56
36.56
36.56
36.56
36.56
36.56
36.55
36.55
36.55
35.9
35.9
37.8
37.8
37.8
36.25
37.03333333333333
36.36
36.36
37.0
36.4
36.4
37.7
36.85
36.85
37.04
36.5
37.559999999999995
37.559999999999995
36.5
37.01428571428572
36.5
37.220000000000006
36.67142857142857
36.6
37.3
37.3
36.6
37.12857142857143
36.53333333333334
36.96666666666667
36.96666666666667
36.96666666666667
37.400000000000006
37.400000000000006
36.5
36.4
36.4
37.4
36.1
36.1
37.17142857142857
36.55714285714286
37.46666666666667
37.46666666666667
36.1
37.166666666666664
36.6
36.6
36.766666666666666
37.1
37.1
37.1
37.1
37.3
36.949999999999996
36.949999999999996
36.599999999999994
37.016666666666666
36.75
36.5
37.13333333333333
36.55714285714286
37.15
37.15
37.15
37.03333333333334
36.6
36.6
36.86666666666667
36.775
36.775
37.8
36.833333333333336
36.833333333333336
36.4
36.871428571428574
36.46666666666667
36.6
37.199999999999996
36.6
36.6
37.1
37.1
37.0
36.41428571428572
36.41428571428572
36.41428571428572
36.459999999999994
36.459999999999994
36.459999999999994
36.459999999999994
36.459999999999994
35.8
37.042857142857144
36.333333333333336
36.333333333333336
36.333333333333336
36.5
36.36666666666667
36.36666666666667
36.9
36.333333333333336
36.8
36.8
37.0
36.5
36.94
36.18333333333334
37.166666666666664
36.050000000000004
36.85
36.85
36.9
37.050000000000004
35.98
35.98
37.2
36.4
36.81666666666667
36.81666666666667
35.8
36.25
36.25
37.0
36.5
36.857142857142854
36.68
36.68
36.68
36.528571428571425
36.52857142857143
36.5
36.5
36.5
36.94
36.542857142857144
37.040000000000006
36.41428571428572
36.7
36.7
36.14
37.028571428571425
36.35
36.94285714285714
36.4
37.2
37.2
35.8
35.8
37.4
36.771428571428565
36.65
36.214285714285715
37.166666666666664
36.8
36.8
36.8
36.8
37.36666666666667
36.32
37.18571428571429
36.019999999999996
36.019999999999996
36.019999999999996
36.9
36.9
36.275
37.36666666666667
37.36666666666667
35.8
36.91428571428571
36.36
36.36
37.3
36.9
36.36666666666667
36.96666666666667
36.96666666666667
36.2
37.06666666666667
37.06666666666667
36.06666666666667
36.3125
36.45
36.45
36.4
36.4
36.4
36.5
36.45
36.45
36.7
36.7
36.7
37.21666666666667
36.1
37.1
36.63333333333333
36.63333333333333
36.63333333333333
35.9
35.9
37.2
36.4
36.9
36.9
36.8
35.9
35.9
36.916666666666664
36.03333333333333
36.03333333333333
36.03333333333333
36.8
36.46666666666666
36.971428571428575
36.6
36.6
35.6
35.6
37.1
35.871428571428574
36.1
36.583333333333336
36.279999999999994
36.63333333333333
36.63333333333333
36.63333333333333
36.125
36.125
36.4
36.46666666666667
36.199999999999996
36.199999999999996
36.199999999999996
36.459999999999994
36.459999999999994
36.4
36.73333333333333
36.73333333333333
36.73333333333333
36.26666666666667
37.12
37.12
36.15
36.550000000000004
36.5
36.175
36.175
36.6
36.4
36.73333333333333
36.73333333333333
36.300000000000004
36.75
36.75
36.75
36.93333333333333
36.15
36.28333333333334
36.81428571428571
36.03333333333333
36.0
36.0
36.0
36.0
36.0
37.5
36.38333333333333
36.6
36.41428571428572
36.06
36.7
36.300000000000004
36.3
36.3
36.650000000000006
36.650000000000006
36.2
35.8
35.8
35.8
37.1
36.15714285714286
36.78333333333334
36.55
36.55
36.55
37.4
37.4
36.9
36.05714285714286
36.56666666666667
36.8
36.8
35.8
36.05
36.05
36.300000000000004
36.300000000000004
37.1
37.1
37.1
37.1
37.1
37.1
37.1
35.7
35.7
36.05
36.58
36.58
35.5
36.77142857142858
35.94
36.75
36.75
36.1
36.58
36.58
35.6
36.85
36.27142857142857
36.6
37.0
36.06666666666667
36.2
36.2
36.1
36.1
37.5
36.614285714285714
36.9
35.94
35.94
36.1
36.5
36.63333333333333
36.15714285714286
36.58
35.6
35.6
36.78333333333333
36.1
36.1
36.5
36.5
36.95
36.95
36.95
36.95
36.95
35.8
36.5
36.5
36.5
36.5
36.5
36.5
36.6
36.614285714285714
36.46666666666667
36.46666666666667
36.3
35.95
35.95
36.4
36.3
36.3
36.2
35.85
35.85
36.925000000000004
35.95
35.95
36.7
36.3
36.91428571428571
35.95
35.95
36.6
36.05714285714286
36.666666666666664
35.82857142857143
36.5
35.6
35.6
36.5
36.5
35.75
35.75
35.75
35.75
35.75
35.96666666666667
35.96666666666667
37.1
37.1
37.1
37.1
37.1
36.7
36.7
36.0
35.5
35.5
36.474999999999994
36.474999999999994
36.474999999999994
35.86666666666667
36.65
35.949999999999996
36.357142857142854
36.46
36.56666666666666
36.56666666666666
36.8
36.028571428571425
35.5
35.5
35.5
35.5
37.1
37.1
36.85
36.1
36.35
36.46
36.233333333333334
36.699999999999996
36.08571428571428
36.166666666666664
35.4
35.4
36.449999999999996
36.199999999999996
36.55
36.55
36.55
36.55
36.55
36.06666666666667
36.06666666666667
36.733333333333334
35.86666666666667
36.67142857142857
36.0
36.0
36.0
36.0
36.0
36.0
36.0
36.0
37.3
36.050000000000004
36.4
35.92857142857143
36.63333333333333
36.06666666666667
36.06666666666667
36.8
35.96666666666667
36.228571428571435
36.6
35.85
36.6
35.971428571428575
36.300000000000004
36.6
36.1
36.6
36.1
35.75
35.5
35.5
36.02
36.2
36.2
36.05
36.1
36.28333333333333
36.75
36.75
35.9
36.35
36.35
36.7
35.5
35.5
37.059999999999995
36.357142857142854
36.1
36.75
36.214285714285715
36.43333333333333
36.385714285714286
35.93333333333333
36.46666666666666
36.46666666666666
35.5
35.5
37.3
36.1
36.75
36.75
36.75
36.9
35.800000000000004
36.46666666666667
36.15714285714286
36.15714285714286
36.15714285714286
36.08
35.7
35.7
35.94
36.3
36.3
35.86666666666667
36.8
36.8
35.800000000000004
36.53333333333333
35.833333333333336
36.416666666666664
35.86666666666667
35.86666666666667
37.0
35.8
35.8
35.8
35.55
36.32857142857143
35.7
35.7
37.0
37.0
37.0
35.67142857142857
36.300000000000004
36.25
36.25
36.25
36.25
36.25
35.5
35.65
35.957142857142856
36.325
36.325
35.7
35.7
36.1
36.06666666666667
36.06666666666667
35.699999999999996
35.699999999999996
35.699999999999996
35.88333333333333
36.34285714285714
35.6
36.01666666666667
36.300000000000004
35.3
35.3
36.0
36.0
36.0
36.0
36.0
36.839999999999996
35.699999999999996
36.7
36.7
36.0
36.0
36.575
36.6
36.6
36.6
36.6
36.32
35.785714285714285
36.8
36.8
35.7
36.15
36.15
35.474999999999994
35.474999999999994
35.474999999999994
36.15
36.5
36.5
36.5
36.5
35.4
36.1
35.800000000000004
36.9
36.9
35.85
36.214285714285715
36.050000000000004
36.9
36.9
36.771428571428565
37.449999999999996
36.9
36.9
37.28333333333333
36.65
37.63333333333333
37.63333333333333
36.550000000000004
37.275
37.275
37.2
36.1
36.1
37.7
37.7
37.7
37.225
36.96666666666667
37.36666666666667
36.2
36.2
37.44
37.199999999999996
37.199999999999996
37.199999999999996
36.74285714285714
36.96666666666667
36.599999999999994
36.599999999999994
36.7
37.31666666666667
37.31666666666667
36.1
37.3
37.3
36.4
36.942857142857136
36.36666666666667
37.099999999999994
37.099999999999994
36.2
37.480000000000004
36.5
37.35
36.800000000000004
37.17142857142857
36.6
37.48
37.48
36.666666666666664
37.56666666666666
36.166666666666664
36.166666666666664
37.7
37.214285714285715
36.833333333333336
37.416666666666664
37.416666666666664
36.3
36.63333333333333
37.25714285714286
36.46666666666667
36.46666666666667
36.46666666666667
36.46666666666667
37.35
36.65
37.03333333333333
37.03333333333333
37.03333333333333
37.58
36.54285714285714
37.6
36.5
36.5
37.974999999999994
36.699999999999996
37.61666666666667
37.06666666666667
37.6
36.942857142857136
37.55
37.3
36.949999999999996
37.5
36.871428571428574
37.833333333333336
36.833333333333336
36.833333333333336
38.0
37.36
37.36
38.2
37.300000000000004
36.9
36.9
37.86666666666667
37.35
37.96666666666666
37.96666666666666
36.4
37.666666666666664
37.8
37.8
37.8
37.8
37.8
37.8
37.8
37.8
37.8
37.8
37.8
37.8
37.8
37.7
37.7
37.7
37.17999999999999
37.17999999999999
37.5
37.4
37.4
37.833333333333336
37.833333333333336
36.9
36.871428571428574
37.271428571428565
37.442857142857136
36.81428571428571
37.72
36.825
36.825
37.76666666666667
36.8
37.575
37.575
36.2
36.63333333333333
36.63333333333333
37.43333333333333
37.43333333333333
37.43333333333333
37.73333333333333
37.73333333333333
36.4
37.166666666666664
36.833333333333336
37.2
37.2
37.25
36.56666666666667
36.56666666666667
38.2
36.58571428571428
37.9
37.9
36.9
37.13333333333333
37.13333333333333
38.0
36.6
37.0
37.2
36.833333333333336
37.300000000000004
36.625
36.625
37.8
37.0
37.57142857142857
38.0
38.0
36.3
36.3
37.5
37.471428571428575
37.03333333333333
37.2
36.58
37.63333333333333
36.88
36.88
36.88
36.766666666666666
37.325
37.325
36.6
36.6
36.6
38.2
36.56666666666667
37.528571428571425
36.8
36.8
37.56666666666667
36.766666666666666
37.58571428571429
36.6
37.239999999999995
37.239999999999995
36.6
37.48571428571428
36.714285714285715
37.7
37.7
37.7
36.84285714285714
37.0
37.0
37.1
37.699999999999996
37.699999999999996
36.2
37.2
37.2
37.4
36.9
36.9
37.6
36.550000000000004
37.53333333333333
36.7
37.28333333333333
36.71666666666667
37.25
37.25
36.625
36.625
36.4
37.4
36.6
36.6
36.650000000000006
36.94285714285714
36.67142857142857
36.1
36.1
37.175
37.175
36.1
36.650000000000006
36.650000000000006
37.8
37.8
37.3
36.41428571428571
38.3
38.3
38.3
38.3
36.42
38.0
38.0
37.6
36.971428571428575
37.02857142857143
36.2
36.2
36.2
36.2
36.2
37.32000000000001
36.975
36.975
38.1
38.1
38.1
37.4
37.4
36.3
37.6
37.6
36.56666666666667
37.15
37.15
37.4
37.1
37.5
37.5
36.625
37.13333333333333
37.13333333333333
36.6
36.900000000000006
36.900000000000006
37.7
36.699999999999996
36.699999999999996
37.55
37.199999999999996
37.2
36.833333333333336
36.833333333333336
36.6
37.8
37.8
36.574999999999996
37.7
36.0
36.0
36.93333333333333
36.93333333333333
37.2
37.2
36.1
37.1
37.06666666666667
37.56666666666667
36.48571428571429
37.9
37.9
37.9
38.1
38.1
36.5
36.575
36.575
38.0
36.93333333333333
36.93333333333333
37.3
37.3
37.3
36.56666666666667
36.971428571428575
38.1
38.1
38.1
38.1
38.1
38.1
38.1
38.1
38.1
38.1
36.5
37.0
38.0
38.0
36.55
37.519999999999996
36.5
36.5
37.46
36.75
37.357142857142854
36.2
36.2
37.8
37.3
37.3
37.0
37.0
38.2
36.8
36.8
36.86666666666667
36.86666666666667
37.375
37.375
36.900000000000006
36.94285714285714
37.15
37.6
37.6
37.6
37.6
36.8
36.45
36.45
36.45
37.63333333333333
38.2
38.2
36.46
37.32857142857143
36.82
36.82
36.82
36.68571428571429
37.56666666666667
37.56666666666667
36.1
36.1
36.1
37.15714285714286
36.699999999999996
36.84285714285714
37.050000000000004
37.050000000000004
37.050000000000004
36.36666666666667
36.36666666666667
37.625
36.67142857142857
37.5
37.5
36.3
36.7
36.875
36.875
36.95
37.4
37.4
37.44
36.416666666666664
36.01666666666667
37.016666666666666
36.042857142857144
37.9
37.9
36.699999999999996
36.650000000000006
36.650000000000006
36.650000000000006
36.650000000000006
36.650000000000006
37.25
36.86666666666667
36.86666666666667
36.6
37.199999999999996
37.199999999999996
37.199999999999996
37.32
37.32
36.2
37.166666666666664
36.73333333333333
36.73333333333333
37.099999999999994
37.5
37.5
36.31428571428572
37.06
37.06
35.9
37.228571428571435
36.31666666666667
37.7
37.7
37.7
37.7
37.7
36.425
37.12
36.7
36.7
36.46666666666666
36.93333333333333
36.457142857142856
36.385714285714286
37.13333333333333
36.371428571428574
37.0
36.15
36.15
37.0
37.0
37.0
37.22
37.22
36.2
36.5
36.5
37.44
35.9
35.9
36.78
36.45
36.45
37.06666666666667
37.06666666666667
37.06666666666667
36.25
37.23333333333333
37.23333333333333
36.775
37.08
37.15
37.15
35.9
36.8
36.8
36.760000000000005
36.760000000000005
36.760000000000005
37.042857142857144
36.642857142857146
37.8
37.8
37.8
37.8
37.8
37.8
37.8
37.8
38.0
38.0
38.0
38.0
38.0
38.0
38.0
38.0
38.0
38.0
38.0
36.94
37.9
37.9
36.660000000000004
37.15
36.357142857142854
37.8
37.8
36.6
36.6
36.6
36.43333333333333
36.9
36.660000000000004
36.660000000000004
37.5
36.96666666666667
36.92857142857143
36.25
37.8
37.8
37.2
36.58571428571429
36.800000000000004
36.96666666666667
36.24285714285714
37.325
37.325
36.8
37.050000000000004
36.55714285714286
37.142857142857146
36.23333333333333
37.32857142857143
37.32857142857143
37.32857142857143
36.42
36.42
36.42
36.42
36.42
36.42
36.42
37.6
36.78
36.78
36.78
36.78
36.78
37.1
36.4
36.4
37.7
36.67142857142857
36.8
36.8
37.38
36.25714285714286
37.46666666666666
36.8
36.8
36.550000000000004
37.0
37.0
36.0
37.2
37.2
37.2
37.2
36.7
36.98571428571428
36.6
36.6
36.12
37.6
37.6
37.6
37.6
37.6
37.6
35.9
35.9
36.974999999999994
37.050000000000004
36.1
36.1
36.5
36.5
36.5
36.5
36.67142857142857
37.03333333333334
37.03333333333334
37.7
36.2
36.2
36.2
36.2
36.2
36.2
37.166666666666664
37.166666666666664
36.5
36.6
36.6
37.4
36.28
36.28
37.6
37.06
37.06
35.7
37.040000000000006
36.04285714285714
37.15
36.614285714285714
36.61666666666667
36.871428571428574
36.3
36.3
36.32
36.9
36.9
36.7
37.016666666666666
36.199999999999996
36.983333333333334
36.983333333333334
36.983333333333334
37.35
37.35
37.35
37.35
37.0
36.45
36.45
36.519999999999996
36.800000000000004
36.3
36.3
36.3
36.3
36.35
36.81428571428571
36.78333333333333
37.025
37.025
37.166666666666664
37.15
37.15
36.8
37.5
37.5
36.0
37.650000000000006
37.650000000000006
36.525000000000006
37.214285714285715
35.9
35.9
37.449999999999996
36.528571428571425
36.528571428571425
36.528571428571425
36.459999999999994
36.459999999999994
37.8
36.42857142857143
36.78333333333333
36.78333333333333
36.78333333333333
37.9
37.9
36.3
37.0
37.0
36.55
36.5
36.5
37.0
37.0
36.5
36.800000000000004
36.8
36.8
36.63333333333333
36.63333333333333
36.5
36.86666666666667
36.86666666666667
37.449999999999996
37.449999999999996
37.449999999999996
37.449999999999996
37.449999999999996
37.449999999999996
37.449999999999996
36.9
36.9
37.26
37.26
37.26
36.3
36.3
36.8
36.8
36.8
36.725
36.9
37.9
37.9
36.900000000000006
36.91428571428571
37.31666666666666
36.300000000000004
37.8
37.8
36.7
36.7
37.7
37.06666666666667
37.06666666666667
36.5
36.642857142857146
37.26666666666667
36.93333333333333
36.93333333333333
37.475
37.0
37.0
37.0
36.550000000000004
37.459999999999994
37.459999999999994
36.3
37.35
36.95
36.95
37.5
36.771428571428565
37.0
37.0
36.1
37.4
37.4
36.9
37.35
36.2
36.2
37.03333333333333
36.542857142857144
37.5
36.9
36.9
36.9
36.949999999999996
36.9
36.9
36.56666666666666
37.300000000000004
36.660000000000004
36.660000000000004
37.6
36.480000000000004
36.480000000000004
37.43333333333333
37.05
37.05
36.625
36.625
36.625
36.666666666666664
37.21666666666667
36.84285714285714
37.357142857142854
36.96666666666667
36.75714285714286
37.3
37.3
36.785714285714285
37.300000000000004
37.300000000000004
36.8
36.849999999999994
36.849999999999994
36.849999999999994
36.849999999999994
36.525000000000006
37.42
36.5
36.5
37.4
37.214285714285715
37.28333333333333
36.68
36.68
37.55
36.82
36.82
38.0
38.0
36.8
36.44
37.1
37.1
37.266666666666666
37.271428571428565
37.271428571428565
36.7
36.940000000000005
37.43333333333333
37.43333333333333
37.0
37.57142857142857
36.3
36.3
36.6
36.6
37.5
37.5
36.1
37.06
36.57142857142857
37.25
37.25
36.4
37.16
37.16
36.2
36.9
36.9
36.9
36.925
36.98571428571428
37.142857142857146
36.733333333333334
37.2
37.2
37.2
37.2
36.45
37.300000000000004
37.300000000000004
37.300000000000004
37.300000000000004
36.36666666666667
36.36666666666667
37.9
36.94
36.94
36.94
36.94
36.94
37.266666666666666
37.266666666666666
37.0
36.2
36.2
37.199999999999996
36.425000000000004
36.425000000000004
37.199999999999996
36.46666666666667
37.41428571428571
37.050000000000004
36.82857142857143
37.1
37.1
37.050000000000004
36.93333333333334
36.93333333333334
38.0
36.5
37.24285714285714
36.76666666666667
36.85
37.06666666666667
36.63333333333333
37.4
36.1
36.1
37.7
37.7
35.9
37.285714285714285
36.6
36.6
36.86
36.86
36.86
36.75714285714286
36.34285714285714
36.8
36.8
35.8
37.1
36.53333333333333
36.88333333333333
36.699999999999996
36.199999999999996
37.05714285714286
35.96666666666666
37.18
37.18
36.1
36.5
36.5
36.2
37.028571428571425
36.46666666666667
36.46666666666667
36.46666666666667
36.7
37.0
37.0
36.0
37.6
37.6
36.17999999999999
36.96
36.18571428571428
36.885714285714286
36.6
36.771428571428565
37.1
36.120000000000005
36.120000000000005
36.120000000000005
36.120000000000005
37.22
36.400000000000006
36.85
36.471428571428575
36.800000000000004
36.766666666666666
36.1
37.6
37.6
36.5
36.6
36.6
36.0
35.8
35.8
37.339999999999996
36.76666666666667
36.76666666666667
37.7
36.542857142857144
37.300000000000004
37.300000000000004
36.0
37.2
37.2
37.166666666666664
37.166666666666664
36.76666666666667
36.35
37.142857142857146
36.38
36.38
37.4
36.76666666666667
37.0
36.357142857142854
37.35
36.54
36.54
37.7
37.1
37.1
36.239999999999995
36.239999999999995
36.239999999999995
36.57142857142857
36.699999999999996
36.699999999999996
36.8
36.86666666666667
36.916666666666664
37.266666666666666
36.43333333333334
36.983333333333334
36.56666666666667
37.099999999999994
37.099999999999994
37.099999999999994
37.099999999999994
37.4
37.2
37.2
36.95
37.9
37.9
36.45
36.45
36.2
37.057142857142864
36.88333333333333
36.949999999999996
37.357142857142854
36.300000000000004
37.279999999999994
37.279999999999994
36.5
36.5
36.8
37.099999999999994
37.099999999999994
36.7
36.64
36.64
37.4
36.5
36.93333333333333
36.699999999999996
36.5
37.7
37.7
37.0
37.0
37.0
37.3
37.3
36.325
37.8
37.8
36.72
36.72
36.3
37.7
37.7
36.2
36.74285714285714
35.96
36.81428571428571
36.300000000000004
36.971428571428575
36.971428571428575
37.0
36.85
36.6375
36.82
36.885714285714286
36.17142857142857
37.333333333333336
36.5
36.5
37.1
36.800000000000004
36.800000000000004
37.1
36.63333333333333
36.63333333333333
37.099999999999994
37.12
37.12
37.0
37.18
36.67142857142857
36.766666666666666
36.766666666666666
36.825
37.15
37.15
37.15
37.15
37.15
36.325
37.228571428571435
36.8
36.575
37.13333333333333
36.54
37.02
36.800000000000004
36.7
36.7
36.0
37.15714285714285
37.3
37.3
37.05
37.05
36.300000000000004
36.300000000000004
36.1
37.099999999999994
37.15
36.642857142857146
36.78
36.6
36.6
37.44
37.44
36.0
37.26666666666667
37.26666666666667
37.26666666666667
36.839999999999996
36.839999999999996
36.1
37.0
37.0
36.68
36.84285714285714
36.285714285714285
37.166666666666664
37.166666666666664
36.4
37.228571428571435
36.65
37.0
37.0
36.650000000000006
36.650000000000006
36.650000000000006
36.650000000000006
36.650000000000006
37.519999999999996
36.4
36.4
37.13333333333333
36.980000000000004
36.980000000000004
36.9
36.82857142857143
36.5
36.5
37.25
36.55
36.55
37.28
36.9
36.9
36.525
37.449999999999996
37.449999999999996
37.449999999999996
37.449999999999996
37.449999999999996
37.449999999999996
37.449999999999996
37.449999999999996
37.449999999999996
37.449999999999996
37.449999999999996
37.449999999999996
37.2
37.2
36.375
36.375
37.5
36.550000000000004
37.05714285714286
37.1
37.1
36.325
37.8
37.8
37.8
37.8
37.8
36.81666666666666
36.81666666666666
35.9
37.166666666666664
37.166666666666664
37.166666666666664
37.7
36.43333333333333
36.88
37.8
37.8
37.279999999999994
37.279999999999994
36.1
37.2
36.56666666666667
36.56666666666667
37.5
36.825
36.825
36.666666666666664
36.46666666666667
37.271428571428565
36.375
36.375
37.25
36.9
36.9
37.1
37.65
37.65
37.65
37.65
36.1
36.36666666666667
37.1
37.1
35.8
37.228571428571435
36.31666666666666
36.31666666666666
36.6
36.6
36.6
36.26666666666667
37.9
37.9
36.660000000000004
36.1
36.1
36.800000000000004
36.85
36.85
37.4
36.1
36.1
37.26666666666667
36.6
36.6
36.9
36.6
37.228571428571435
36.575
36.575
37.2
37.54
37.54
37.8
36.475
36.475
37.06666666666667
37.0
36.68571428571429
36.4
37.050000000000004
37.050000000000004
37.050000000000004
37.199999999999996
36.666666666666664
36.666666666666664
36.839999999999996
37.5
37.5
37.5
35.9
36.857142857142854
36.35
37.12
36.400000000000006
36.400000000000006
37.8
36.91428571428571
37.03333333333333
37.0
37.040000000000006
37.040000000000006
38.0
37.25
36.6
36.6
37.166666666666664
36.94285714285714
37.166666666666664
37.166666666666664
37.36666666666667
36.871428571428574
37.48571428571428
36.5
37.114285714285714
37.23333333333333
36.2
36.2
37.06666666666666
36.61666666666667
37.2
36.666666666666664
36.8
36.81666666666667
36.05
36.05
36.05
36.05
36.1
37.128571428571426
36.43333333333333
36.43333333333333
36.43333333333333
37.3
36.839999999999996
36.728571428571435
36.36
36.36
36.2
36.885714285714286
36.0
36.800000000000004
36.800000000000004
36.2
37.0
35.8
35.8
37.233333333333334
36.07142857142857
37.050000000000004
36.56666666666667
36.38333333333333
36.98571428571428
36.160000000000004
36.160000000000004
37.3
36.5
37.028571428571425
36.53333333333333
36.728571428571435
36.75
36.42
36.42
36.42
36.25
36.957142857142856
36.24285714285714
36.839999999999996
35.7
35.7
37.3
37.3
37.3
37.3
37.3
37.3
37.225
37.225
37.5
37.1
36.3
36.9
36.9
36.55
36.55
36.75
36.357142857142854
37.17999999999999
36.48571428571428
36.6
36.7
36.7
36.25
36.714285714285715
36.42
36.42
35.9
36.53333333333333
36.333333333333336
36.7
36.7
36.1
37.125
36.94285714285714
37.3
37.3
36.7
37.050000000000004
37.01428571428572
36.54
36.0
36.0
37.0
36.983333333333334
36.714285714285715
36.98571428571428
37.050000000000004
36.95
36.95
36.96666666666667
36.885714285714286
36.85
37.07142857142857
36.583333333333336
36.583333333333336
36.583333333333336
37.6
37.6
36.44
36.95
36.93333333333334
36.93333333333334
37.3
36.56
37.45
37.45
36.0
37.15
36.800000000000004
37.01428571428572
37.0
36.81428571428571
37.05
37.05
36.724999999999994
37.35
36.1
36.1
36.88
37.325
37.325
36.8
37.1
37.1
36.766666666666666
37.14
36.63333333333333
36.63333333333333
37.25
36.42
36.42
37.8
36.3
37.58
36.0
36.0
37.67999999999999
36.4
37.239999999999995
36.54
36.54
37.9
36.699999999999996
37.01666666666667
36.6
36.6
36.8
36.8
36.8
36.7
36.7
36.0
36.11666666666667
36.11666666666667
37.3
36.6
36.957142857142856
36.36666666666667
36.36666666666667
36.2
36.46666666666666
36.457142857142856
36.666666666666664
36.5
36.5
36.4
37.0
37.0
37.0
36.58
36.58
37.6
36.1
36.1
37.160000000000004
35.8
35.8
36.8
36.8
36.8
36.839999999999996
36.839999999999996
37.5
36.25
36.25
36.349999999999994
36.76
36.58571428571429
36.4
36.4
37.2
36.6
36.550000000000004
36.785714285714285
37.3
37.3
35.9
35.9
37.260000000000005
36.25
36.25
37.28
36.800000000000004
36.4
36.4
37.1
36.62
36.9
36.9
36.7
36.57142857142857
36.4
36.4
36.4
36.4
36.4
36.4
36.4
36.4
37.7
37.7
36.63333333333333
36.82
36.82
37.0
36.733333333333334
36.733333333333334
37.349999999999994
37.349999999999994
37.05
36.85
36.63333333333333
36.63333333333333
37.1
36.471428571428575
37.0
37.0
37.6
37.03333333333333
37.03333333333333
37.03333333333333
37.03333333333333
37.03333333333333
36.349999999999994
36.349999999999994
36.8
36.8
37.2
37.25
37.25
37.349999999999994
37.349999999999994
37.349999999999994
37.349999999999994
37.349999999999994
37.349999999999994
36.5
36.5
37.5
36.7
36.7
36.7
36.7
36.7
36.55
36.4
36.4
36.4
36.300000000000004
36.699999999999996
36.699999999999996
36.25
36.25
36.2
36.25
36.25
36.25
36.25
36.25
36.25
36.25
36.25
36.25
36.625
35.9
35.9
36.925000000000004
36.55
36.55
37.120000000000005
36.285714285714285
37.7
37.7
37.7
37.7
37.7
37.7
36.1
36.1
37.6
36.4
36.760000000000005
36.760000000000005
37.2
36.78333333333333
37.0
36.3
36.3
36.3
36.4
36.4
36.5
36.35
36.35
36.35
36.35
36.35
36.63333333333333
36.957142857142856
36.5
36.75714285714286
36.55
36.55
37.3
37.3
37.3
37.3
37.3
35.8
36.65
37.019999999999996
37.019999999999996
37.2
37.2
36.1
36.4
36.785714285714285
37.239999999999995
36.27142857142857
37.057142857142864
37.4
37.4
36.1
36.1
36.76666666666667
36.98571428571429
36.75714285714286
36.900000000000006
36.900000000000006
36.480000000000004
36.480000000000004
36.480000000000004
36.875
36.875
37.7
36.51428571428571
37.14
37.14
36.3
37.4
37.4
36.2
36.2
37.1
37.1
37.7
36.7
36.7
37.099999999999994
36.64
36.64
36.8
36.4
36.4
37.2
36.5
36.5
37.4
35.9
35.9
37.300000000000004
36.5
37.07142857142857
37.042857142857144
36.614285714285714
37.025
37.025
36.3
36.7
36.7
36.2
37.8
37.8
36.6
37.05
37.05
37.1
37.1
37.1
37.25714285714286
36.4
36.81428571428571
36.7
36.7
36.7
36.7
36.45
36.2
36.2
36.78
36.9
36.84285714285714
37.24285714285714
36.1
36.1
37.5
36.75
36.75
37.05
37.019999999999996
37.019999999999996
37.9
37.9
37.9
36.885714285714286
37.199999999999996
36.8
36.8
36.8
37.371428571428574
36.63333333333333
37.6
36.65
38.1
38.1
36.62
36.62
37.9
36.63333333333333
36.63333333333333
36.8
36.8
37.6
36.971428571428575
37.114285714285714
37.228571428571435
36.6
36.6
36.6
37.0
37.31428571428571
36.95
36.95
37.55
37.0
36.6
36.6
37.7
36.833333333333336
36.833333333333336
37.875
37.199999999999996
37.199999999999996
37.42
36.72
36.72
37.2
37.142857142857146
37.550000000000004
37.166666666666664
37.25714285714286
37.199999999999996
36.75714285714286
37.65
37.65
36.6
37.08
37.08
36.7
37.28
36.728571428571435
37.46666666666667
36.93333333333334
37.057142857142864
38.0
38.0
36.4
36.4
37.9
37.019999999999996
36.2
36.2
37.26
37.03333333333333
36.78333333333333
37.449999999999996
36.92857142857143
36.766666666666666
36.7
36.7
36.980000000000004
37.08571428571429
37.6
37.6
37.266666666666666
37.6
37.6
36.375
37.357142857142854
36.75
36.75
37.2
37.2
37.2
36.650000000000006
36.650000000000006
36.7
36.81666666666667
36.85
36.85
36.63333333333333
36.63333333333333
37.5
36.9
36.65
37.36666666666667
37.36666666666667
36.0
37.05714285714286
36.65
36.65
36.9
36.9
36.7
36.68571428571429
36.660000000000004
37.375
37.375
36.5
36.5
36.5
37.160000000000004
36.1
36.1
37.5
36.86666666666667
37.300000000000004
36.55
36.55
37.05
37.05
37.05
37.05
37.05
37.05
37.05
36.34
36.34
37.9
36.55
36.857142857142854
37.05714285714286
36.65714285714286
37.4
37.4
36.666666666666664
37.0
36.68333333333333
37.9
37.9
37.05
37.05
37.4
37.4
37.4
36.58
36.58
36.58
37.25
37.24285714285714
36.52857142857143
37.24285714285714
36.3
36.3
37.36666666666667
37.36666666666667
37.36666666666667
36.785714285714285
36.68
36.1
36.1
37.6
37.6
36.475
37.36
37.36
36.4
36.86666666666667
37.040000000000006
37.040000000000006
37.5
37.5
37.5
36.56666666666667
36.56666666666667
36.56666666666667
36.942857142857136
36.3
36.3
37.18
37.18
37.18
37.2
36.75714285714285
36.642857142857146
36.86666666666667
36.614285714285714
36.9
36.357142857142854
36.357142857142854
36.8
36.3
37.1
35.9
36.128571428571426
37.1
37.1
36.06666666666666
37.03333333333333
36.24285714285714
36.75
36.35
36.35
36.63333333333333
36.833333333333336
36.0
37.1
36.2
36.2
37.1
36.040000000000006
36.040000000000006
37.2
36.08
36.7
36.7
36.7
36.7
36.7
36.3
36.3
36.3
36.54285714285714
36.56
36.6
36.699999999999996
36.42857142857143
36.42857142857143
36.42857142857143
36.225
36.225
36.85
36.9
36.4
36.22857142857143
36.88333333333333
36.15
36.4
36.449999999999996
36.36666666666667
36.9
36.72857142857142
36.85
36.733333333333334
36.3
37.07142857142857
36.416666666666664
36.857142857142854
36.666666666666664
36.4
36.4
36.8
36.75
36.98333333333333
36.199999999999996
37.1
36.483333333333334
36.94285714285714
37.06666666666667
36.25
36.983333333333334
36.271428571428565
36.699999999999996
36.95
36.46666666666667
36.65714285714285
36.31428571428571
36.74285714285714
37.26666666666667
36.199999999999996
37.25714285714286
36.583333333333336
36.766666666666666
37.114285714285714
36.333333333333336
37.28333333333333
36.714285714285715
36.5
37.13333333333333
36.75
37.2
37.2
36.6
36.800000000000004
36.62
36.42857142857143
37.333333333333336
36.550000000000004
36.550000000000004
36.550000000000004
36.614285714285714
36.7
36.7
36.275000000000006
37.05
37.05
37.05
36.5
36.699999999999996
36.766666666666666
36.9
36.9
36.233333333333334
37.233333333333334
36.5
36.86
36.61666666666667
36.93333333333333
37.32857142857143
35.8
35.8
37.9
37.9
37.9
37.9
36.3
37.4
37.4
37.35
37.35
37.35
37.2
37.2
37.2
37.1
36.32857142857143
37.12
37.12
36.1
36.6
36.6
36.6
36.6
36.6
36.6
37.8
36.239999999999995
37.28
36.63333333333333
37.14
37.14
36.1
37.43333333333334
36.3
36.3
37.9
36.333333333333336
37.1
36.9
36.48571428571429
37.4
36.6
36.6
37.1
36.583333333333336
36.93333333333333
37.17142857142857
37.17142857142857
36.4
37.239999999999995
36.3
36.3
36.983333333333334
36.983333333333334
36.983333333333334
36.983333333333334
36.983333333333334
36.983333333333334
36.666666666666664
36.63333333333333
36.98571428571428
36.550000000000004
36.550000000000004
36.550000000000004
36.885714285714286
37.333333333333336
36.550000000000004
36.550000000000004
37.1
37.1
37.1
36.7
36.7
37.43333333333333
36.74285714285714
36.666666666666664
37.34285714285714
36.6
36.9
37.24285714285714
36.78333333333334
37.05
37.05
37.05
37.05
37.1
36.1
36.1
37.15
37.15
37.15
37.15
37.15
37.15
36.7
36.7
36.833333333333336
37.15
36.81666666666667
36.81666666666667
37.8
36.733333333333334
37.2
37.2
36.8
37.36
36.6
36.6
37.13333333333333
37.3
37.3
37.3
36.75
37.266666666666666
37.25
37.25
37.25
37.25
37.25
36.65
37.175
37.175
36.1
37.266666666666666
36.5
36.5
37.46
37.125
37.125
36.8
37.9
37.9
36.95
36.95
37.8
36.5
37.471428571428575
36.666666666666664
38.0
38.0
36.849999999999994
37.35
36.75
37.271428571428565
37.4
37.4
36.6
37.06666666666666
37.06666666666666
37.06666666666666
37.06666666666666
37.06666666666666
37.06666666666666
37.06666666666666
37.06666666666666
37.06666666666666
37.06666666666666
37.06666666666666
37.9
37.05
37.05
37.05
36.785714285714285
37.8
37.8
36.800000000000004
37.449999999999996
37.449999999999996
37.3
37.13333333333333
37.13333333333333
36.9
37.271428571428565
37.0
37.05
37.51428571428572
36.6
36.6
37.6
36.925000000000004
36.925000000000004
36.8
36.8
36.8
36.93333333333333
37.31666666666667
37.31666666666667
38.1
36.916666666666664
36.833333333333336
36.833333333333336
36.525000000000006
37.43333333333333
37.9
37.9
37.4
37.4
37.1
36.900000000000006
36.900000000000006
36.56666666666667
37.32857142857143
36.63333333333333
37.5
37.5
36.9
38.1
38.1
36.760000000000005
37.36666666666667
37.36666666666667
36.5
36.5
36.5
36.93333333333333
37.233333333333334
36.91428571428571
36.91428571428571
36.91428571428571
36.92857142857143
36.92857142857143
36.92857142857143
37.15
37.53333333333333
37.53333333333333
36.95
37.471428571428575
36.65
37.471428571428575
37.24285714285714
37.7
37.7
36.92
37.166666666666664
37.050000000000004
36.614285714285714
37.5
36.57142857142857
37.56666666666667
37.34285714285714
36.766666666666666
37.55
37.55
36.650000000000006
37.233333333333334
36.771428571428565
37.31428571428571
36.916666666666664
36.84285714285714
37.5
36.91428571428571
36.833333333333336
37.18571428571429
36.699999999999996
36.74285714285714
37.23333333333333
36.84285714285714
38.0
38.0
36.800000000000004
36.800000000000004
38.1
36.67142857142857
37.08571428571429
37.333333333333336
36.86666666666667
36.86666666666667
37.8
36.733333333333334
37.6
37.6
37.3
37.528571428571425
36.3
36.3
37.266666666666666
36.6
37.1
37.1
38.1
38.1
38.1
37.05
37.05
37.9
36.699999999999996
37.25714285714285
36.75
36.75
37.0
36.61666666666667
36.98333333333333
36.9
36.9
36.56666666666667
36.56666666666667
36.56666666666667
37.480000000000004
37.480000000000004
37.7
37.7
37.7
36.9
36.9
37.7
36.699999999999996
36.699999999999996
37.8
36.75
37.357142857142854
36.733333333333334
37.25
37.25
37.25
37.25
37.1
37.1
37.4
36.885714285714286
36.81428571428571
37.61666666666667
37.166666666666664
37.166666666666664
37.3
36.73333333333333
36.73333333333333
38.0
37.03333333333333
37.228571428571435
36.2
36.2
37.5
38.1
38.1
37.4
36.760000000000005
36.760000000000005
36.760000000000005
36.760000000000005
36.760000000000005
36.760000000000005
38.0
36.6
36.9
36.9
36.74
37.8
37.8
36.625
37.12
37.7
37.7
37.7
37.7
36.839999999999996
36.699999999999996
36.86666666666667
36.86666666666667
37.3
37.3
37.3
37.3
37.3
37.3
37.3
37.3
37.3
37.3
37.3
37.3
36.3
37.1
37.08
37.46
36.68571428571429
37.26
36.76666666666667
37.099999999999994
37.099999999999994
37.9
36.849999999999994
36.849999999999994
37.35
36.7
37.15
36.86666666666667
37.016666666666666
37.016666666666666
36.7
37.36
36.73333333333333
36.699999999999996
36.699999999999996
36.699999999999996
37.01428571428572
36.3
36.3
37.4
37.0625
36.6
37.32857142857143
37.050000000000004
37.050000000000004
37.050000000000004
37.9
37.9
37.9
36.48571428571429
37.46666666666667
36.91428571428571
37.06666666666667
36.86666666666667
36.68571428571429
37.0
37.0
37.0
37.0
38.0
37.0
37.0
37.03333333333333
37.266666666666666
37.266666666666666
36.86666666666667
36.86666666666667
36.86666666666667
36.86666666666667
37.4
37.4
37.56
37.0
37.0
37.5
37.13333333333333
37.13333333333333
38.1
37.5
36.7
36.7
37.333333333333336
36.96666666666667
36.96666666666667
37.650000000000006
37.650000000000006
36.7
37.300000000000004
37.300000000000004
36.975
37.25
37.06666666666667
37.5
37.5
37.5
37.5
37.5
36.675
37.550000000000004
36.95
36.95
37.53333333333333
36.5
36.5
37.825
37.0
37.0
37.5
37.042857142857144
37.042857142857144
37.042857142857144
36.800000000000004
36.800000000000004
36.800000000000004
36.733333333333334
37.7
37.400000000000006
37.400000000000006
37.6
37.6
37.6
37.6
37.6
36.699999999999996
36.699999999999996
37.7
36.88333333333333
36.88333333333333
36.4
36.4
36.4
37.15714285714285
37.9
37.9
36.6
36.6
37.14
36.85
36.85
38.0
36.8
36.8
37.46666666666667
37.46666666666667
37.46666666666667
36.8
37.0
37.0
36.9
37.225
37.225
37.225
37.225
36.660000000000004
36.660000000000004
38.2
37.074999999999996
37.074999999999996
37.7
36.75
37.88333333333333
37.88333333333333
36.3
37.5
37.5
38.0
37.44
37.44
38.2
37.425000000000004
37.425000000000004
38.1
36.82857142857143
37.519999999999996
37.614285714285714
36.739999999999995
37.44285714285714
37.53333333333333
36.81428571428571
37.4
37.35
37.35
37.3
37.3
37.56666666666667
37.13333333333333
37.13333333333333
37.13333333333333
37.13333333333333
36.7
36.7
37.3
37.271428571428565
36.4
36.4
37.2
37.2
37.2
37.8
37.2
37.2
37.2
37.228571428571435
37.228571428571435
37.228571428571435
37.5
36.86666666666667
36.86666666666667
37.1
37.18
37.18
37.18
37.18
36.825
37.24285714285714
37.35
37.3
37.3
37.4
37.4
37.55
36.400000000000006
36.400000000000006
37.483333333333334
36.766666666666666
37.36666666666667
37.0
37.0
36.2
37.56666666666666
36.98571428571428
37.0
37.440000000000005
37.440000000000005
36.95
37.199999999999996
36.666666666666664
36.666666666666664
36.849999999999994
37.25714285714286
37.25714285714286
36.2
37.3
37.3
36.3
37.48571428571428
36.800000000000004
36.857142857142854
37.4
36.84285714285715
37.1
37.1
36.6
36.6
36.6
36.76666666666667
36.76666666666667
36.3
37.31666666666667
36.72857142857142
37.15
37.21666666666667
36.699999999999996
36.699999999999996
37.05
37.05
37.05
36.8
36.3
36.3
36.94
36.86666666666667
36.86666666666667
36.849999999999994
36.849999999999994
36.849999999999994
36.849999999999994
37.339999999999996
36.5
36.5
37.239999999999995
36.5
36.5
37.2
36.7
36.7
37.08
37.32
37.32
36.6
36.6
36.6
36.6
36.6
36.6
36.6
36.5
36.5
36.5
36.5
36.5
37.199999999999996
36.9
37.333333333333336
37.333333333333336
37.333333333333336
37.333333333333336
37.333333333333336
36.9
36.9
37.18571428571429
37.15
37.15
37.05
36.65
37.01428571428572
37.01428571428572
37.01428571428572
37.01428571428572
36.3
36.3
37.3
37.3
35.8
35.8
35.8
36.53333333333333
37.0
37.0
37.0
36.980000000000004
36.980000000000004
36.2
36.6
36.6
36.5
36.7
36.7
36.1
36.74285714285714
36.53333333333333
36.53333333333333
37.8
36.0
36.0
37.36
36.0
36.0
36.85
36.85
36.0
37.199999999999996
36.93333333333333
37.150000000000006
37.150000000000006
37.150000000000006
37.150000000000006
36.3
37.08571428571429
36.6
36.82857142857142
36.82857142857142
36.82857142857142
36.4
36.4
37.519999999999996
36.51428571428571
36.84285714285714
36.95
36.95
36.1
37.15714285714285
36.75
36.3
36.3
36.8
36.8
36.4
37.128571428571426
36.88333333333333
36.771428571428565
36.733333333333334
36.733333333333334
36.733333333333334
36.8
36.8
36.8
36.8
37.22
36.6
36.6
36.6
36.5
36.5
36.5
36.53333333333333
36.53333333333333
36.53333333333333
36.6
37.0
37.0
36.3
36.3
36.3
37.1
37.03333333333333
37.03333333333333
36.2
37.128571428571426
36.63333333333333
36.63333333333333
36.63333333333333
36.36666666666667
36.36666666666667
36.93333333333333
36.3
36.3
36.15
36.15
36.36
36.800000000000004
36.800000000000004
36.53333333333333
36.857142857142854
36.857142857142854
36.857142857142854
36.28333333333334
36.800000000000004
36.17142857142857
37.03333333333333
36.7
36.7
37.15
37.15
36.7
37.0
36.57142857142857
36.371428571428574
36.6
36.6
36.480000000000004
37.050000000000004
36.54285714285714
37.4
37.4
36.7
36.7
37.5
36.36666666666667
36.766666666666666
36.766666666666666
36.766666666666666
36.3
36.56666666666667
36.56666666666667
36.9
36.9
36.0
36.53333333333333
36.53333333333333
36.475
36.55
36.55
36.739999999999995
35.9
35.9
37.6
37.6
36.4
36.63333333333333
36.63333333333333
36.63333333333333
36.63333333333333
36.8
37.11666666666667
37.1
36.32857142857143
37.13333333333333
37.13333333333333
35.9
37.128571428571426
36.550000000000004
37.160000000000004
37.160000000000004
37.7
36.44285714285714
36.44285714285714
36.44285714285714
36.56666666666666
37.5
37.5
36.54
37.1375
36.5
37.0
36.666666666666664
36.8
36.8
36.8
37.4
37.4
36.2
36.95
36.95
36.599999999999994
36.599999999999994
36.349999999999994
37.185714285714276
36.75
36.68571428571429
37.0
36.65714285714286
37.17142857142857
36.871428571428574
37.016666666666666
36.8
36.8
36.88
36.1
36.1
37.46666666666667
37.46666666666667
37.6
37.46666666666667
36.900000000000006
36.6
37.35
37.35
36.475
37.125
37.125
36.699999999999996
37.357142857142854
36.86
36.86
38.0
36.67142857142857
37.08571428571429
37.08571428571429
37.08571428571429
37.325
37.325
36.76666666666667
36.92857142857143
37.271428571428565
37.04
37.04
37.04
36.760000000000005
36.760000000000005
36.9
36.43333333333334
37.0
37.142857142857146
36.728571428571435
37.36666666666667
37.08571428571429
36.800000000000004
37.65714285714286
37.04
37.04
36.5
37.05
37.05
36.8
37.08571428571429
38.1
38.1
37.15
37.2
37.2
37.4
37.0
37.0
37.4
37.099999999999994
37.099999999999994
37.074999999999996
36.885714285714286
37.371428571428574
36.91428571428572
37.13333333333333
37.15
37.15
36.2
37.300000000000004
36.628571428571426
37.733333333333334
37.733333333333334
37.2
37.2
36.9
37.271428571428565
36.85
37.4
37.4
36.2
37.550000000000004
36.63333333333333
37.4
37.37142857142857
36.56666666666666
36.8
36.8
37.0
37.0
36.6
36.6
36.6
37.214285714285715
36.67142857142857
37.1
36.666666666666664
36.771428571428565
37.32857142857143
37.8
37.8
37.25
37.1
37.1
37.02
36.379999999999995
36.379999999999995
36.379999999999995
36.379999999999995
36.73333333333333
36.73333333333333
37.6
36.6
37.760000000000005
37.760000000000005
36.63333333333333
37.45
36.82857142857143
36.85
36.85
36.85
36.980000000000004
37.266666666666666
37.266666666666666
37.266666666666666
37.016666666666666
36.81428571428571
36.81428571428571
36.81428571428571
36.56666666666667
37.739999999999995
37.739999999999995
36.2
37.31666666666667
36.7
36.7
37.51428571428572
36.6
37.357142857142854
37.019999999999996
37.019999999999996
36.3
36.7
36.7
37.1
36.1
36.1
37.67999999999999
36.857142857142854
37.1
37.1
37.1
37.1
37.028571428571425
37.45
37.45
36.5
37.05714285714286
36.728571428571435
36.88333333333333
37.12
36.6
36.6
37.36666666666667
36.52857142857143
37.41428571428571
37.1
36.88333333333333
37.028571428571425
37.06666666666666
36.56666666666667
36.56666666666667
37.9
36.642857142857146
36.85
37.24285714285714
36.58571428571429
37.199999999999996
37.199999999999996
37.4
37.160000000000004
37.199999999999996
36.34285714285714
37.06
37.06
35.8
37.13333333333333
36.8
36.733333333333334
36.800000000000004
36.800000000000004
36.800000000000004
36.800000000000004
36.800000000000004
35.9
36.95
36.416666666666664
37.15
36.82857142857143
36.65
36.85
36.85
36.85
37.425
36.9
36.9
37.239999999999995
36.8
36.8
36.8
36.46666666666667
37.3
36.7
36.7
37.2
36.885714285714286
37.06666666666666
35.9
35.9
37.15
36.0
36.0
37.333333333333336
36.67142857142857
36.642857142857146
37.05
37.05
36.0
36.56666666666667
36.56666666666667
36.55
36.7
36.7
36.0
36.94285714285714
36.36666666666667
36.36666666666667
37.7
36.6
37.0
37.0
36.4
37.1
36.71666666666667
36.449999999999996
37.7
37.7
36.9
37.05714285714286
37.05714285714286
37.6
36.81666666666666
36.78
36.78
36.2
36.78
36.78
36.1
37.18571428571429
37.18571428571429
37.18571428571429
37.199999999999996
36.971428571428575
36.971428571428575
37.1
36.9
36.583333333333336
36.9
36.9
36.5
36.5
36.5
36.5
36.5
36.5
36.2
36.2
37.4
36.63333333333333
37.7
37.7
36.925000000000004
37.08571428571429
37.028571428571425
36.975
36.975
37.199999999999996
37.275
37.275
38.1
36.81428571428571
37.1
37.1
36.56
37.34285714285714
37.016666666666666
37.15
37.271428571428565
37.06666666666667
37.06666666666667
37.06666666666667
37.15
37.8
37.8
37.3
37.3
37.5
36.98571428571428
37.55
37.333333333333336
37.03333333333334
37.333333333333336
37.199999999999996
37.114285714285714
37.56
36.833333333333336
36.833333333333336
37.8
37.13333333333333
37.766666666666666
37.766666666666666
36.8
37.4
36.4
36.4
37.599999999999994
37.13333333333333
37.542857142857144
37.699999999999996
37.699999999999996
37.699999999999996
37.025
37.025
37.025
37.1
37.1
37.1
37.5
37.128571428571426
37.54285714285714
37.75
37.45
37.45
38.0
37.18571428571429
37.266666666666666
37.55714285714286
36.7
36.7
37.6
37.0
38.2
38.2
37.73333333333333
37.73333333333333
37.0
37.0
37.0
37.019999999999996
38.3
38.3
38.3
37.599999999999994
37.599999999999994
37.35
37.550000000000004
37.385714285714286
37.285714285714285
37.73333333333333
36.7
36.7
37.6
36.7
36.7
36.7
36.85
36.85
37.2
37.2
37.2
37.625
37.1
37.18571428571429
36.6
36.6
37.25
38.0
38.0
36.720000000000006
37.2
37.2
36.92
37.31428571428571
36.949999999999996
37.300000000000004
37.300000000000004
36.8
37.5
37.5
37.2
36.75
36.75
37.9
37.0
37.35
37.38
37.14
37.14
37.1
37.1
37.1
37.48571428571428
36.86666666666667
36.86666666666667
38.4
37.2
37.650000000000006
37.650000000000006
36.9
37.45
37.45
37.7
36.98
37.36666666666667
37.4
36.9
37.3
37.3
37.1
37.28333333333333
36.6
36.6
37.55
36.68333333333333
36.68333333333333
36.68333333333333
36.68333333333333
36.68333333333333
36.68333333333333
38.0
37.075
37.075
37.3
37.3
37.1
37.03333333333333
37.271428571428565
37.63333333333333
36.82857142857143
37.333333333333336
37.34
37.34
36.6
36.6
36.6
37.166666666666664
37.13333333333333
37.25
37.25
37.56
36.666666666666664
37.266666666666666
37.0
37.0
37.0
38.0
37.142857142857146
37.142857142857146
38.0
37.11666666666667
37.11666666666667
37.4
36.68
38.1
38.1
36.9
36.8
36.8
37.17999999999999
37.32857142857143
36.75
37.4
37.4
36.3
37.666666666666664
36.7
36.7
37.55
37.55
36.800000000000004
37.525
37.525
36.7
38.2
38.2
36.3
37.614285714285714
37.050000000000004
37.1
37.56666666666667
37.057142857142864
36.800000000000004
37.36666666666667
37.0
37.333333333333336
37.333333333333336
37.0
37.300000000000004
37.300000000000004
37.300000000000004
38.2
38.2
36.98
36.98
36.6
36.885714285714286
37.15
37.75714285714286
37.58571428571429
37.166666666666664
37.57142857142857
36.9
36.9
37.46666666666667
36.85
36.85
37.2
37.314285714285724
37.14
37.65
37.199999999999996
37.199999999999996
37.6
36.9
37.449999999999996
37.449999999999996
36.6
37.35
37.45
37.14
37.14
38.1
37.06666666666667
37.5
37.32857142857143
36.3
36.3
37.666666666666664
37.083333333333336
37.31428571428571
37.699999999999996
37.01428571428572
37.3
37.3
37.0
37.271428571428565
37.357142857142854
36.76
37.75714285714286
37.38
38.1
38.1
36.73333333333333
37.21666666666667
36.3
36.3
37.82
37.019999999999996
37.019999999999996
38.0
37.2
37.2
37.666666666666664
36.8
37.733333333333334
37.733333333333334
36.4
37.35
36.96666666666667
37.18571428571429
37.6
37.6
37.6
37.46666666666667
36.9
37.55
37.55
36.73333333333333
37.4
36.6
36.6
37.574999999999996
36.75
37.6
37.17142857142857
37.17142857142857
37.17142857142857
36.760000000000005
36.760000000000005
38.3
38.3
36.4
36.4
36.4
37.25714285714286
37.25714285714286
37.25714285714286
37.25714285714286
37.775000000000006
37.775000000000006
36.5
37.3
36.7
36.7
37.75
37.75
37.75
37.714285714285715
37.3
37.3
37.800000000000004
36.63333333333333
36.63333333333333
36.7
37.2
37.2
36.980000000000004
37.9
37.3
37.3
37.5
37.199999999999996
37.199999999999996
37.199999999999996
37.199999999999996
37.199999999999996
38.4
36.75
36.75
37.98571428571428
37.416666666666664
37.825
37.825
37.55
38.4
38.4
37.55
37.55
36.5
36.5
36.5
37.4375
37.4375
37.4375
37.6
37.385714285714286
37.48571428571428
37.12
37.12
37.3
37.128571428571426
37.800000000000004
37.65714285714286
37.65714285714286
37.65714285714286
36.516666666666666
37.199999999999996
37.599999999999994
37.599999999999994
37.5
37.4
37.84285714285714
37.42857142857143
37.46666666666667
37.65714285714286
37.300000000000004
37.300000000000004
38.4
37.099999999999994
37.099999999999994
37.5
37.5
37.1
37.46666666666667
37.68
37.68
38.4
37.199999999999996
37.199999999999996
38.2
36.900000000000006
36.900000000000006
37.62
37.3
37.3
37.76
36.5
36.5
36.9
36.9
36.9
36.9
36.9
37.4
37.4
37.4
37.75
36.91428571428572
37.5
37.5
36.9
37.199999999999996
37.44285714285714
36.833333333333336
38.233333333333334
38.233333333333334
37.166666666666664
37.1
37.1
37.14
36.85
36.85
36.85
36.85
36.85
37.1
37.1
37.1
37.166666666666664
37.166666666666664
38.3
36.6
36.6
37.13333333333333
37.13333333333333
37.2
37.36666666666667
37.666666666666664
37.666666666666664
37.2
37.2
36.4
37.349999999999994
37.349999999999994
38.3
38.0
38.0
37.166666666666664
37.0
37.28333333333333
38.3
38.3
37.6
36.857142857142854
37.71666666666667
37.45
37.45
37.800000000000004
37.25
37.25
37.475
36.75
36.75
38.1
36.720000000000006
36.720000000000006
37.25
37.199999999999996
37.199999999999996
37.25
37.25
37.6
37.6
37.6
37.72
36.64
37.86666666666667
37.46666666666667
37.38333333333333
37.8
37.8
37.05
37.05
36.3
37.65
36.86666666666667
36.86666666666667
38.3
36.800000000000004
36.800000000000004
36.800000000000004
36.871428571428574
37.82857142857143
37.019999999999996
37.019999999999996
38.3
36.7
36.7
37.6
37.6
37.6
37.6
37.6
37.6
36.6
36.6
37.9
36.766666666666666
38.1
38.1
37.6
37.18333333333333
37.333333333333336
37.471428571428575
36.86666666666667
37.728571428571435
37.9
37.9
37.26666666666667
37.7
37.7
37.225
37.3
37.3
37.0
37.0
37.0
37.0
37.0
37.0
37.0
37.0
37.0
37.3
37.1
37.6
36.825
36.825
37.9
36.9
37.349999999999994
37.349999999999994
36.8
36.8
37.7
37.266666666666666
38.016666666666666
38.016666666666666
38.3
37.875
37.875
37.9
37.349999999999994
37.349999999999994
37.55
37.55
37.2
36.6
36.6
37.760000000000005
37.15714285714286
37.25714285714286
37.65
37.083333333333336
37.083333333333336
38.4
36.65
36.65
37.68333333333334
37.175
37.175
37.8
37.82857142857143
37.199999999999996
37.31428571428571
37.7
38.142857142857146
37.019999999999996
37.019999999999996
37.1
36.81428571428571
36.8
36.8
37.15
37.15
37.3
36.8
36.8
37.46666666666667
37.349999999999994
37.349999999999994
37.025
37.15
37.15
37.2
37.3
37.3
37.2
37.2
36.575
37.57142857142857
36.78333333333333
36.78333333333333
36.78333333333333
36.9
37.699999999999996
37.699999999999996
36.9
37.733333333333334
37.300000000000004
36.857142857142854
37.528571428571425
36.942857142857136
37.56666666666666
37.0
37.0
37.46666666666667
37.0
37.9
37.1
37.35
37.35
37.2
37.25
37.400000000000006
37.400000000000006
37.25
37.25
37.25
37.339999999999996
37.8
37.8
37.375
37.050000000000004
37.22
37.22
37.22
37.22
37.22
37.22
37.22
37.22
36.4
36.4
36.6
37.166666666666664
37.166666666666664
36.6
37.95
37.95
37.083333333333336
37.1
37.1
36.5
37.76666666666667
36.9
38.3
38.3
36.82
37.24285714285714
37.333333333333336
37.18333333333334
37.25
37.25
37.25
37.25
37.6
37.6
37.6
37.6
37.6
37.0
37.42857142857143
37.15
37.642857142857146
36.833333333333336
36.833333333333336
37.46666666666667
36.87142857142857
37.666666666666664
37.666666666666664
37.0
37.0
37.0
37.0
36.9
37.84285714285714
37.128571428571426
37.724999999999994
37.724999999999994
36.6
37.8
37.8
36.9
37.5
37.042857142857144
37.85
37.15714285714286
37.55
37.55
37.14
37.4
37.67142857142858
37.25714285714286
37.53333333333333
36.666666666666664
36.666666666666664
36.666666666666664
36.666666666666664
36.666666666666664
36.666666666666664
37.4
37.4
37.4
37.4
37.4
37.4
37.4
37.4
37.4
37.4
37.4
37.4
37.4
37.4
37.4
37.4
37.4
37.4
37.4
37.4
37.4
36.9
36.98571428571428
37.1
37.1
37.725
37.725
37.5
37.4
37.4
37.3
37.3
37.7
37.333333333333336
37.333333333333336
37.333333333333336
37.333333333333336
37.333333333333336
37.333333333333336
37.333333333333336
37.56666666666667
37.5
37.5
37.1
37.800000000000004
37.800000000000004
37.4
37.5
37.5
38.12
37.285714285714285
38.0
38.0
37.285714285714285
37.85
37.385714285714286
37.385714285714286
37.385714285714286
37.45
37.45
38.1
38.03333333333333
38.03333333333333
37.63333333333333
37.519999999999996
37.17999999999999
37.17999999999999
37.17999999999999
37.17999999999999
37.6
38.050000000000004
37.46666666666667
37.699999999999996
37.2
37.2
38.15
38.15
37.5
37.93333333333334
37.93333333333334
37.28
38.23333333333333
37.3
37.7125
37.86666666666667
37.766666666666666
37.766666666666666
38.03333333333334
37.95
37.95
37.8
37.857142857142854
37.88333333333333
37.65
38.26666666666667
38.26666666666667
37.45
37.56666666666666
37.56666666666666
37.166666666666664
37.885714285714286
37.13333333333333
38.057142857142864
37.75
37.75
37.98
37.233333333333334
37.642857142857146
38.18333333333334
37.4
37.4
38.5
37.55714285714286
38.07142857142857
36.666666666666664
36.666666666666664
36.666666666666664
36.8
37.957142857142856
37.0
37.0
37.0
37.0
37.0
38.166666666666664
37.32857142857143
38.12
37.4
37.4
38.050000000000004
37.8
37.8
38.04
37.45
37.45
38.5
37.440000000000005
37.63333333333333
37.63333333333333
37.5
37.53333333333333
37.53333333333333
37.5
37.41428571428571
37.68333333333333
37.5
37.5
37.4
38.0
37.55
37.55
37.8
37.385714285714286
37.65
37.0
37.0
37.8
37.0
37.0
38.06666666666667
37.45
37.45
37.45
37.266666666666666
37.699999999999996
37.21666666666666
37.21666666666666
37.21666666666666
37.300000000000004
37.85
37.8
37.8
37.800000000000004
37.800000000000004
36.8
37.78333333333333
37.3
37.3
37.96
37.5
37.5
38.18
38.18
38.18
38.18
38.18
38.18
37.95
37.95
37.95
37.95
37.95
36.9
37.5
37.56666666666667
37.06666666666667
37.06666666666667
37.06666666666667
37.8
37.04
37.04
37.04
37.04
37.04
37.980000000000004
37.980000000000004
36.8
37.82857142857143
37.82857142857143
37.82857142857143
38.15
38.15
37.7
37.7
38.6
37.4
37.56
37.56
37.0
37.53333333333333
37.36666666666667
37.96666666666667
37.7
37.583333333333336
37.583333333333336
37.6
37.58571428571429
37.75
37.75
37.5
37.75
37.43333333333333
37.43333333333333
38.0
37.4
38.016666666666666
37.46666666666667
37.5
37.93333333333333
37.93333333333333
37.333333333333336
37.949999999999996
37.166666666666664
37.166666666666664
37.4
37.9
37.5
37.7
37.7
37.3
37.3
37.3
36.739999999999995
37.67142857142857
37.53333333333333
37.128571428571426
37.642857142857146
37.471428571428575
37.4
37.4
38.2
37.114285714285714
37.63333333333333
37.4
37.4
37.75
37.17142857142857
37.17142857142857
38.3
37.0
37.53333333333334
37.075
37.075
36.8
38.3
38.3
37.625
37.625
37.4
37.88333333333333
37.45
38.4
38.4
38.4
37.26666666666667
38.5
38.5
37.44285714285714
37.73333333333333
37.1
37.1
37.1
37.1
36.6
37.542857142857144
37.6
37.099999999999994
37.099999999999994
37.099999999999994
37.099999999999994
37.099999999999994
37.099999999999994
37.28
37.51428571428572
37.6
37.125
37.125
37.7
36.93333333333333
37.9
37.32857142857143
37.314285714285724
38.06666666666667
38.06666666666667
38.06666666666667
38.06666666666667
38.2
36.94285714285714
37.45
37.45
37.325
37.325
38.4
37.45
37.45
37.4
37.0
36.96666666666667
36.96666666666667
37.075
37.28
37.28
37.4
37.4
37.1
37.1
38.2
37.885714285714286
37.0
37.699999999999996
37.38
37.42857142857143
37.82
37.385714285714286
37.53333333333333
37.75
37.040000000000006
37.266666666666666
37.9
37.34
37.34
37.849999999999994
37.474999999999994
37.474999999999994
38.175
37.25
37.371428571428574
36.9
36.9
36.9
36.9
36.9
36.9
37.25
37.96
37.028571428571425
37.6
37.642857142857146
37.11666666666667
37.11666666666667
38.5
38.5
38.5
37.12
38.05
38.05
38.05
37.35
37.0
37.0
37.559999999999995
37.1
37.1
37.1
37.300000000000004
37.300000000000004
37.56
37.56
37.0
37.18571428571429
37.3
37.625
37.625
37.2
37.875
37.875
36.5
38.0
38.0
38.1
37.6
36.46666666666667
36.46666666666667
36.46666666666667
36.46666666666667
36.6
37.540000000000006
37.540000000000006
37.8
36.833333333333336
36.833333333333336
36.9
36.72
36.72
38.2
36.94285714285714
37.720000000000006
37.06666666666667
37.06666666666667
37.45
36.72
36.72
38.2
37.35
37.35
37.300000000000004
37.300000000000004
37.3
36.91428571428571
38.2
37.75
37.75
37.0
37.55
36.4
36.4
38.3
38.3
36.5
37.8
37.8
36.9
37.8
36.949999999999996
37.18571428571429
37.35
37.3
37.3
37.53333333333334
37.06666666666667
37.32857142857143
37.528571428571425
37.06666666666667
36.7
36.7
37.1
37.64
37.64
37.64
37.879999999999995
37.879999999999995
37.0
37.65
37.2125
37.86666666666667
37.5
37.7
37.7
37.516666666666666
37.271428571428565
37.666666666666664
37.666666666666664
36.9
37.666666666666664
37.228571428571435
37.228571428571435
37.228571428571435
37.86666666666667
37.43333333333333
37.4
37.82
37.025
37.025
37.8
37.300000000000004
37.699999999999996
37.699999999999996
37.5
37.5
37.5
37.16
37.35
37.78
36.91428571428571
37.34285714285714
37.65
36.833333333333336
37.43333333333334
36.8
36.8
37.2
36.7
36.7
37.8
37.75
37.06666666666666
37.06666666666666
37.06666666666666
37.199999999999996
37.199999999999996
37.6
37.06666666666667
37.800000000000004
37.385714285714286
37.233333333333334
37.025
37.025
37.2
36.95
36.95
37.6
37.13333333333333
37.528571428571425
37.528571428571425
36.7
37.5
37.36
37.1
37.1
38.2
37.375
37.375
37.375
37.375
37.375
36.760000000000005
37.74285714285714
37.028571428571425
37.028571428571425
37.028571428571425
37.028571428571425
37.474999999999994
37.65
37.65
36.3
37.68571428571429
36.6
36.6
38.1
36.9
37.1
37.666666666666664
37.6
37.6
37.7
38.3
38.3
37.8
37.599999999999994
37.599999999999994
36.4
37.699999999999996
37.18333333333333
37.38571428571429
37.628571428571426
38.1
38.1
37.0
37.71666666666667
36.86
36.86
38.0
37.0
38.0
38.0
36.8
36.8
36.8
36.4
36.4
37.25
37.8
37.166666666666664
37.166666666666664
36.7
37.083333333333336
37.083333333333336
37.083333333333336
36.760000000000005
37.028571428571425
37.88333333333333
37.88333333333333
37.4
37.4
37.4
37.44
37.699999999999996
37.442857142857136
37.71666666666667
37.71666666666667
37.2
37.55714285714286
37.266666666666666
37.666666666666664
37.1
37.1
37.1
37.6
37.02
37.02
37.02
37.08
37.1
37.45
37.45
36.7
37.271428571428565
36.75
36.75
37.666666666666664
37.666666666666664
36.95
37.271428571428565
36.81428571428571
37.800000000000004
36.88333333333333
37.849999999999994
37.849999999999994
36.9
37.1
37.1
36.65
38.349999999999994
38.349999999999994
36.825
37.824999999999996
37.824999999999996
38.0
37.6
37.5
37.5
37.5
37.5
36.6
37.785714285714285
37.785714285714285
38.0
37.25
37.6
37.45
37.45
38.239999999999995
37.300000000000004
37.300000000000004
37.300000000000004
36.91428571428572
37.800000000000004
37.04
37.04
37.25
37.528571428571425
37.03333333333333
37.53333333333333
37.53333333333333
37.53333333333333
37.699999999999996
36.95
36.95
36.95
36.86
37.339999999999996
37.339999999999996
37.339999999999996
37.9
37.228571428571435
37.449999999999996
37.13333333333333
37.13333333333333
37.45
37.15
37.15
37.2
37.2
37.2
37.95
37.95
37.0
37.0
37.9
37.2
37.2
37.1
37.1
37.8
37.26666666666667
37.475
37.55
37.55
37.26666666666667
37.92857142857143
37.35
37.35
38.5
37.06
37.3
37.3
38.025
37.32
37.800000000000004
37.800000000000004
37.3
37.58571428571429
37.36666666666667
37.36666666666667
37.36666666666667
37.199999999999996
37.85
37.46666666666666
37.46666666666666
37.95
37.46666666666667
38.025
38.025
37.1
38.225
38.225
36.7
38.166666666666664
37.71666666666666
37.199999999999996
37.9
37.199999999999996
37.333333333333336
37.65
37.2
37.2
37.93333333333333
36.93333333333333
36.93333333333333
38.4
37.628571428571426
37.2
37.2
36.9
37.86
36.949999999999996
37.857142857142854
37.35
37.35
37.2
37.42857142857143
37.21666666666667
37.8
37.8
36.6
37.35
37.35
37.5
37.260000000000005
37.75
37.75
37.06
38.0
36.95
36.95
38.3
36.9
36.9
36.9
36.9
36.9
37.35
37.800000000000004
37.199999999999996
36.96666666666667
36.96666666666667
36.96666666666667
38.5
38.5
37.0
37.0
37.2
37.75714285714286
36.9
36.9
37.5
37.5
37.339999999999996
37.6
37.0
38.4
38.4
38.4
38.4
38.4
37.96666666666667
36.96666666666667
36.96666666666667
37.5
37.5
37.5
37.5
37.5
37.5
36.6
36.6
36.6
36.6
36.6
36.6
36.6
36.6
36.6
36.6
36.6
36.6
36.6
36.6
36.6
36.6
36.6
36.6
36.6
36.6
36.6
36.6
36.6
36.6
36.6
36.6
36.6
36.6
36.6
36.6
36.86
36.86
36.86
37.81428571428571
37.371428571428574
37.68
37.68
37.36666666666667
38.5
38.5
36.9
36.9
37.7
37.36666666666667
37.36666666666667
37.36666666666667
36.800000000000004
36.800000000000004
38.2
37.028571428571425
37.45
37.45
37.45
37.45
36.9
37.75714285714286
37.300000000000004
37.55
37.55
37.16
37.74285714285715
37.85
36.84285714285714
37.85
36.7
36.7
37.98
37.06666666666666
37.06666666666666
37.6
37.150000000000006
37.150000000000006
37.38
37.199999999999996
37.65
37.08571428571429
37.81666666666667
37.81666666666667
37.81666666666667
37.949999999999996
37.55714285714286
37.21666666666667
37.65
37.65
36.6
37.699999999999996
37.5
37.5
37.349999999999994
37.349999999999994
37.3
37.14
37.14
38.2
38.2
36.5
38.4
38.4
36.96
37.9
36.6
36.6
37.800000000000004
37.24
37.24
38.3
37.5
37.5
37.166666666666664
37.775
37.775
37.9
37.528571428571425
37.35
37.35
37.0
37.1
37.128571428571426
37.9
37.160000000000004
37.160000000000004
37.8
37.0
37.6625
37.6625
37.6625
37.9
36.92857142857143
37.18333333333334
37.55
37.55
37.8
37.228571428571435
37.800000000000004
37.800000000000004
37.32
37.733333333333334
37.57142857142857
36.949999999999996
37.81666666666667
37.81666666666667
37.0
37.61666666666667
37.61666666666667
36.5
37.0
37.0
37.3
36.9
36.9
37.96666666666667
37.25
37.9
37.9
36.5
37.628571428571426
37.628571428571426
37.628571428571426
36.800000000000004
36.800000000000004
37.9
37.9
37.9
37.7
37.7
37.9
37.300000000000004
37.228571428571435
37.833333333333336
37.042857142857144
38.1
38.1
38.1
37.7
37.03333333333333
37.4
37.4
36.9
37.45
36.733333333333334
36.733333333333334
36.8
37.92
37.92
36.6
37.34285714285715
37.34285714285715
37.34285714285715
37.5
38.4
38.4
36.6
36.6
38.025
37.175
37.175
38.5
37.53333333333334
36.6
36.6
37.44
37.4
37.300000000000004
37.300000000000004
38.2
37.61666666666667
36.7
36.7
37.8
37.18571428571429
37.642857142857146
37.65
37.34
37.34
38.1
37.24285714285714
36.6
36.6
37.3
37.3
38.3
38.3
38.3
36.833333333333336
36.833333333333336
36.833333333333336
36.5
37.86666666666667
37.142857142857146
37.31666666666667
37.785714285714285
36.93333333333333
37.67142857142857
36.5
36.5
37.599999999999994
37.24285714285714
37.92
37.92
37.92
37.642857142857146
37.642857142857146
36.5
37.75
37.75
37.75
37.76666666666667
36.9
37.3
37.3
36.94
37.666666666666664
37.233333333333334
37.9
37.9
36.849999999999994
37.63333333333333
36.771428571428565
38.2
38.2
36.73333333333333
36.6
36.6
36.6
36.6
36.6
37.73333333333333
37.73333333333333
36.733333333333334
37.41428571428571
37.41428571428571
37.41428571428571
37.199999999999996
36.875
36.875
37.56666666666667
37.18333333333334
38.0
38.0
38.0
38.0
36.5
37.5
37.08571428571429
37.13333333333333
37.699999999999996
37.15
37.15
37.8
36.871428571428574
37.65
36.9
37.357142857142854
37.45
36.766666666666666
37.63333333333333
37.63333333333333
36.9
36.95
36.95
36.95
36.95
36.95
37.6
36.82857142857143
37.300000000000004
36.800000000000004
36.800000000000004
36.800000000000004
36.81428571428571
37.44
37.44
37.0
37.0
37.0
37.400000000000006
36.73333333333333
37.699999999999996
37.05
37.05
38.3
36.9
37.6
36.971428571428575
37.1
37.785714285714285
36.766666666666666
37.6
37.6
36.85
37.614285714285714
37.05
37.05
37.975
37.13333333333333
37.13333333333333
37.13333333333333
37.55714285714286
37.519999999999996
37.55
37.55
37.2
38.025
38.025
36.7
37.699999999999996
37.32857142857143
37.68333333333333
36.8
37.5
37.53333333333334
37.6
37.6
37.0
37.885714285714286
36.76666666666667
38.32
38.32
38.4
37.21666666666666
37.56666666666666
37.15
37.92
37.019999999999996
37.019999999999996
37.019999999999996
37.019999999999996
37.019999999999996
37.019999999999996
37.019999999999996
37.88
37.166666666666664
37.614285714285714
37.43333333333333
37.516666666666666
37.516666666666666
37.516666666666666
36.86666666666667
37.785714285714285
36.88
36.88
36.88
36.88
36.88
36.88
36.88
37.1
37.550000000000004
37.550000000000004
36.8
36.971428571428575
37.8
37.7
37.7
37.7
37.07142857142857
36.833333333333336
37.4
36.971428571428575
37.45
37.8
37.8
37.46
37.46
37.46
38.0
38.0
37.199999999999996
37.68571428571429
36.65714285714285
36.766666666666666
37.62857142857143
37.300000000000004
37.225
37.56666666666666
36.76666666666667
37.9
37.9
37.63333333333333
37.650000000000006
37.650000000000006
36.900000000000006
37.542857142857144
36.91428571428571
37.699999999999996
37.31428571428571
37.31428571428571
37.31428571428571
37.31428571428571
37.31428571428571
37.3
37.3
37.8
36.94285714285714
37.65714285714286
37.285714285714285
36.949999999999996
37.61666666666667
37.07142857142857
37.8
37.042857142857144
37.725
37.725
36.8
37.699999999999996
37.53333333333333
37.2
37.6
37.6
37.333333333333336
37.385714285714286
37.050000000000004
37.76
37.37142857142857
37.699999999999996
37.699999999999996
37.766666666666666
37.325
38.18
36.9
37.271428571428565
37.08
37.08
37.2
36.9
36.9
38.019999999999996
36.974999999999994
36.974999999999994
37.43333333333333
36.699999999999996
37.714285714285715
36.800000000000004
36.800000000000004
38.4
36.833333333333336
37.833333333333336
38.2
38.2
37.675000000000004
37.675000000000004
37.5
37.86
37.88
37.88
36.6
37.51666666666667
37.5
37.5
37.5
37.5
37.5
37.5
37.5
37.5
37.5
37.5
37.5
37.5
37.5
37.5
37.24
37.24
37.24
37.05
38.4
38.4
36.9
37.885714285714286
36.96666666666667
37.95
37.95
37.95
36.5
37.416666666666664
37.0
37.62
37.62
38.2
37.483333333333334
37.78
37.45
37.45
37.45
36.82000000000001
38.0
37.233333333333334
37.542857142857144
37.542857142857144
37.542857142857144
37.55
37.55
37.6
37.6
37.575
37.5
37.5
37.5
37.5
38.2
36.7
36.7
37.64
37.64
37.64
37.25714285714286
37.333333333333336
37.333333333333336
37.333333333333336
37.666666666666664
37.1
37.1
37.4
37.614285714285714
37.614285714285714
37.614285714285714
37.1
37.6
37.46
37.46
37.0
37.1
37.1
37.52
37.5
37.5
38.1
38.1
38.1
37.733333333333334
37.733333333333334
37.5
37.5
37.5
36.6
36.6
37.75
37.75
36.9
38.2
37.6
37.6
38.6
37.72
38.3
37.24285714285714
38.1
37.3
37.3
38.1
38.1
37.2
38.0
36.8
36.8
36.675000000000004
37.92857142857143
37.45
37.45
37.45
37.45
36.7
36.7
37.22
37.9
37.528571428571425
37.45
37.45
37.45
36.9
38.05
38.05
38.05
37.25
37.25
37.5
37.74
37.52857142857143
37.93333333333333
37.628571428571426
37.628571428571426
36.8
38.4
38.4
37.333333333333336
37.73333333333333
37.199999999999996
38.4
38.4
37.15
37.660000000000004
37.660000000000004
38.0
37.68571428571429
37.93333333333334
37.5
37.5
37.95
37.95
37.95
37.92857142857143
37.25
37.25
37.8
37.8
37.8
38.166666666666664
37.385714285714286
37.385714285714286
37.385714285714286
38.1
37.5
36.9
36.9
36.9
36.9
36.9
36.9
36.9
37.46666666666667
37.46666666666667
38.03333333333333
37.516666666666666
37.516666666666666
37.516666666666666
37.614285714285714
37.614285714285714
37.614285714285714
37.55
37.96666666666666
37.96666666666666
37.4
37.542857142857144
37.72857142857142
37.32857142857142
37.96666666666667
37.86
37.614285714285714
38.1
36.9
36.9
38.225
38.225
36.9
37.7
37.7
36.95
36.95
38.6
37.528571428571425
37.660000000000004
37.660000000000004
37.660000000000004
37.660000000000004
37.85
37.25
37.885714285714286
37.28333333333333
37.68571428571429
37.949999999999996
37.949999999999996
37.949999999999996
37.05
37.05
37.05
37.05
37.44285714285714
37.91428571428571
37.75
37.375
37.375
37.9
37.55
37.74285714285714
38.0
37.5
37.58571428571428
37.84285714285714
37.357142857142854
37.5
37.5
37.5
37.5
38.0
37.25
37.614285714285714
36.7
36.7
36.925
37.614285714285714
37.449999999999996
37.43333333333333
37.614285714285714
37.471428571428575
37.800000000000004
37.84285714285715
37.199999999999996
38.300000000000004
37.25714285714286
38.1
38.1
37.833333333333336
37.974999999999994
37.974999999999994
37.3
38.06666666666667
37.9
37.9
37.9
37.95
37.58571428571429
38.0
38.0
36.9
37.81428571428571
37.75
37.75
38.12
37.22857142857142
37.9
37.714285714285715
37.35
37.771428571428565
37.4
37.300000000000004
38.03333333333333
38.03333333333333
36.8
38.03333333333333
37.36666666666667
37.84285714285715
37.85
37.36666666666667
37.36666666666667
37.36666666666667
37.36666666666667
38.13333333333333
38.13333333333333
36.7
38.15
37.56
37.56
37.56
37.56
37.6
37.3
37.3
37.3
37.3
37.3
37.3
37.3
38.7
38.7
37.266666666666666
37.68
37.68
37.7
37.35
37.35
37.9
37.9
37.9
37.68
37.68
36.9
37.642857142857146
37.18571428571429
38.0
38.0
37.13333333333333
38.13333333333333
37.35
37.4
37.4
37.63333333333333
37.63333333333333
37.63333333333333
37.63333333333333
38.13333333333333
36.8
36.8
38.06666666666667
37.160000000000004
37.160000000000004
38.1
38.1
38.1
38.1
38.1
38.1
38.1
37.36
38.0
37.0
37.0
38.3
37.614285714285714
37.739999999999995
37.739999999999995
38.1
37.65
37.4
37.4
37.4
37.4
37.4
36.6
36.6
36.6
36.6
37.6
37.6
36.7
37.36
37.36
37.3
37.0
37.0
37.699999999999996
37.699999999999996
36.5
37.949999999999996
37.949999999999996
36.8
38.6
38.6
37.5
37.65
37.1
37.92
37.92
36.9
38.18571428571429
37.85
37.25714285714285
37.9
36.925
36.925
38.9
37.63333333333333
37.63333333333333
37.9
37.333333333333336
37.8
38.6
38.6
37.88
37.4
37.4
38.025
38.07142857142857
37.449999999999996
38.2
38.31666666666667
37.96666666666667
37.96666666666667
37.800000000000004
37.800000000000004
37.800000000000004
37.800000000000004
38.03333333333333
38.03333333333333
38.8
37.9
37.9
37.62
37.9
37.699999999999996
37.528571428571425
38.11666666666667
37.357142857142854
37.949999999999996
38.08571428571429
37.46666666666667
38.028571428571425
38.028571428571425
38.028571428571425
38.53333333333334
37.65714285714286
38.41428571428571
38.1
38.1
37.9
38.15
37.733333333333334
38.214285714285715
38.214285714285715
38.214285714285715
38.449999999999996
38.1
38.1
38.480000000000004
37.55
37.55
39.03333333333333
39.03333333333333
39.03333333333333
38.2
37.7
37.7
38.1
38.1
38.1
38.1
38.1
38.1
38.1
38.1
38.1
38.1
38.1
37.8
38.6
38.6
37.95
37.95
37.8
37.8
37.46666666666666
37.95
37.95
37.7
37.959999999999994
37.959999999999994
37.8
37.1
37.1
38.6
37.9
38.7
38.7
37.550000000000004
38.371428571428574
38.371428571428574
38.371428571428574
37.8
37.8
37.8
37.857142857142854
37.771428571428565
38.050000000000004
37.67142857142857
37.67142857142857
38.7
37.5
38.41428571428571
38.41428571428571
38.41428571428571
38.228571428571435
37.56
37.56
39.0
37.8
38.02857142857143
37.760000000000005
37.760000000000005
37.7
37.1
37.1
38.266666666666666
37.2
37.2
38.300000000000004
37.5
37.5
38.8
38.8
38.8
37.76666666666667
37.614285714285714
38.12
37.53333333333333
37.642857142857146
37.92857142857143
37.114285714285714
37.98333333333333
37.48571428571428
37.48571428571428
37.48571428571428
37.48571428571428
37.48571428571428
38.2
38.2
38.2
38.2
38.2
38.2
38.2
38.2
38.2
38.5
37.0
37.0
37.1
37.1
37.7
37.1
37.63333333333333
37.150000000000006
37.150000000000006
36.7
37.166666666666664
37.75714285714286
37.75714285714286
37.75714285714286
37.5
37.5
36.5
36.9
36.9
36.9
36.9
36.9
38.019999999999996
37.1
37.25
37.68333333333333
37.1
37.9
37.9
37.300000000000004
37.300000000000004
37.300000000000004
37.4
37.61666666666667
38.0
38.0
37.52
37.43333333333333
36.4
36.4
37.9
37.05714285714286
37.13333333333333
37.5
37.5
37.125
37.628571428571426
37.0
37.0
37.233333333333334
37.4
37.4
37.233333333333334
37.233333333333334
38.2
37.228571428571435
37.31428571428571
37.6
37.6
37.6
37.5
37.5
38.0
37.13333333333333
37.5
37.44285714285714
36.5
36.5
37.25
37.25
37.1
37.300000000000004
36.980000000000004
37.766666666666666
37.07142857142857
37.4
37.4
36.85
37.800000000000004
37.800000000000004
37.800000000000004
37.54
37.54
37.6
36.971428571428575
36.96666666666667
36.96666666666667
36.6
38.0
38.0
37.5
37.833333333333336
37.75
36.92
37.271428571428565
37.271428571428565
37.271428571428565
37.76666666666667
37.76666666666667
36.900000000000006
37.2
37.2
36.92
37.4
37.4
37.1
37.550000000000004
37.550000000000004
36.4
37.050000000000004
37.25714285714286
37.6
37.8
37.8
38.1
36.916666666666664
37.31428571428571
36.699999999999996
37.4
37.4
36.675000000000004
37.2
37.2
36.82
37.300000000000004
37.43333333333333
36.8
36.8
36.8
36.800000000000004
37.733333333333334
37.0
37.083333333333336
37.5
36.949999999999996
37.016666666666666
37.51428571428572
36.93333333333333
36.93333333333333
37.5
37.03333333333333
37.9
37.766666666666666
36.93333333333333
36.93333333333333
38.4
38.4
36.4
37.55714285714286
36.86666666666667
36.72
37.699999999999996
36.5
36.5
36.5
36.5
37.425
37.214285714285715
37.06
37.65
36.75
37.48571428571429
37.08571428571429
37.46666666666667
37.385714285714286
37.175
37.175
37.4
37.41428571428571
37.38571428571429
37.34285714285714
37.8
37.03333333333333
37.4
37.4
37.4
37.4
37.05
37.5
37.5
37.5
37.300000000000004
37.300000000000004
36.6
37.8
36.98333333333333
37.8
37.8
36.63333333333333
37.628571428571426
37.628571428571426
36.7
36.7
36.7
37.7
36.800000000000004
37.67142857142857
37.67142857142857
37.67142857142857
37.699999999999996
38.333333333333336
38.333333333333336
38.333333333333336
38.333333333333336
36.5
37.85
37.1
37.9
37.050000000000004
37.36
37.36
37.2
37.01666666666667
37.728571428571435
37.142857142857146
36.8
36.8
38.1
37.3
37.3
37.0
37.557142857142864
37.74285714285714
37.17142857142857
36.5
36.5
37.7
36.94285714285714
37.771428571428565
37.0
37.3
37.28
37.28
37.25
37.160000000000004
37.34285714285714
37.24285714285714
37.5
37.5
37.333333333333336
37.56
37.56
37.6
37.9
37.9
38.4
38.0
37.333333333333336
37.333333333333336
36.7
37.975
37.13333333333333
37.599999999999994
37.599999999999994
36.5
37.871428571428574
37.21666666666666
37.542857142857144
37.699999999999996
37.300000000000004
37.36666666666667
37.62
37.07142857142857
37.7
36.7
36.7
37.7
37.18571428571429
37.13333333333333
37.771428571428565
37.06
37.63333333333333
37.78
37.07142857142857
37.871428571428574
37.1
37.1
37.85
37.32857142857143
37.32857142857143
36.6
37.35
37.46666666666667
37.46666666666667
37.46666666666667
38.3
38.3
36.975
37.028571428571425
37.78
37.78
37.0
37.7
37.7
37.7
37.4
37.4
37.44
37.65714285714285
37.733333333333334
37.1
37.67142857142857
37.5
37.371428571428574
37.68571428571429
37.0
37.0
37.833333333333336
37.36666666666667
38.050000000000004
37.300000000000004
37.300000000000004
37.86666666666667
37.1
37.1
37.1
37.48571428571428
37.48571428571428
38.1
37.41428571428572
37.61666666666667
37.61666666666667
37.61666666666667
37.61666666666667
37.61666666666667
37.78
37.333333333333336
37.57142857142857
37.91428571428571
37.4
37.628571428571426
38.8
38.8
38.8
38.8
38.8
38.8
38.8
38.8
38.8
38.8
38.8
38.8
37.0
37.5
37.5
37.2
37.68571428571429
37.61666666666667
37.75
37.628571428571426
37.42857142857143
37.78333333333333
37.699999999999996
37.5
37.5
38.025
37.22857142857142
38.233333333333334
37.63333333333333
37.8
37.8
37.0
37.0
37.9
37.65
37.34285714285714
37.86666666666667
37.67142857142857
37.720000000000006
37.720000000000006
38.4
37.68333333333333
38.6
38.6
37.1
37.766666666666666
37.471428571428575
37.5
37.71666666666667
37.1
37.1
37.3
37.78333333333333
37.25714285714286
38.166666666666664
37.550000000000004
37.4
37.666666666666664
37.46666666666667
37.31428571428571
37.68333333333333
37.699999999999996
37.65
37.51428571428572
37.53333333333334
37.2
38.4
38.4
36.96
37.971428571428575
37.24285714285714
37.24285714285714
37.24285714285714
36.7
36.7
38.06
36.7
36.7
37.92
37.36
37.36
37.0
37.333333333333336
37.271428571428565
37.800000000000004
37.800000000000004
37.1
37.733333333333334
37.614285714285714
37.1
38.050000000000004
37.78
37.114285714285714
38.03333333333333
37.300000000000004
37.300000000000004
37.94285714285714
37.349999999999994
37.349999999999994
37.9
36.92
36.92
37.45
37.45
37.45
37.62
37.62
37.62
37.528571428571425
37.86666666666667
37.199999999999996
37.199999999999996
37.785714285714285
37.03333333333333
37.974999999999994
37.974999999999994
38.3
37.271428571428565
37.53333333333333
37.53333333333333
37.1
37.150000000000006
37.150000000000006
36.975
36.975
36.975
37.1
37.220000000000006
37.220000000000006
38.2
37.25714285714286
37.65714285714286
37.471428571428575
37.6
37.6
38.4
37.083333333333336
37.083333333333336
37.083333333333336
37.028571428571425
37.6
37.6
37.6
37.6
37.6
37.86666666666667
36.771428571428565
37.449999999999996
37.34285714285714
37.63333333333333
37.31428571428571
37.9
37.9
37.55
36.8
36.8
36.974999999999994
36.974999999999994
36.974999999999994
36.95
36.95
37.86
37.7
37.7
37.43333333333333
37.15714285714286
37.65
37.4
37.65
37.65
38.4
37.06666666666667
36.7
36.7
37.58
37.32
37.55
37.55
36.8
37.96666666666667
37.4
37.32857142857143
37.8
37.449999999999996
37.714285714285715
37.86666666666667
37.86666666666667
37.199999999999996
37.48571428571428
37.4
37.05714285714286
37.46666666666667
37.21666666666667
36.9
37.699999999999996
37.45
38.1
38.1
37.36666666666667
37.36666666666667
37.36666666666667
37.6
37.35
38.25
37.24285714285714
37.51428571428572
37.833333333333336
37.2
37.2
37.9
37.128571428571426
37.65
37.78
37.31666666666667
37.766666666666666
37.67142857142857
37.42
37.42
38.4
37.15714285714286
37.78333333333333
37.78333333333333
37.2
37.56
37.51428571428572
37.228571428571435
37.385714285714286
37.8
37.8
37.3
37.4
37.24285714285714
36.6
36.6
36.61666666666667
37.26666666666667
37.26666666666667
37.35
37.68
36.98571428571428
37.65
37.628571428571426
37.12
37.12
38.1
37.32
37.53333333333333
37.55714285714286
37.34285714285715
37.36666666666667
36.8
36.8
37.24
37.785714285714285
37.483333333333334
37.45
38.0
37.614285714285714
37.5
37.5
38.5
37.35
37.44285714285714
37.550000000000004
37.31428571428571
37.916666666666664
37.699999999999996
37.1
37.6
37.6
37.4
37.4
37.5
37.13333333333333
37.13333333333333
37.8
37.528571428571425
37.12
37.699999999999996
37.471428571428575
37.14
37.14
37.6
37.233333333333334
37.233333333333334
37.7
38.1
38.1
37.7
37.38333333333333
37.5
37.5
37.08
37.36666666666667
37.56666666666667
36.93333333333334
38.03333333333333
37.48571428571428
37.13333333333333
37.82857142857143
37.199999999999996
37.339999999999996
37.93333333333333
37.93333333333333
37.93333333333333
37.5
37.983333333333334
37.042857142857144
37.56666666666667
37.628571428571426
37.628571428571426
37.628571428571426
37.628571428571426
36.7
37.31666666666667
37.0
37.15
37.7
37.142857142857146
37.480000000000004
37.42857142857143
37.019999999999996
37.666666666666664
37.666666666666664
37.075
37.28333333333333
37.300000000000004
37.0
37.41428571428571
37.55
37.357142857142854
37.614285714285714
37.628571428571426
37.08
37.65
37.68571428571429
37.5
37.333333333333336
37.86666666666667
37.114285714285714
37.6
37.542857142857144
37.0
37.58571428571429
37.699999999999996
37.2
37.42857142857143
37.76666666666667
37.4
37.400000000000006
37.400000000000006
37.24
37.142857142857146
37.8
37.0
37.4
38.05714285714286
37.9
37.3
38.2
38.2
37.599999999999994
37.199999999999996
37.4
37.228571428571435
37.25
37.07142857142857
37.78
37.471428571428575
37.019999999999996
37.89999999999999
37.68333333333334
37.457142857142856
37.4
37.4
37.425
37.300000000000004
37.699999999999996
37.4
37.333333333333336
37.333333333333336
38.5
37.15
37.68333333333333
37.63333333333333
37.028571428571425
37.614285714285714
37.3
37.3
37.65
37.65
37.86666666666667
37.4
37.82
37.82
37.35
37.614285714285714
37.35
37.03333333333333
37.925000000000004
37.925000000000004
36.7
37.8
37.199999999999996
37.0
37.925000000000004
37.925000000000004
37.925000000000004
37.5
36.95
36.95
36.95
36.95
36.95
36.95
37.1
36.96666666666667
36.96666666666667
37.4
37.199999999999996
38.03333333333333
38.03333333333333
37.3
37.739999999999995
37.31666666666666
37.628571428571426
37.449999999999996
37.114285714285714
37.660000000000004
37.43333333333334
37.1
37.4
37.51666666666667
37.1
37.55
37.48571428571428
37.11666666666667
37.43333333333333
37.43333333333333
37.8
37.15
37.766666666666666
36.949999999999996
37.583333333333336
37.3625
36.85
37.74285714285715
37.800000000000004
37.24285714285714
37.24285714285714
37.24285714285714
37.166666666666664
37.86666666666667
37.86666666666667
38.1
37.059999999999995
37.059999999999995
36.6
37.26666666666667
37.26666666666667
36.5
37.55
37.4
37.457142857142856
37.699999999999996
37.6
37.6
37.8
37.025000000000006
37.025000000000006
38.3
37.3
37.3
37.3
37.3
37.3
37.3
37.65
37.65
37.65
37.65
37.65
37.65
37.65
37.65
37.65
37.65
37.65
37.65
37.65
37.65
37.65
37.65
37.65
37.65
37.65
37.65
38.1
37.25
37.65
36.93333333333333
36.93333333333333
38.3
37.166666666666664
37.166666666666664
37.166666666666664
37.36666666666667
37.36666666666667
37.8
37.160000000000004
37.160000000000004
37.8
37.03333333333333
37.385714285714286
37.48571428571429
37.0
37.666666666666664
37.666666666666664
36.8
37.45
37.385714285714286
37.266666666666666
37.36666666666667
37.6
37.4
37.416666666666664
37.32857142857143
37.18333333333333
37.333333333333336
36.5
36.5
37.56
37.285714285714285
37.019999999999996
37.699999999999996
37.699999999999996
36.8
37.7
36.93333333333333
37.1
37.65
36.9
37.371428571428574
37.6
36.91428571428571
37.46666666666667
37.43333333333334
37.3
37.3
37.62
37.128571428571426
37.48333333333333
36.8
36.8
38.0
38.0
36.7
37.2
37.2
37.1
37.75
37.0
37.142857142857146
37.0
37.0
36.5
37.63333333333333
37.11666666666667
37.300000000000004
37.4
36.94285714285714
37.300000000000004
37.17142857142857
36.839999999999996
37.528571428571425
37.0
37.0
37.3
36.8
37.516666666666666
36.85
36.85
36.4
37.166666666666664
37.01428571428572
37.75
37.2
37.2
37.699999999999996
36.739999999999995
36.739999999999995
36.739999999999995
36.739999999999995
37.21666666666667
36.56666666666667
36.5
36.5
37.45
37.45
37.35
37.1
37.1
38.3
38.3
38.3
38.3
38.3
38.3
38.3
37.2
37.2
37.2
37.8
37.099999999999994
37.099999999999994
37.9
37.15
37.15
37.475
37.475
37.475
37.56666666666667
37.84285714285714
37.42857142857143
36.949999999999996
37.31666666666667
37.480000000000004
36.91428571428571
37.725
37.725
37.266666666666666
36.86666666666667
37.371428571428574
37.371428571428574
37.371428571428574
37.542857142857144
37.0
37.199999999999996
37.38333333333333
37.25
36.8
37.17999999999999
37.17999999999999
37.3
37.24285714285714
37.2
37.2
36.4
37.05
37.05
36.4
37.449999999999996
37.1
38.1
38.1
37.4
36.94285714285714
37.24
37.457142857142856
36.6
36.6
37.666666666666664
37.1
37.449999999999996
37.449999999999996
37.449999999999996
36.92857142857143
36.900000000000006
36.900000000000006
37.075
37.075
37.075
37.025
38.26
38.26
38.0
37.41428571428572
37.45
37.199999999999996
37.166666666666664
37.51428571428572
36.9
37.2
37.2
37.2
37.2
37.2
37.2
36.766666666666666
37.5
37.300000000000004
37.18571428571429
37.5
37.4
37.55
37.55
37.825
36.86666666666667
38.08
37.266666666666666
38.1
38.1
37.38
37.083333333333336
37.7
37.128571428571426
37.36666666666667
37.528571428571425
36.98571428571429
37.7
37.78333333333333
37.04
37.75
37.542857142857144
37.2
37.2
38.075
37.38333333333333
37.666666666666664
37.6
37.019999999999996
37.61666666666667
37.31666666666666
37.35
37.800000000000004
37.266666666666666
37.4
37.5
37.5
37.266666666666666
37.82
37.285714285714285
37.449999999999996
37.583333333333336
36.92
37.800000000000004
37.0
37.0
37.3
37.3
37.3
37.4
37.4
37.4
37.4
37.4
37.4
37.4
37.125
37.949999999999996
37.44
37.44
37.44
37.44
37.44
37.44
37.44
37.44
37.44
36.9
37.65
37.0
37.0
38.1
38.1
36.9
37.67142857142858
37.35
37.1
37.483333333333334
37.333333333333336
37.333333333333336
38.4
37.15
37.771428571428565
36.949999999999996
37.457142857142856
37.62
37.019999999999996
37.66
37.66
37.2
37.75
37.75
36.5
37.775
37.775
36.9
37.357142857142854
37.4
37.4
37.7
37.07142857142857
37.61666666666667
36.98571428571428
37.46
36.5
36.5
36.85
37.416666666666664
37.35
37.25714285714286
37.4
37.4
37.0
37.459999999999994
37.459999999999994
36.6
36.35
36.35
35.5
36.57142857142857
36.0
36.733333333333334
36.25714285714285
36.06666666666667
36.550000000000004
36.550000000000004
36.3
36.628571428571426
36.06666666666667
36.2
36.56666666666667
36.333333333333336
36.1
36.6
36.166666666666664
36.55714285714286
36.266666666666666
36.36666666666667
36.36666666666667
37.0
36.03333333333333
36.03333333333333
36.03333333333333
36.4
37.06666666666666
36.18333333333333
36.785714285714285
37.0
36.1
36.88
36.88
36.0
36.6
36.766666666666666
36.1
36.75
35.93333333333333
35.93333333333333
36.6
36.166666666666664
36.15714285714285
36.6
36.2
36.46666666666667
36.528571428571425
36.15
36.699999999999996
36.6
35.6
35.6
36.56
36.56
35.9
36.14
36.528571428571425
36.68571428571429
36.68571428571429
36.68571428571429
36.75
36.35
36.35
36.35
36.1
36.1
36.1
35.9
36.51428571428572
36.4
36.4
35.9
36.459999999999994
36.459999999999994
36.0
36.0
36.0
36.53333333333334
36.35
36.35
36.2
36.28333333333333
36.083333333333336
37.2
37.2
35.88
36.48333333333333
36.371428571428574
35.833333333333336
35.833333333333336
35.833333333333336
35.833333333333336
37.03333333333333
37.03333333333333
36.9
36.65
35.95
35.95
35.95
36.7
36.0
36.65714285714286
36.4
36.18
36.699999999999996
36.5
36.416666666666664
36.8
36.416666666666664
36.483333333333334
36.44
36.44
35.7
35.7
36.1
36.75714285714286
36.71666666666667
35.9
36.699999999999996
36.4
36.083333333333336
36.93333333333333
36.01428571428571
36.5
36.13333333333333
36.13333333333333
36.425
36.357142857142854
36.483333333333334
36.8
36.8
36.339999999999996
36.785714285714285
36.98
36.2
36.2
37.4
36.18333333333333
36.18333333333333
36.1
36.357142857142854
36.75
36.34285714285715
36.714285714285715
36.714285714285715
36.714285714285715
36.68571428571429
36.05
36.833333333333336
36.4
36.4
37.3
36.385714285714286
36.666666666666664
36.628571428571426
36.35
37.03333333333333
36.36
36.36
36.5
36.35
36.63333333333333
36.75714285714286
36.540000000000006
36.75714285714286
37.03333333333333
36.13333333333333
36.56666666666667
36.699999999999996
37.3
37.3
37.3
36.833333333333336
36.15
36.779999999999994
36.779999999999994
37.0
36.78
37.03333333333333
36.239999999999995
36.239999999999995
37.0
36.48571428571429
37.04
37.04
37.04
37.06666666666667
36.557142857142864
36.93333333333333
36.93333333333333
36.63333333333333
37.05
37.05
37.4
36.65
36.63333333333333
36.24285714285715
36.73333333333333
36.699999999999996
36.142857142857146
36.142857142857146
36.142857142857146
36.15
37.128571428571426
36.68
36.68
36.68
36.699999999999996
36.300000000000004
36.300000000000004
37.4
36.2
36.2
36.8
36.8
36.8
36.0
36.35
36.5
36.85
36.300000000000004
36.483333333333334
36.7
36.25714285714286
36.9
36.47142857142857
36.3
36.6
36.15
36.720000000000006
37.0
36.35
36.9
36.9
36.224999999999994
36.45
36.68333333333333
36.449999999999996
36.65
36.86
36.483333333333334
36.720000000000006
36.65714285714286
36.17999999999999
36.17999999999999
35.9
36.47142857142857
36.43333333333333
36.55
36.55
35.9
36.55
36.31428571428571
36.559999999999995
36.95
36.53333333333333
36.85
37.1
36.15
36.15
37.4
36.357142857142854
36.800000000000004
36.739999999999995
36.43333333333333
36.95
36.82
36.81666666666667
36.91428571428571
36.9
36.52857142857143
36.614285714285714
36.800000000000004
36.800000000000004
35.8
35.8
35.8
36.550000000000004
36.550000000000004
36.550000000000004
36.3
37.233333333333334
36.63333333333333
36.699999999999996
37.1
36.7
36.75714285714286
36.91428571428571
36.85
36.379999999999995
36.96
36.5
36.28
36.7
36.7
35.9
37.0
36.6
36.41428571428571
37.0
36.56666666666667
36.63333333333333
36.71666666666666
36.96666666666667
36.4
36.833333333333336
35.9
35.9
36.2
36.699999999999996
37.1
36.5
36.9
37.050000000000004
36.44
36.67142857142857
36.66
36.36666666666667
36.56666666666666
36.3
36.3
36.65
36.86666666666667
36.81428571428571
36.27142857142857
36.75
37.05714285714286
36.35
37.17142857142857
36.75
36.583333333333336
36.6
36.98571428571428
36.45
36.45
36.45
36.45
36.620000000000005
36.9
35.8
35.8
36.739999999999995
36.800000000000004
36.800000000000004
36.800000000000004
36.800000000000004
36.2
36.519999999999996
36.519999999999996
37.5
36.2
36.2
36.2
36.9
36.957142857142856
36.48571428571428
36.333333333333336
36.61666666666667
36.43333333333334
36.449999999999996
36.333333333333336
36.333333333333336
36.0
36.6
36.6
36.5
36.0
36.0
36.8
36.8
36.4
36.199999999999996
36.625
36.625
35.5
36.77142857142858
36.1
36.14
36.699999999999996
36.18571428571429
36.38
36.92
36.0
36.0
36.0
36.2
36.1
36.4
36.35
36.1
36.4
36.5
36.03333333333333
36.4
36.93333333333334
36.43333333333333
36.040000000000006
36.45
36.45
36.73333333333333
36.56666666666666
36.65
36.13333333333333
36.333333333333336
36.942857142857136
36.1
36.65
36.65
36.3
36.4
36.9
36.03333333333333
36.45
36.44285714285714
36.271428571428565
36.18
36.65
36.416666666666664
36.38333333333333
36.48571428571428
36.4
36.28333333333333
36.62857142857143
36.38333333333333
36.1
36.76666666666667
36.285714285714285
36.050000000000004
36.41428571428572
36.52
36.31428571428571
36.459999999999994
36.58571428571429
36.1
36.1
37.2
36.45
36.300000000000004
36.55
35.980000000000004
36.48571428571429
36.67999999999999
36.142857142857146
36.25
36.68571428571429
36.36666666666667
36.26
36.371428571428574
36.583333333333336
36.0
36.35
36.699999999999996
36.11666666666667
36.199999999999996
36.199999999999996
36.9
36.0
36.62
36.442857142857136
36.48333333333333
36.44285714285714
36.766666666666666
36.0
36.0
36.86666666666667
36.449999999999996
36.5
36.5
36.800000000000004
36.1
35.6
36.45
36.279999999999994
36.5
36.5
36.6
35.800000000000004
36.083333333333336
36.371428571428574
36.5
36.13333333333333
36.15
36.55714285714286
36.27142857142857
36.5
36.68333333333333
36.285714285714285
36.65
36.516666666666666
36.285714285714285
36.86666666666667
36.36
36.24285714285714
36.9
36.128571428571426
36.1
36.800000000000004
36.650000000000006
36.650000000000006
36.5
36.016666666666666
36.371428571428574
36.76666666666667
36.76666666666667
36.76666666666667
36.76666666666667
36.76666666666667
36.3
36.35
36.35
36.160000000000004
36.91428571428571
36.475
36.385714285714286
36.599999999999994
36.583333333333336
36.666666666666664
37.0
36.96
36.379999999999995
36.660000000000004
36.48
36.5
36.75
36.67142857142857
36.4
36.57142857142857
36.76
36.666666666666664
36.25
36.9
36.73333333333333
36.3
36.3
36.3
36.65
36.519999999999996
36.9
36.54
36.58
36.6
37.04
36.6
35.8
36.92
36.525000000000006
36.475
36.739999999999995
36.739999999999995
36.739999999999995
36.166666666666664
36.76666666666667
37.4
36.42
36.68333333333334
36.699999999999996
36.5
35.9
35.9
36.9
36.349999999999994
36.93333333333333
36.35
36.17142857142857
36.85
36.46666666666666
36.36666666666667
37.019999999999996
36.416666666666664
36.35
36.666666666666664
36.75
36.233333333333334
36.54
36.81428571428571
36.550000000000004
36.416666666666664
36.833333333333336
36.199999999999996
36.75
36.84
36.45
36.74285714285714
36.5
36.38333333333333
36.63333333333333
36.550000000000004
36.56666666666667
36.75
36.75
37.6
37.6
37.6
37.6
36.7
36.7
36.2
37.0
37.0
37.1
37.1
36.7
36.1
36.457142857142856
36.800000000000004
36.233333333333334
36.233333333333334
36.233333333333334
36.8
36.44
36.44
36.44
36.44
36.4
36.58571428571429
36.46
36.4
36.4
36.7
37.0
37.0
36.58
36.5
36.839999999999996
36.2
36.2
36.86666666666667
36.86666666666667
36.86666666666667
36.86666666666667
36.86666666666667
36.86666666666667
36.86666666666667
36.86666666666667
36.720000000000006
36.54
36.54
36.6
36.56666666666666
37.042857142857144
36.449999999999996
36.4
37.14
37.14
36.4
37.199999999999996
36.4
36.699999999999996
37.1
36.65
36.5
36.9
36.86666666666667
36.47142857142857
36.614285714285714
36.614285714285714
36.614285714285714
36.75
36.75
36.333333333333336
36.62857142857143
37.0
36.38
36.61666666666667
36.800000000000004
36.260000000000005
36.75714285714285
36.93333333333333
36.199999999999996
36.9
36.56666666666667
36.285714285714285
37.233333333333334
36.56666666666667
36.416666666666664
36.871428571428574
36.65
36.95
36.95
37.3
36.25714285714286
36.44
36.72
36.8
36.8
36.849999999999994
36.1
36.85
36.85
37.6
36.57142857142857
36.857142857142854
36.857142857142854
36.857142857142854
36.9
36.9
36.9
36.9
36.9
36.9
36.9
36.44
36.96666666666667
36.27142857142857
36.333333333333336
36.8
36.15
36.15
35.8
36.32
35.94
36.6
36.2
36.2
36.28
36.4
36.24285714285714
36.75
36.75
36.666666666666664
36.166666666666664
36.53333333333333
36.34285714285714
36.6
36.6
36.5
36.25
36.91428571428572
36.266666666666666
36.06666666666667
36.614285714285714
36.2
36.220000000000006
36.75
36.285714285714285
36.17142857142857
36.666666666666664
36.666666666666664
36.1
36.44285714285714
36.75
36.6
36.6
36.65
36.2
36.2
35.9
36.5
36.31666666666667
37.3
37.3
37.3
36.25
36.75
36.36666666666667
36.416666666666664
36.53333333333334
36.6
36.18
36.699999999999996
36.75
36.25
36.8
36.8
36.285714285714285
36.833333333333336
37.042857142857144
36.06666666666666
36.800000000000004
36.766666666666666
36.36666666666667
36.75
36.85
36.2
36.885714285714286
36.4
36.4
36.75
37.03333333333333
36.41428571428572
37.233333333333334
37.05
36.266666666666666
37.233333333333334
36.58571428571429
36.583333333333336
36.971428571428575
37.1
36.65
36.599999999999994
37.02
36.44285714285714
36.940000000000005
36.96666666666667
36.67999999999999
36.88333333333333
36.91428571428571
36.82000000000001
37.7
37.7
36.4
36.86666666666667
36.800000000000004
36.1
36.1
37.7
36.4
36.4
37.1
36.379999999999995
37.4
37.4
37.4
37.4
37.4
36.325
36.980000000000004
36.583333333333336
36.7
36.7
36.45
37.8
37.8
36.58
37.13333333333333
37.13333333333333
36.55
36.55
36.55
36.55
36.55
36.55
36.55
36.55
36.55
36.6
36.72
36.800000000000004
36.800000000000004
36.66
36.77142857142858
36.779999999999994
36.699999999999996
37.15
36.614285714285714
36.4
36.916666666666664
36.26666666666667
36.699999999999996
37.1
36.6
36.6
37.5
36.550000000000004
36.550000000000004
36.916666666666664
36.7
36.65714285714286
37.06666666666667
36.27142857142857
36.471428571428575
36.88333333333333
36.457142857142856
37.028571428571425
36.949999999999996
36.471428571428575
36.85
36.82857142857143
36.22857142857143
36.6
36.6
36.15
37.0
36.62857142857143
36.6
37.05
36.614285714285714
36.65
37.13333333333333
36.72
36.68571428571429
37.03333333333333
36.75714285714286
36.6
36.6
37.099999999999994
36.53333333333333
36.699999999999996
36.91428571428571
36.72
36.900000000000006
36.900000000000006
36.900000000000006
37.7
37.7
36.980000000000004
36.82857142857143
36.73333333333333
35.9
35.9
36.96
36.96
36.96
36.95
36.728571428571435
36.300000000000004
37.300000000000004
36.6
37.0
36.4
36.4
37.8
36.53333333333333
37.0
36.95
36.95
36.95
36.95
36.95
36.4
36.4
36.4
36.96666666666666
37.3
37.3
37.3
37.3
37.3
37.3
37.4
36.61666666666667
37.1
37.05714285714286
36.839999999999996
37.12857142857143
37.23333333333333
36.6
37.32
36.94
37.0
37.54
36.61666666666667
37.199999999999996
37.25
36.78333333333333
37.01666666666667
37.01666666666667
37.01666666666667
37.4
36.88333333333333
36.82
37.4
36.71666666666666
37.260000000000005
37.26666666666667
37.18333333333334
37.15
37.333333333333336
36.785714285714285
37.07142857142857
37.15
36.94285714285714
37.0
37.23333333333333
36.7
37.300000000000004
37.22857142857142
36.73333333333333
37.06666666666666
37.07142857142857
36.620000000000005
37.214285714285715
37.1
37.1
36.7
36.82857142857143
37.0
37.449999999999996
37.166666666666664
37.28333333333333
37.15
36.91428571428571
37.6
37.6
36.3
37.63333333333333
36.957142857142856
37.266666666666666
36.93333333333333
36.93333333333333
37.1
36.980000000000004
36.980000000000004
36.9
36.628571428571426
37.199999999999996
37.099999999999994
36.75714285714286
37.3
36.3
36.3
37.519999999999996
36.857142857142854
37.266666666666666
37.07142857142857
36.81428571428571
36.6
36.6
37.15
36.9
36.9
37.55
36.74285714285714
37.199999999999996
37.166666666666664
36.43333333333333
37.21666666666667
36.800000000000004
37.042857142857144
36.86
36.95
37.35
36.8
36.8
37.260000000000005
37.260000000000005
37.4
36.2
36.2
37.63333333333333
36.56666666666667
37.019999999999996
37.23333333333333
36.65
37.339999999999996
37.25
36.800000000000004
37.28333333333333
36.949999999999996
36.916666666666664
36.7
36.7
36.2
36.2
37.9
37.1
37.0
36.714285714285715
37.166666666666664
37.18571428571429
36.550000000000004
37.38
36.833333333333336
36.666666666666664
37.46
36.728571428571435
36.92
36.82
36.75
37.17142857142857
36.58
36.949999999999996
37.233333333333334
36.31666666666667
37.41428571428571
36.82857142857143
36.96666666666667
37.142857142857146
36.6
36.6
36.6
36.6
37.199999999999996
37.13333333333333
37.13333333333333
36.6
37.357142857142854
37.21666666666667
36.833333333333336
37.6
37.05
37.06666666666667
37.36666666666667
37.6
37.6
36.56666666666667
37.32857142857143
37.46
36.6
37.160000000000004
37.125
37.271428571428565
36.699999999999996
36.699999999999996
38.1
36.260000000000005
37.016666666666666
36.9
37.03333333333333
37.5
36.833333333333336
37.1
37.2
36.6
37.6
36.75
38.1
38.1
37.05
36.86
37.12
36.5
37.2
37.2
36.1
37.239999999999995
36.86666666666667
37.12
37.42857142857143
36.36
36.98571428571428
37.166666666666664
37.6
36.43333333333334
37.480000000000004
36.379999999999995
36.379999999999995
37.8
36.542857142857144
37.339999999999996
37.339999999999996
36.2
37.36666666666667
36.98571428571428
37.36666666666667
36.92
36.833333333333336
36.833333333333336
37.8
37.239999999999995
37.17142857142857
37.17142857142857
36.2
36.75
36.77142857142858
37.4
36.75
37.6
36.93333333333334
37.474999999999994
37.474999999999994
36.5
37.699999999999996
36.85
38.3
38.3
36.8
37.516666666666666
36.85
37.05714285714286
37.575
37.575
36.8
37.3
36.833333333333336
36.833333333333336
38.1
36.800000000000004
37.300000000000004
37.166666666666664
37.14
37.266666666666666
36.760000000000005
37.379999999999995
37.379999999999995
36.4
37.18333333333334
37.18333333333334
37.18333333333334
37.38
36.699999999999996
37.028571428571425
37.25
36.4
37.228571428571435
37.266666666666666
36.666666666666664
37.114285714285714
36.86666666666667
36.56666666666667
37.38
37.38
36.65
37.08571428571428
36.733333333333334
37.13333333333333
37.46666666666667
36.699999999999996
37.199999999999996
36.92857142857143
36.92857142857143
36.92857142857143
37.285714285714285
36.78333333333333
37.41428571428571
36.85
37.27142857142858
36.980000000000004
37.1
37.3
37.3
37.0
36.3
36.3
36.86
36.75
37.128571428571426
36.36
37.385714285714286
36.63333333333333
37.699999999999996
37.699999999999996
36.739999999999995
37.333333333333336
36.6
36.6
36.96666666666667
37.03333333333333
37.114285714285714
36.519999999999996
37.46
36.480000000000004
37.15714285714285
37.4
36.81428571428571
36.983333333333334
36.983333333333334
36.983333333333334
37.349999999999994
37.349999999999994
36.9
37.114285714285714
37.36666666666667
37.0
37.0
36.6
36.900000000000006
36.900000000000006
37.2
36.64
37.333333333333336
36.88571428571429
36.95
36.7
36.7
36.2
36.2
36.2
36.2
37.075
37.285714285714285
36.44
37.385714285714286
36.949999999999996
37.05
37.271428571428565
36.699999999999996
37.0
37.03333333333333
36.75
38.0
38.0
37.13333333333333
37.05
37.05
36.1
36.84285714285714
36.85
37.12
37.12
37.2
36.76666666666667
36.85
36.5
36.5
36.5
37.05
36.660000000000004
37.449999999999996
36.56666666666667
36.699999999999996
36.1
36.1
36.93333333333333
36.785714285714285
36.9
37.050000000000004
36.733333333333334
37.13333333333333
36.699999999999996
36.699999999999996
37.05
36.8
36.8
36.7
37.03333333333333
37.03333333333333
37.385714285714286
36.6
36.800000000000004
37.459999999999994
37.0
37.0
37.3
37.05
37.26
37.26
37.2
37.21666666666667
36.800000000000004
36.86666666666667
37.233333333333334
36.53333333333333
37.5
37.300000000000004
36.720000000000006
37.449999999999996
36.833333333333336
36.916666666666664
37.6
36.6
37.14
37.199999999999996
36.760000000000005
37.35
37.25
36.833333333333336
37.199999999999996
36.800000000000004
37.2
37.220000000000006
36.72
37.266666666666666
36.666666666666664
36.666666666666664
36.666666666666664
38.0
36.58
37.53333333333333
36.550000000000004
37.13333333333333
37.08571428571429
36.9
36.9
36.9
37.260000000000005
37.260000000000005
37.5
37.06666666666667
37.199999999999996
36.57142857142857
37.300000000000004
37.25714285714286
36.785714285714285
37.449999999999996
36.1
36.1
37.760000000000005
36.74285714285714
37.15
37.05714285714286
36.98333333333333
37.4
36.766666666666666
37.36666666666667
36.75
36.75
36.8
36.699999999999996
37.0
37.0
37.0
37.38333333333333
36.542857142857144
37.300000000000004
37.214285714285715
36.2
36.2
37.05
36.699999999999996
36.699999999999996
36.699999999999996
36.86
37.266666666666666
36.75714285714286
37.4
37.019999999999996
36.84285714285715
37.31666666666667
36.6
37.625
37.01666666666667
36.480000000000004
37.6
37.6
36.375
37.13333333333333
36.75
36.9
37.3
36.449999999999996
37.9
37.9
36.2
37.36
37.36
37.36
37.36
36.54
36.54
37.4
36.614285714285714
36.9
36.871428571428574
36.56666666666667
37.2
36.6
37.15714285714286
37.15714285714286
37.15714285714286
37.385714285714286
36.56666666666667
36.56666666666667
37.525
36.48571428571429
37.44
37.44
37.44
37.44
37.0
36.9
37.15
36.5
37.56666666666667
37.56666666666667
36.5
37.25
36.642857142857146
36.983333333333334
36.833333333333336
36.833333333333336
37.36666666666667
36.81428571428571
37.233333333333334
37.1
37.1
37.13333333333333
36.666666666666664
37.449999999999996
36.63333333333333
36.980000000000004
36.980000000000004
36.1
37.15
37.15
36.7
37.0
37.15
37.15
36.3
37.36
36.971428571428575
37.016666666666666
37.05
36.3
36.3
36.3
36.3
36.94
36.94
36.8
37.199999999999996
36.78333333333333
36.78333333333333
36.78333333333333
36.78333333333333
36.78333333333333
36.78333333333333
36.78333333333333
37.4
36.971428571428575
37.666666666666664
36.81666666666666
37.128571428571426
37.6
37.6
37.6
38.1
36.73333333333333
37.333333333333336
37.1
36.85
37.666666666666664
37.042857142857144
37.1
37.1
37.1
37.166666666666664
37.43333333333333
36.95
37.5
36.92857142857143
37.5
37.5
36.849999999999994
37.260000000000005
37.53333333333333
36.75
37.2
37.2
37.2
36.73333333333333
37.46666666666667
37.46666666666667
36.550000000000004
37.36666666666667
36.68571428571429
37.975
37.975
36.6
37.339999999999996
36.75
37.31666666666667
37.08571428571429
37.5
37.5
37.6
37.542857142857144
36.4
36.4
37.45
36.9
37.5
36.96666666666667
36.96666666666667
37.733333333333334
37.733333333333334
36.5
37.5
37.5
37.5
37.199999999999996
36.85
37.333333333333336
37.333333333333336
36.6
37.416666666666664
37.142857142857146
37.142857142857146
37.1
37.339999999999996
37.17999999999999
37.285714285714285
37.285714285714285
36.3
37.25
37.25
37.25
37.68
36.6
36.699999999999996
37.480000000000004
37.480000000000004
37.480000000000004
36.4
36.4
36.86666666666667
37.440000000000005
37.440000000000005
37.0
37.471428571428575
36.8
36.8
36.8
36.8
36.8
37.36666666666667
37.8
37.8
37.63333333333333
37.76666666666667
37.76666666666667
37.0
37.333333333333336
37.333333333333336
38.1
37.6
37.6
36.8
37.666666666666664
36.98571428571428
36.959999999999994
37.17142857142857
36.85
37.32
37.18333333333334
37.1
37.15
36.5
36.5
37.3
36.699999999999996
37.228571428571435
37.11666666666667
36.84285714285714
38.1
38.1
36.575
37.14
37.14
36.1
37.199999999999996
36.63333333333333
37.2
36.75
36.75
37.5
36.2
36.2
37.666666666666664
36.628571428571426
37.199999999999996
36.9
36.9
37.2
36.78
36.88333333333333
37.083333333333336
36.65
36.949999999999996
36.98333333333333
36.76666666666667
37.6
37.199999999999996
37.114285714285714
37.56666666666666
36.74285714285714
36.916666666666664
37.32
37.32
36.0
37.44
36.833333333333336
36.833333333333336
38.1
36.55
37.339999999999996
37.0
37.13333333333333
37.333333333333336
36.95
37.58
37.199999999999996
36.75
36.75
36.8
36.800000000000004
36.9
37.2
37.2
37.1
36.949999999999996
37.300000000000004
36.4
36.94
36.86666666666667
36.885714285714286
37.300000000000004
36.9
37.050000000000004
37.050000000000004
37.050000000000004
37.28
37.28
36.2
37.3
36.7
36.7
37.7
36.4
36.974999999999994
36.974999999999994
36.0
37.06666666666667
36.7
36.7
37.7
36.75
37.160000000000004
36.6
36.6
37.349999999999994
36.68
36.68
37.8
36.233333333333334
36.8
36.8
35.975
36.65
36.516666666666666
36.93333333333333
36.628571428571426
36.0
36.699999999999996
36.300000000000004
36.75714285714286
36.78333333333333
36.01666666666667
36.7
36.214285714285715
36.21666666666667
36.800000000000004
35.8
36.557142857142864
36.483333333333334
36.357142857142854
36.9
36.2
36.2
36.4
36.800000000000004
36.73333333333333
36.550000000000004
36.550000000000004
35.5
36.63333333333333
37.166666666666664
37.166666666666664
36.1
36.1
35.8
35.971428571428575
37.1
36.05
36.05
35.9
37.38
37.38
37.38
37.5
37.5
36.9
36.61666666666667
37.86666666666667
36.44
37.1
37.56666666666666
36.56666666666666
37.41428571428571
36.43333333333333
37.4
37.4
37.699999999999996
36.714285714285715
36.8
37.73333333333333
37.73333333333333
37.6
37.6
37.3
37.0
37.0
36.220000000000006
36.220000000000006
36.0
37.03333333333333
37.11666666666667
36.96666666666667
37.4
36.38333333333333
37.699999999999996
36.15
37.51428571428571
36.81428571428571
37.18333333333333
36.550000000000004
36.714285714285715
36.96666666666667
36.6
36.86
36.333333333333336
37.24285714285714
36.166666666666664
37.474999999999994
37.474999999999994
37.5
37.5
36.4
36.46666666666667
37.016666666666666
36.1
37.8
37.8
37.0
36.5
36.983333333333334
36.31666666666667
37.25
36.65
36.699999999999996
36.35
36.35
37.0
36.300000000000004
36.64
36.416666666666664
36.5
36.5
35.3
36.56666666666667
36.6
35.72
35.72
37.1
35.833333333333336
36.357142857142854
36.2
36.2
35.0
36.24285714285714
36.24285714285714
36.24285714285714
35.58571428571429
36.528571428571425
35.45
35.45
36.425
35.699999999999996
35.949999999999996
35.949999999999996
35.599999999999994
35.32857142857143
36.01666666666667
35.471428571428575
36.7
36.7
35.5
36.339999999999996
35.260000000000005
36.0
35.075
35.075
36.7
35.199999999999996
35.8
35.8
36.2
35.4
35.4
35.4
35.275
36.05714285714286
36.05714285714286
36.05714285714286
35.47142857142857
35.85
35.949999999999996
36.4
36.333333333333336
35.166666666666664
36.333333333333336
35.34285714285714
36.1
35.885714285714286
35.9
35.4
35.6
35.666666666666664
35.199999999999996
35.92
35.92
35.4
35.285714285714285
35.88
35.75
35.78333333333333
36.15
35.449999999999996
36.13333333333333
36.13333333333333
35.1
35.65
35.94
35.583333333333336
35.86666666666667
35.95714285714286
35.233333333333334
35.233333333333334
35.233333333333334
35.8
35.699999999999996
35.53333333333333
36.43333333333334
35.42857142857143
36.22857142857143
36.22857142857143
36.22857142857143
35.95
36.2
36.2
36.06666666666667
35.5
35.940000000000005
35.940000000000005
35.9
35.0
35.0
35.0
35.65
36.04285714285714
35.18
35.18
36.9
35.385714285714286
36.15714285714286
35.4
35.4
35.4
35.75
36.300000000000004
36.300000000000004
35.55
36.28
36.28
36.28
36.6
35.71666666666667
36.15
36.15
35.5
35.92857142857143
37.0
37.0
35.75
36.15
36.166666666666664
35.46
36.7
36.7
35.53333333333334
35.2
35.2
35.2
35.9625
35.959999999999994
36.0
35.733333333333334
36.53333333333333
35.425000000000004
35.650000000000006
36.17142857142857
35.95714285714286
36.199999999999996
35.5
36.18333333333333
35.65
35.58
36.025
36.025
35.8
35.8
35.4
36.285714285714285
35.77142857142857
36.385714285714286
36.385714285714286
36.385714285714286
36.471428571428575
35.46666666666667
36.333333333333336
36.333333333333336
36.333333333333336
36.06
35.916666666666664
36.4
36.4
36.3
35.68333333333333
36.32
35.45
35.45
36.6
35.75
35.949999999999996
35.71666666666667
36.4
36.4
36.0
36.13333333333333
36.13333333333333
36.13333333333333
35.2
35.2
35.2
36.22
35.45
35.45
35.45
35.45
35.45
35.45
35.6
36.0
35.949999999999996
35.5
35.5
35.5
35.5
35.5
36.8
34.86666666666667
34.86666666666667
34.86666666666667
34.8
35.86
35.5
35.82857142857143
35.800000000000004
35.51666666666667
36.28333333333334
35.36666666666667
36.042857142857144
35.68333333333333
35.599999999999994
35.599999999999994
36.175
35.71666666666667
35.81428571428571
35.675
35.675
36.03333333333333
35.4
35.4
35.4
35.7
36.23333333333333
35.3
35.3
35.839999999999996
35.628571428571426
36.0
36.0
35.720000000000006
35.720000000000006
35.720000000000006
36.35
35.666666666666664
35.666666666666664
37.0
35.53333333333333
36.300000000000004
36.22
35.75
36.32000000000001
36.53333333333333
36.35
35.800000000000004
36.416666666666664
35.86666666666667
36.21666666666667
36.0
36.53333333333333
35.75
36.41428571428572
35.849999999999994
35.849999999999994
36.2
35.77142857142857
35.980000000000004
35.980000000000004
35.980000000000004
36.53333333333333
36.53333333333333
35.1
36.58
36.1
36.1
35.6
36.32857142857143
35.833333333333336
35.833333333333336
35.833333333333336
35.833333333333336
35.45
36.3
36.3
35.5
36.6
36.6
35.4
36.3
35.771428571428565
36.03333333333333
36.03333333333333
36.03333333333333
36.13333333333333
36.06666666666667
36.06666666666667
35.9
35.9
36.07142857142857
36.333333333333336
35.699999999999996
36.5
36.5
36.31666666666666
36.43333333333333
36.43333333333333
37.05
37.05
35.9
35.84285714285714
36.7
36.7
36.5
36.5
36.375
36.2
36.2
35.8
35.8
36.8
36.8
36.9
35.56
35.56
37.0
37.0
35.9
36.3
35.871428571428574
36.06666666666667
36.06666666666667
35.6
35.800000000000004
35.800000000000004
35.4
36.266666666666666
36.266666666666666
35.6
36.2
36.05
36.05
36.5
35.86
36.4
36.4
35.7
36.4
35.760000000000005
36.2
36.285714285714285
35.75
36.339999999999996
36.339999999999996
36.9
36.5
35.839999999999996
37.0
37.0
35.7
35.7
36.03333333333333
36.01428571428571
35.7
35.7
35.7
35.7
35.0
36.4
35.25
35.25
36.8
36.8
36.8
35.43333333333333
35.43333333333333
36.425
35.75
35.75
37.0
35.46666666666667
36.233333333333334
35.53333333333333
35.53333333333333
36.43333333333334
35.660000000000004
36.7
36.7
35.5
35.5
36.35
35.642857142857146
36.2
36.2
35.724999999999994
36.279999999999994
36.279999999999994
35.0
35.775
35.775
35.775
35.775
35.32
36.27142857142857
35.6
35.78
36.333333333333336
35.542857142857144
35.68571428571428
35.68571428571428
36.6
35.6
35.6
35.6
35.900000000000006
35.900000000000006
35.7
35.916666666666664
35.96
35.36666666666667
36.2
35.666666666666664
35.9
36.05
35.6
35.9
35.9
35.9
36.233333333333334
36.233333333333334
35.3
36.3
35.55714285714286
36.3
36.385714285714286
36.333333333333336
35.699999999999996
36.4
35.53333333333333
35.53333333333333
35.53333333333333
35.714285714285715
36.35
35.6
35.6
35.8
35.44285714285714
36.06666666666667
36.32857142857143
35.6
36.233333333333334
36.24
35.550000000000004
36.23333333333333
36.23333333333333
35.4
35.4
36.5
36.1
36.3
35.449999999999996
36.36666666666667
36.042857142857144
36.6
36.6
35.8
35.93333333333333
35.949999999999996
35.41428571428571
36.271428571428565
35.36666666666667
36.0
35.9
35.9
35.9
35.75
35.56666666666666
35.93333333333333
35.220000000000006
36.050000000000004
36.18
35.583333333333336
36.3
35.660000000000004
35.58
36.1
35.333333333333336
36.0
35.86
35.666666666666664
36.15
35.36666666666667
36.050000000000004
35.61666666666667
35.63333333333333
35.63333333333333
35.2
35.2
35.2
35.96666666666667
36.0
36.0
34.9
35.85
35.2
35.2
36.166666666666664
34.96666666666667
35.959999999999994
35.449999999999996
34.95
35.03333333333333
35.76666666666667
35.766666666666666
35.166666666666664
35.55714285714286
35.44285714285714
35.160000000000004
35.160000000000004
36.2
35.233333333333334
35.959999999999994
35.471428571428575
36.43333333333333
36.15
35.0
35.0
35.4
35.4
35.3
36.166666666666664
35.75714285714286
35.84285714285715
36.15
35.94
36.028571428571425
35.85
35.800000000000004
36.35
35.699999999999996
35.699999999999996
36.45
35.61666666666667
36.13333333333333
36.13333333333333
35.4
36.26
35.339999999999996
35.785714285714285
36.300000000000004
35.81428571428572
36.11666666666667
35.85
35.78333333333333
36.31666666666667
35.63333333333333
36.4
36.04
37.0
37.0
35.8
35.82857142857143
36.166666666666664
35.65
36.05
35.45
35.45
36.425
35.5
36.050000000000004
35.6
36.0
36.199999999999996
35.94285714285714
36.36666666666667
35.6
36.1
36.1
35.22
36.660000000000004
36.660000000000004
35.4
36.08571428571428
35.4
36.4
36.4
35.4
35.775
35.775
35.2
35.6
35.6
35.6
35.61666666666667
35.9
35.9
35.5
36.36
35.666666666666664
36.199999999999996
36.1
35.9
36.25
36.25
35.0
36.02
35.699999999999996
36.18
35.63333333333333
35.63333333333333
36.4
35.4
36.300000000000004
35.5
36.050000000000004
36.12857142857143
35.8
35.8
35.0
36.4
36.4
35.8
36.37142857142857
35.4
36.25714285714286
36.040000000000006
35.92
35.92
36.6
35.983333333333334
35.91428571428572
35.91428571428572
35.91428571428572
35.9
35.6
36.05714285714286
35.75
36.01428571428571
35.699999999999996
35.42
35.42
35.1
36.8
36.8
36.8
36.06666666666667
36.06666666666667
35.0
36.38333333333333
35.7
35.7
36.8
35.82857142857143
35.93333333333334
35.93333333333334
35.6
35.971428571428575
35.85
36.449999999999996
35.714285714285715
35.85
36.06666666666667
35.94285714285714
36.54
35.57142857142857
36.46666666666667
35.699999999999996
35.81666666666667
36.06666666666667
35.44285714285714
36.5
35.85
36.1
36.56666666666666
35.48571428571429
36.03333333333333
36.03333333333333
35.1
36.199999999999996
35.733333333333334
35.733333333333334
35.733333333333334
35.733333333333334
35.833333333333336
35.833333333333336
35.833333333333336
35.6
36.36666666666667
35.96666666666667
35.9
35.9
36.099999999999994
36.300000000000004
36.300000000000004
36.23333333333333
36.36666666666667
36.36666666666667
35.5
35.5
35.5
35.95
35.95
35.95
35.95
35.95
35.0
35.800000000000004
35.74285714285715
36.083333333333336
35.916666666666664
36.3
36.3
36.3
36.3
36.3
36.4
36.22857142857143
36.13333333333333
36.13333333333333
36.13333333333333
35.9
36.43333333333333
36.43333333333333
36.65
36.083333333333336
35.1
35.1
36.349999999999994
35.92857142857143
35.92857142857143
35.92857142857143
35.68
35.68
35.8
35.949999999999996
35.949999999999996
36.5
36.5
36.5
35.1
35.1
35.1
36.449999999999996
35.871428571428574
35.88333333333333
36.25714285714286
35.8
35.8
35.8
35.8
35.7
36.15
35.800000000000004
35.800000000000004
35.800000000000004
35.4
35.4
36.2
35.4
36.34285714285714
35.25
35.36666666666667
35.8
35.8
35.839999999999996
36.35
35.6
36.0
36.23333333333333
36.23333333333333
36.23333333333333
36.35
35.67142857142857
36.11666666666667
36.050000000000004
35.56666666666667
36.4
36.083333333333336
35.93333333333333
36.21666666666667
35.62
36.13333333333333
36.3
36.333333333333336
36.333333333333336
36.9
36.449999999999996
35.85
35.983333333333334
35.32000000000001
36.333333333333336
35.88333333333333
35.65
36.4
35.666666666666664
35.92857142857143
36.2
35.760000000000005
35.699999999999996
35.14
35.65
35.75
36.46666666666667
36.5
36.5
36.08
35.375
35.375
36.0
35.800000000000004
35.5
36.38
35.32857142857143
35.96666666666667
36.02857142857143
35.65
35.980000000000004
35.980000000000004
36.1
35.92
35.559999999999995
35.559999999999995
35.7
35.46
35.46
36.9
36.300000000000004
36.300000000000004
35.2
35.0
35.0
35.35
36.35
35.91428571428572
35.95
35.95
34.9
36.400000000000006
36.400000000000006
35.1
35.25
36.333333333333336
35.86666666666667
35.96666666666667
35.81428571428571
35.8
36.11666666666667
35.58
36.31428571428571
35.4
36.480000000000004
35.4
36.25
35.46666666666667
35.46666666666667
36.2
36.6
36.6
35.4
36.4
35.45
36.15
35.416666666666664
35.483333333333334
36.300000000000004
35.7
36.56
35.5
36.34285714285714
35.68333333333334
35.5
36.25
35.68571428571429
36.199999999999996
36.199999999999996
36.199999999999996
36.279999999999994
36.083333333333336
36.31428571428571
35.5
35.44285714285714
36.016666666666666
36.13333333333333
36.1
36.3
36.3
35.5
36.5
35.81666666666667
35.71666666666667
36.1
35.74285714285715
35.56
36.15
35.43333333333333
36.06666666666667
35.550000000000004
36.13333333333333
35.75714285714286
35.76666666666667
36.166666666666664
35.72
36.371428571428574
35.733333333333334
36.3
35.96666666666667
35.96666666666667
36.8
35.38
36.1
35.88333333333333
35.949999999999996
36.51428571428571
35.63333333333333
36.45
36.45
36.45
35.9
35.48571428571429
35.48571428571429
35.48571428571429
35.916666666666664
36.233333333333334
35.400000000000006
35.400000000000006
36.9
35.88333333333333
36.300000000000004
35.4
36.1
36.1
35.2
36.13333333333333
36.13333333333333
35.9
35.65
36.333333333333336
36.333333333333336
35.0
35.9
35.53333333333333
35.839999999999996
35.53333333333333
35.53333333333333
36.3
35.8
35.85
36.13333333333333
35.300000000000004
36.35
35.35
35.82857142857143
36.1
35.85
35.85
36.3
35.86666666666667
36.160000000000004
35.525000000000006
35.525000000000006
36.9
35.666666666666664
35.725
35.725
35.599999999999994
35.971428571428575
35.18
36.7
36.7
35.28
36.17142857142857
35.4
35.666666666666664
36.06
35.4
36.0
35.699999999999996
35.339999999999996
36.15
35.333333333333336
35.81666666666667
36.166666666666664
35.266666666666666
36.27142857142858
35.857142857142854
35.51428571428572
36.2
35.6
35.81666666666667
35.0
35.0
36.0
35.55714285714286
35.62
36.12
35.599999999999994
35.599999999999994
36.5
35.68
36.31666666666666
35.214285714285715
35.1
36.05714285714286
35.95
35.528571428571425
35.8
35.8
35.199999999999996
35.983333333333334
35.04
35.95
36.01428571428572
35.81666666666667
36.239999999999995
36.239999999999995
35.0
36.25
35.483333333333334
35.86666666666667
35.2
35.2
36.300000000000004
35.260000000000005
35.260000000000005
36.2
35.58571428571429
36.7
36.7
35.4
36.23333333333333
35.300000000000004
36.03333333333334
35.57142857142857
35.56666666666667
35.96
35.96
35.0
35.93333333333333
35.5
36.042857142857144
35.53333333333334
36.05
36.05
36.6
36.199999999999996
36.199999999999996
35.3
36.05
35.5
35.56666666666667
36.15
35.61666666666667
36.2
36.2
36.2
35.56666666666667
35.65
35.65
35.65
35.65
35.3
35.3
35.3
36.0
35.1
35.1
36.540000000000006
36.540000000000006
36.540000000000006
36.540000000000006
36.540000000000006
36.540000000000006
36.540000000000006
35.233333333333334
35.233333333333334
36.4
35.699999999999996
36.03333333333334
35.85
35.833333333333336
36.06666666666667
35.76666666666667
36.2
36.2
36.2
36.2
36.2
36.2
36.7
36.7
35.0
35.0
35.0
35.0
35.0
35.0
35.900000000000006
35.900000000000006
35.900000000000006
35.78
35.9
36.26
35.75
35.78333333333333
35.0
35.0
35.42
36.3
35.84285714285714
36.099999999999994
36.099999999999994
36.06666666666667
35.65
35.81428571428571
35.75
35.67142857142857
35.95714285714286
35.55
35.64
35.81666666666667
35.41428571428571
35.44285714285714
36.7
36.7
35.5
35.84285714285714
36.166666666666664
35.6
36.06666666666666
35.85
35.85
35.95
35.95
35.95
35.733333333333334
35.733333333333334
35.733333333333334
35.733333333333334
35.400000000000006
35.400000000000006
36.7
35.516666666666666
36.13333333333333
35.275
35.275
35.6
35.26666666666667
36.0
35.760000000000005
35.7
35.98571428571429
35.699999999999996
35.699999999999996
36.083333333333336
35.4
35.4
35.4
35.4
35.4
35.4
35.4
35.849999999999994
35.849999999999994
35.0
36.13333333333333
35.714285714285715
35.766666666666666
35.885714285714286
35.379999999999995
35.73333333333333
34.9
34.9
36.35
35.48571428571428
35.800000000000004
36.06666666666667
35.2
35.9
35.85
35.6
36.14
35.81666666666667
35.550000000000004
35.983333333333334
35.416666666666664
36.400000000000006
36.400000000000006
36.400000000000006
35.9
35.9
35.9
35.9
35.9
35.9
35.9
35.9
35.9
35.9
35.275
36.01428571428571
35.266666666666666
35.266666666666666
36.6
35.53333333333333
36.01666666666667
35.400000000000006
35.400000000000006
36.8
35.660000000000004
36.199999999999996
35.25
36.1
36.1
35.1
35.1
35.1
36.016666666666666
35.385714285714286
36.0
36.0
35.339999999999996
36.03333333333334
35.75
36.05
36.05
35.1
36.5
36.5
35.68333333333333
36.0
36.0
35.35
35.666666666666664
35.666666666666664
35.5
35.5
35.5
36.15
35.75714285714285
35.699999999999996
35.699999999999996
35.65
35.0
35.333333333333336
35.56
35.56
35.9
36.25
36.25
36.25
35.900000000000006
35.233333333333334
35.785714285714285
35.92857142857143
35.1
36.03333333333333
35.43333333333334
35.739999999999995
35.739999999999995
36.0
35.78333333333333
35.38
35.35
35.72857142857143
35.7
35.7
35.43333333333333
36.05
36.05
35.9
35.64
35.483333333333334
35.266666666666666
35.46666666666667
35.46666666666667
35.1
35.839999999999996
35.050000000000004
35.78333333333333
35.025
36.2
36.2
36.050000000000004
35.12
35.51666666666667
35.64
35.7
35.7
35.75
35.86666666666667
34.8
34.8
36.25
35.4
35.6875
35.15
35.15
36.1
35.666666666666664
35.7
35.86666666666667
35.25
36.028571428571425
35.4
35.86
35.86
35.6
35.733333333333334
35.733333333333334
35.279999999999994
35.82857142857143
35.3
35.3
36.1
35.17142857142857
35.9
35.300000000000004
35.31428571428571
35.949999999999996
34.949999999999996
35.95
35.666666666666664
35.480000000000004
35.916666666666664
35.3
35.9
35.9
35.9
35.9
35.75
35.480000000000004
36.03333333333333
35.266666666666666
36.300000000000004
35.339999999999996
35.339999999999996
35.339999999999996
35.760000000000005
34.9
34.9
36.2
35.650000000000006
35.785714285714285
35.68
35.75
35.75
35.2
35.96666666666667
36.2
36.2
35.74
36.7
36.7
35.739999999999995
35.849999999999994
35.849999999999994
36.3
35.35
36.14
35.385714285714286
35.800000000000004
35.93333333333334
35.93333333333334
34.9
35.72857142857143
35.519999999999996
35.519999999999996
35.2
34.8
34.8
34.8
36.2
35.457142857142856
35.93333333333334
35.5
35.5
35.7
35.699999999999996
36.4
36.4
35.36
36.233333333333334
35.0
35.0
36.13333333333333
35.199999999999996
36.03333333333333
36.03333333333333
36.3
36.14
35.699999999999996
35.81666666666666
36.07142857142857
35.56666666666666
35.699999999999996
36.14
35.6
36.7
36.7
35.68
36.05
36.05
36.4
35.45714285714286
36.083333333333336
35.65714285714286
35.36
35.93333333333333
35.333333333333336
35.333333333333336
36.0
36.0
36.0
35.9
35.9
35.5
36.13333333333333
35.6
35.800000000000004
36.24
35.9
35.9
36.239999999999995
35.6
36.425000000000004
35.8
35.56
35.86666666666667
35.63333333333333
35.942857142857136
35.73333333333333
35.74285714285714
36.2
35.519999999999996
35.5
35.971428571428575
35.36
35.8
35.91428571428572
35.77142857142858
36.4
36.4
35.74
36.03333333333333
36.03333333333333
36.03333333333333
35.971428571428575
35.614285714285714
36.18
35.74
35.74
35.1
35.64
35.9
35.9
36.9
36.199999999999996
36.0
35.714285714285715
36.050000000000004
35.85
35.6
35.6
36.225
35.84285714285714
35.8
35.8
35.6
35.6
36.5
36.18333333333333
36.13333333333333
35.785714285714285
36.36666666666667
35.42
36.0
36.0
35.666666666666664
35.666666666666664
36.8
35.73333333333333
35.73333333333333
36.6
35.760000000000005
36.18571428571429
35.67142857142857
36.15
36.15
36.15
36.6
35.699999999999996
36.25714285714286
36.22
36.22
35.3
35.9
36.1
36.6
36.6
36.2
35.9
35.9
36.6
36.0
36.4
36.4
36.349999999999994
36.6
36.44
36.833333333333336
36.833333333333336
36.4
36.85
36.85
36.85
36.4
36.4
35.5
35.5
35.666666666666664
36.08
36.08
36.08
36.099999999999994
36.275
36.275
36.275
36.275
36.699999999999996
36.166666666666664
36.166666666666664
37.3
37.3
37.3
36.18
36.050000000000004
36.65
35.96
36.5
36.5
36.2
36.58
36.58
35.9
36.733333333333334
36.1
36.4
36.666666666666664
36.666666666666664
35.5
36.36666666666667
36.4
36.7
35.94
36.82857142857143
36.449999999999996
36.239999999999995
36.31428571428572
35.949999999999996
36.714285714285715
36.43333333333333
36.22
36.53333333333333
36.53333333333333
36.53333333333333
36.53333333333333
36.53333333333333
36.300000000000004
37.4
37.4
36.12
36.46666666666667
36.17142857142857
36.17142857142857
36.17142857142857
36.0
36.5
36.24
37.2
37.2
37.2
37.3
37.3
36.55
36.46666666666667
36.03333333333333
36.03333333333333
36.3
35.766666666666666
37.0
37.0
35.96666666666667
36.699999999999996
36.4
36.28333333333333
36.9
36.25
36.7
36.528571428571425
36.25
36.45
36.31666666666667
36.5
36.5
36.42
36.35
36.38333333333333
35.766666666666666
36.82857142857143
36.24
36.45
36.45
36.25
36.050000000000004
36.542857142857144
37.5
37.5
36.63333333333333
36.36666666666667
36.36666666666667
36.7
36.25
36.34285714285714
35.46
36.68571428571429
36.050000000000004
36.7
36.38333333333333
36.38333333333333
36.38333333333333
36.24285714285715
36.266666666666666
36.583333333333336
36.03333333333333
36.65
36.92857142857143
36.35
36.65
36.699999999999996
36.166666666666664
36.63333333333333
36.45714285714286
35.949999999999996
36.72
36.1
36.1
36.14
36.839999999999996
35.74285714285715
36.285714285714285
36.26666666666667
35.6
35.6
35.6
35.6
35.92
36.75
36.55714285714286
35.86666666666667
36.385714285714286
36.25
36.166666666666664
36.92857142857143
36.25
36.45
35.7
36.699999999999996
36.775
36.775
37.3
36.2
35.6
35.6
37.0
36.6
36.6
36.7
36.22
36.7
36.7
35.7
36.81666666666666
35.925
35.925
36.766666666666666
36.8
36.8
37.0
35.833333333333336
36.6
36.6
35.8
36.93333333333333
36.08571428571428
36.660000000000004
36.660000000000004
37.3
36.5
36.35
35.949999999999996
36.916666666666664
36.075
36.075
37.3
36.18571428571428
36.75
36.449999999999996
36.7
36.7
36.333333333333336
37.25
37.25
37.25
36.45
36.45
36.45
36.685714285714276
36.2
36.2
36.5
35.96666666666667
35.96666666666667
37.125
37.125
37.125
36.85
36.35
36.800000000000004
36.5
36.5
36.91428571428571
35.6
35.6
36.1
36.300000000000004
36.25
36.25
36.68
36.26666666666667
36.95
36.95
36.0
36.7
36.7
36.7
36.7
36.7
36.666666666666664
36.542857142857144
36.06
36.88333333333333
36.199999999999996
36.199999999999996
37.175
36.266666666666666
36.660000000000004
36.660000000000004
36.1
36.983333333333334
36.983333333333334
35.8
36.73333333333333
36.73333333333333
36.1
36.628571428571426
36.1
36.971428571428575
36.13333333333333
36.86666666666667
36.86666666666667
36.32
36.86
36.86
36.0
37.016666666666666
36.18571428571429
36.94
36.67142857142857
36.15
36.885714285714286
36.3
36.333333333333336
36.785714285714285
36.357142857142854
36.85
36.4
36.457142857142856
36.85
36.625
36.625
37.6
36.15
36.9
36.46666666666667
37.6
37.0
37.0
36.25
36.94285714285714
36.25714285714286
36.699999999999996
36.82857142857143
36.06666666666666
36.75
36.620000000000005
36.51428571428572
37.0
37.0
37.0
36.85
36.55
36.4
36.81666666666667
36.44285714285714
36.5
36.7
36.7
36.5
37.042857142857144
36.333333333333336
36.82857142857143
36.699999999999996
36.614285714285714
36.614285714285714
36.614285714285714
36.519999999999996
37.0
36.175
36.175
36.9
36.233333333333334
36.38333333333333
36.93333333333333
36.285714285714285
36.65714285714285
36.86666666666667
36.86666666666667
35.9
36.642857142857146
36.416666666666664
36.971428571428575
36.65
36.3
36.5
36.5
35.7
36.871428571428574
37.3
37.3
36.974999999999994
36.974999999999994
36.974999999999994
36.86666666666667
36.5
36.449999999999996
36.449999999999996
36.3
36.05
36.68571428571429
36.35
36.35
36.1
36.1
36.1
36.1
36.1
36.1
36.1
36.666666666666664
36.300000000000004
36.9
36.81666666666667
36.333333333333336
36.800000000000004
36.65714285714286
36.53333333333333
36.9
37.0
36.68333333333334
36.885714285714286
36.65
36.449999999999996
36.5
36.642857142857146
36.42
36.42
37.5
36.3
36.3
37.5
36.44285714285714
36.93333333333333
36.199999999999996
36.46666666666667
36.44285714285714
36.3
36.3
36.85
36.35
36.86666666666667
36.26666666666667
36.41428571428572
36.916666666666664
35.949999999999996
36.63333333333333
36.48571428571429
36.38333333333333
36.88
36.333333333333336
36.2
36.2
36.2
36.2
36.58
36.8
36.8
36.5
36.5
37.5
36.4
36.9
36.9
36.28
36.739999999999995
36.449999999999996
36.36666666666667
36.785714285714285
37.15
36.15714285714286
36.55
36.46666666666666
36.333333333333336
37.07142857142857
36.03333333333333
36.771428571428565
36.228571428571435
36.050000000000004
36.839999999999996
36.0
36.0
37.4
36.2
37.0
36.0
36.78333333333333
36.06666666666667
36.06666666666667
37.0
36.199999999999996
36.56
36.48571428571429
36.01428571428572
36.980000000000004
35.86666666666667
36.85
36.85
36.3
36.519999999999996
36.160000000000004
36.160000000000004
36.2
36.214285714285715
36.56666666666667
36.56
36.040000000000006
36.040000000000006
37.5
36.114285714285714
36.675
36.675
35.7
36.771428571428565
35.916666666666664
35.800000000000004
36.74285714285714
36.73333333333333
36.13333333333333
36.82
35.93333333333334
36.7
35.9
35.9
35.9
36.3
36.5
36.5
35.7
36.82
36.82
36.6
36.6
36.6
36.199999999999996
35.8
35.8
36.5
36.5
37.5
36.8
36.8
36.8
36.3
36.87142857142857
36.25
36.214285714285715
37.016666666666666
36.0
36.471428571428575
36.7
36.7
36.099999999999994
36.6
35.95
35.95
35.95
35.8
37.4
37.4
36.13333333333333
36.94285714285714
36.300000000000004
36.5
37.0
36.199999999999996
36.42857142857143
37.06
36.5
36.5
36.875
36.8
36.8
36.660000000000004
36.660000000000004
35.7
36.61666666666667
36.61666666666667
36.61666666666667
36.98333333333333
36.166666666666664
36.63333333333333
36.7
36.85
36.85
36.85
36.85
37.166666666666664
36.55
36.55
37.2
37.2
37.2
36.75
36.75
35.9
36.58571428571429
37.3
37.3
36.7
36.7
36.7
36.23333333333333
36.23333333333333
36.23333333333333
36.23333333333333
36.23333333333333
36.23333333333333
36.650000000000006
36.44
36.44
36.44
36.44
37.25
36.614285714285714
36.483333333333334
36.728571428571435
36.699999999999996
36.699999999999996
36.75
36.44
36.88
36.480000000000004
36.58571428571429
36.699999999999996
36.14
36.14
36.14
36.14
36.35
36.96666666666667
36.528571428571425
36.75
36.94285714285714
36.8
36.8
36.8
36.8
36.4
36.4
36.4
36.4
36.4
36.86666666666667
36.642857142857146
36.779999999999994
36.55714285714286
36.483333333333334
36.483333333333334
36.483333333333334
36.239999999999995
36.78333333333333
36.78333333333333
36.78333333333333
37.65
37.65
37.65
36.375
37.01428571428572
36.93333333333334
36.93333333333334
37.7
36.475
36.73333333333333
36.971428571428575
36.6
36.6
37.2
36.5
37.028571428571425
37.028571428571425
37.028571428571425
37.24
36.766666666666666
36.94285714285714
36.96666666666666
36.96666666666666
36.96666666666666
36.96666666666667
36.4
36.4
36.93333333333333
36.785714285714285
37.8
37.8
37.12
36.6
37.08571428571429
36.699999999999996
36.699999999999996
36.699999999999996
37.45
37.160000000000004
37.160000000000004
37.8
36.86666666666667
37.300000000000004
37.300000000000004
37.0
37.166666666666664
36.56
36.550000000000004
37.199999999999996
36.666666666666664
37.0
36.642857142857146
37.166666666666664
36.725
36.725
36.725
36.725
36.725
37.0
36.1
36.1
36.1
36.1
36.1
37.6
36.81666666666667
36.949999999999996
36.6
36.6
37.099999999999994
37.099999999999994
37.9
37.18333333333333
37.199999999999996
36.68571428571429
37.199999999999996
37.128571428571426
36.55714285714286
36.5
36.5
36.35
37.425
37.425
36.56666666666666
37.225
37.225
36.53333333333333
37.11666666666667
36.58571428571429
36.74285714285714
37.1
36.48571428571428
36.959999999999994
36.88333333333333
36.540000000000006
36.771428571428565
36.800000000000004
36.74
37.087500000000006
36.733333333333334
37.057142857142864
37.199999999999996
36.583333333333336
37.1
37.1
37.1
37.43333333333333
37.1
36.94285714285714
37.38333333333333
36.81428571428571
36.9
37.457142857142856
36.86
37.06666666666667
37.142857142857146
36.800000000000004
37.120000000000005
36.3
36.3
37.32
37.23333333333333
36.5
37.449999999999996
36.75714285714286
37.94
37.94
37.4
36.92857142857143
37.0
37.0
37.6
36.95
36.95
38.2
37.25714285714286
37.300000000000004
37.199999999999996
37.55714285714286
36.766666666666666
37.46666666666667
37.18333333333334
37.18333333333334
37.0
37.25
36.949999999999996
37.5
36.65
37.28333333333333
36.82857142857143
36.91428571428571
37.4
36.48571428571429
37.416666666666664
36.55
36.55
36.55
36.724999999999994
37.333333333333336
37.050000000000004
37.01428571428572
37.4
36.55
37.58571428571429
37.02
37.02
37.8
36.675
36.675
37.6
36.714285714285715
37.7
37.7
36.7
37.15
36.85
37.6
37.6
36.3
37.56666666666667
36.71666666666667
36.833333333333336
37.4
36.78
36.78
37.9
37.9
37.9
36.95
36.95
36.2
38.0
38.0
36.72
37.3
37.3
37.3
38.1
36.86
36.86
36.9
36.4
37.5
36.800000000000004
36.96666666666666
37.0
37.0
36.699999999999996
36.9
36.699999999999996
37.25714285714286
36.857142857142854
37.13333333333333
37.13333333333333
37.1
37.1
37.1
36.540000000000006
36.540000000000006
38.1
36.9
37.64
36.3
36.3
36.3
36.3
36.3
36.1
36.1
36.1
36.1
36.1
36.1
36.1
36.1
36.1
36.1
36.1
36.1
36.1
36.1
36.1
36.1
36.1
36.1
36.55
37.449999999999996
36.2
36.2
37.225
36.699999999999996
36.75
36.75
37.7
37.7
37.7
36.89999999999999
37.475
37.475
37.6
37.08
37.08
36.7
36.9
37.1
36.71666666666667
36.9
37.06
37.06
36.2
37.22
37.22
36.2
36.875
36.875
36.9
36.5
36.5
37.5
37.050000000000004
36.949999999999996
37.4
37.08571428571428
37.083333333333336
37.36666666666667
37.36666666666667
36.7
37.0
37.0
37.32000000000001
37.228571428571435
36.9
36.9
37.083333333333336
37.975
37.975
37.9
36.87142857142857
37.42857142857143
37.050000000000004
37.050000000000004
36.8
37.285714285714285
37.05
37.64
36.975
36.975
38.1
36.9
36.9
36.9
36.93333333333333
36.93333333333333
37.325
37.25
37.25
37.25
36.98333333333333
37.5
36.67142857142857
37.15714285714286
36.88333333333333
36.63333333333333
37.68571428571429
36.857142857142854
37.349999999999994
37.349999999999994
37.2
37.68
36.4
36.4
36.4
37.6
37.114285714285714
36.56666666666667
36.56666666666667
36.2
37.6
36.86
36.86
38.1
36.785714285714285
37.25
37.25
36.3
37.32
36.9
37.8
37.8
36.6
38.0
38.0
38.0
38.0
36.519999999999996
37.36666666666667
37.36666666666667
37.36666666666667
37.199999999999996
36.9
37.300000000000004
37.166666666666664
36.666666666666664
36.92
36.92
36.92
36.92
36.4
37.599999999999994
37.599999999999994
37.599999999999994
37.599999999999994
37.599999999999994
36.739999999999995
37.68333333333333
36.771428571428565
37.699999999999996
37.160000000000004
37.160000000000004
37.160000000000004
36.800000000000004
37.6
37.6
37.6
37.6
37.6
36.9
37.68
36.4
36.4
37.25714285714286
36.839999999999996
36.839999999999996
36.839999999999996
37.0
37.45
37.45
36.3
36.3
36.3
37.4
37.28
37.13333333333333
37.471428571428575
37.050000000000004
37.8
37.05714285714286
37.65
37.5
37.1
37.9
36.885714285714286
36.96666666666666
37.36
37.042857142857144
37.58571428571429
37.0
37.385714285714286
37.4
37.4
36.5
37.92
36.6
36.6
37.599999999999994
36.86666666666667
36.86666666666667
38.3
37.175
37.175
38.1
36.785714285714285
37.56666666666667
37.333333333333336
37.525
37.525
38.2
37.3
36.800000000000004
37.483333333333334
37.050000000000004
37.06666666666667
37.614285714285714
36.9
37.52
37.5
37.083333333333336
37.7
37.542857142857144
37.06
37.54
37.54
37.54
37.72
37.3
37.3
37.3
37.120000000000005
37.2
37.46666666666667
37.46666666666667
37.46666666666667
37.46666666666667
37.13333333333333
37.13333333333333
37.45
37.07142857142857
37.300000000000004
37.32857142857143
37.21666666666667
37.528571428571425
36.949999999999996
36.949999999999996
36.949999999999996
37.050000000000004
37.36
37.36
38.3
37.199999999999996
37.7
37.0
37.6
37.528571428571425
36.85
36.85
36.85
37.050000000000004
37.8
37.24285714285714
37.2
37.614285714285714
36.96666666666667
36.96666666666667
36.5
37.233333333333334
37.7
37.7
36.9
38.3
38.3
37.2
37.266666666666666
37.31428571428571
37.73333333333333
36.5
36.5
36.5
36.5
37.125
37.28
37.3
37.471428571428575
36.785714285714285
38.3
38.3
36.5
36.666666666666664
37.483333333333334
37.483333333333334
37.483333333333334
37.6
37.05
37.6
36.980000000000004
37.41428571428571
37.41428571428571
37.41428571428571
37.1
37.5
37.5
36.5
37.225
37.72
37.72
38.1
37.516666666666666
37.5
36.91428571428571
37.449999999999996
37.449999999999996
37.449999999999996
37.625
36.54
36.54
36.4
37.42
37.42
37.42
37.32857142857143
37.0
37.1
37.1
37.1
37.1
37.1
37.0
37.25
37.24285714285714
37.52
37.52
36.7
37.7
37.7
37.0
37.38333333333333
36.983333333333334
37.41428571428571
37.08
37.042857142857144
37.48
37.48
36.2
37.5
36.7
37.6
37.08571428571429
37.214285714285715
37.642857142857146
36.63333333333333
37.46666666666667
37.46666666666667
36.6
36.7
36.7
37.1
37.1
37.1
36.9
36.9
36.9
37.449999999999996
36.85
37.6
36.58571428571429
37.233333333333334
37.266666666666666
36.871428571428574
37.5
36.56
36.56
36.7
36.760000000000005
37.08
37.15
36.81666666666667
37.5
37.1
37.199999999999996
37.18571428571429
36.94
36.94
37.3
36.7
38.2
38.2
36.6
37.65714285714286
37.160000000000004
37.06666666666667
37.06666666666667
37.06666666666667
36.4
37.125
37.125
36.9
37.13333333333333
36.96
37.53333333333333
37.17142857142857
37.1
37.449999999999996
37.07142857142857
37.1
37.1
37.125
37.31428571428571
37.65
37.08571428571429
37.083333333333336
37.449999999999996
37.957142857142856
36.85
37.300000000000004
37.2
37.2
37.1
37.1
37.21666666666667
37.58571428571429
37.0
37.516666666666666
37.51428571428572
36.733333333333334
37.6
37.449999999999996
36.93333333333333
37.8
37.8
36.9
37.642857142857146
37.15714285714286
36.92857142857143
37.56666666666667
36.63333333333333
38.2
38.2
37.3
37.650000000000006
37.650000000000006
37.5
37.5
37.5
36.714285714285715
37.833333333333336
37.3
36.8
37.614285714285714
37.233333333333334
37.575
37.575
37.4
37.375
37.375
36.5
38.2
37.300000000000004
37.21666666666667
37.28
37.28
37.28
38.1
38.1
38.1
38.1
38.1
38.1
38.1
38.1
38.1
38.1
38.1
38.1
38.1
38.1
37.1
37.666666666666664
37.449999999999996
37.17999999999999
37.17999999999999
37.2
37.4
37.13333333333333
37.214285714285715
37.75
36.4
36.4
37.63333333333333
36.9
37.739999999999995
37.166666666666664
38.3
38.3
36.785714285714285
37.620000000000005
37.0
37.3
37.271428571428565
37.28333333333333
37.0
37.0
37.36666666666667
37.53333333333333
36.9
37.5
37.28333333333333
36.971428571428575
37.57142857142857
37.06666666666667
38.0
38.0
38.0
38.0
38.0
38.0
36.949999999999996
37.68
37.21666666666667
37.542857142857144
37.2
37.2
37.28333333333333
36.4
36.4
37.4
37.4
37.7
37.7
37.766666666666666
37.35
37.5
37.12
37.12
37.55
36.971428571428575
37.56666666666667
37.166666666666664
36.85
37.38571428571429
37.300000000000004
37.06666666666667
37.4
37.4
36.760000000000005
37.56666666666666
37.083333333333336
37.0
37.666666666666664
37.666666666666664
37.2
37.6
37.6
37.6
37.6
36.900000000000006
36.900000000000006
37.7
37.2
37.2
37.760000000000005
36.800000000000004
37.333333333333336
37.53333333333333
37.07142857142857
37.5
37.21666666666667
37.15
36.4
36.4
37.26666666666667
37.35
37.214285714285715
37.0
37.63333333333333
36.92857142857143
37.15714285714286
37.300000000000004
37.06666666666667
37.06666666666667
37.2
36.82
37.2875
37.15
36.96666666666667
37.28333333333333
37.1
36.871428571428574
36.871428571428574
36.871428571428574
36.9
37.93333333333333
37.93333333333333
36.675
37.23333333333333
36.2
36.2
37.92
37.0
37.0
37.6
37.6
37.6
37.17142857142857
37.2
37.2
37.2
36.666666666666664
37.5
37.5
36.82
37.23333333333333
36.957142857142856
37.18
37.18
37.18
37.325
37.260000000000005
37.0
37.550000000000004
37.3
37.3
37.625
37.019999999999996
37.019999999999996
37.5
36.88
37.25
37.25
36.5
37.81666666666666
37.81666666666666
38.1
37.471428571428575
37.471428571428575
36.96666666666667
37.2
37.2
36.6
37.457142857142856
37.18333333333333
37.17142857142857
37.65
36.575
36.575
36.575
36.5
36.9
37.58571428571429
37.31666666666667
37.31666666666667
37.0
37.13333333333333
37.2
37.228571428571435
37.166666666666664
37.300000000000004
37.77142857142858
37.05
37.05
37.05
37.05
37.05
37.05
37.379999999999995
36.766666666666666
36.766666666666666
36.75
36.6
36.6
37.266666666666666
37.266666666666666
37.266666666666666
37.675
37.675
37.5
37.3
37.54
37.54
37.54
37.44
37.44
37.099999999999994
37.05
37.05
36.4
38.06666666666666
36.957142857142856
37.300000000000004
37.42857142857143
37.06666666666666
37.36666666666667
37.6
37.6
36.2
37.285714285714285
37.4
37.4
37.1
37.1
37.5
36.5
36.5
37.483333333333334
36.4
36.4
37.800000000000004
36.87142857142857
37.65
37.0
37.01666666666667
37.01666666666667
37.9
37.0
37.675
37.675
36.7
37.1
37.1
37.54
37.18571428571429
37.28333333333334
37.5
37.18333333333333
37.9
37.9
37.233333333333334
37.1
37.6
36.559999999999995
36.559999999999995
38.2
37.1
37.46666666666666
37.73333333333333
37.73333333333333
36.5
37.31428571428571
37.550000000000004
36.766666666666666
37.199999999999996
37.4
37.016666666666666
36.8
36.8
37.06666666666667
37.06666666666667
37.5
37.28
37.28
37.28
37.28
38.2
37.2
37.7
37.7
36.5
37.739999999999995
37.339999999999996
37.28333333333333
37.714285714285715
37.1
37.285714285714285
37.71666666666667
36.9
37.56
37.56
38.1
37.699999999999996
37.471428571428575
37.333333333333336
37.333333333333336
37.333333333333336
37.44
37.4
37.4
37.4
37.160000000000004
37.5
37.0
37.17999999999999
37.17999999999999
36.3
37.54285714285714
36.957142857142856
37.65
37.1
37.9
37.9
37.25
37.028571428571425
37.028571428571425
38.3
36.96666666666666
36.96666666666666
38.3
37.239999999999995
36.6
36.6
37.3
37.3
37.3
37.857142857142854
37.48333333333333
37.13333333333333
37.65714285714285
37.0
37.6
37.15
36.885714285714286
37.75
37.15
37.15
37.15
37.15
37.099999999999994
37.5
37.199999999999996
36.542857142857144
37.78
37.78
36.75
36.925
36.925
36.833333333333336
37.457142857142856
37.0
37.0
37.43333333333334
36.7
37.6
37.6
37.019999999999996
37.51428571428571
37.51428571428571
37.51428571428571
37.940000000000005
37.940000000000005
38.0
37.7
37.08571428571428
38.3
38.3
38.3
37.1
37.26666666666667
37.03333333333333
37.03333333333333
37.0
37.519999999999996
37.15
37.65
37.65
36.5
37.58571428571428
37.58571428571428
37.58571428571428
37.58571428571428
37.58571428571428
36.9
37.449999999999996
37.228571428571435
37.53333333333334
37.06666666666667
37.06666666666667
37.06666666666667
36.93333333333333
37.46666666666667
37.31428571428571
37.11666666666667
37.483333333333334
37.050000000000004
37.43333333333333
37.300000000000004
37.1
37.1
37.660000000000004
36.86666666666667
37.75714285714286
37.040000000000006
37.040000000000006
37.800000000000004
37.17142857142857
37.4
37.32
37.32
37.4
36.5
36.5
37.15
37.1
37.1
36.92
37.8
37.8
37.0
36.6
36.6
37.7
37.53333333333334
37.5
37.5
37.275
37.275
37.7
36.9
37.32857142857143
37.35
37.35
37.339999999999996
37.699999999999996
37.17142857142857
37.975
37.975
37.06666666666667
37.8
37.18571428571429
37.0
37.628571428571426
37.65
37.65
37.8
36.98571428571428
37.7
37.7
36.6
37.76
37.166666666666664
37.825
37.825
37.15
37.68571428571429
37.199999999999996
37.016666666666666
38.03333333333333
36.9
36.9
37.3
36.916666666666664
37.4
37.1
37.1
37.2
37.480000000000004
36.785714285714285
37.483333333333334
36.92857142857143
37.228571428571435
37.833333333333336
37.833333333333336
37.833333333333336
37.833333333333336
37.833333333333336
37.28333333333333
36.4
36.4
37.65
37.5
37.5
37.260000000000005
37.5
37.425
37.425
37.6
38.1
38.1
37.26666666666667
37.48571428571428
37.733333333333334
37.17142857142858
37.68333333333334
37.800000000000004
37.199999999999996
37.86666666666667
36.949999999999996
36.949999999999996
37.2
37.2
36.9
38.1
38.1
36.96666666666667
37.625
37.625
37.025
36.85
38.2
38.2
36.95
37.9
37.2
37.54
37.8
37.8
37.8
37.8
36.7
37.7
37.7
36.7
37.74285714285714
37.23333333333333
37.23333333333333
37.23333333333333
37.23333333333333
37.23333333333333
37.23333333333333
37.3
37.3
37.720000000000006
37.0
36.9
36.9
36.9
37.45
36.6
36.6
37.62
36.9
36.9
37.8
36.8
36.8
37.58
37.425
37.425
36.8
36.885714285714286
37.5
37.5
37.2
37.371428571428574
37.25714285714286
37.483333333333334
37.67142857142857
37.0
37.0
37.839999999999996
37.31428571428571
38.3
38.3
37.03333333333333
38.03333333333333
37.68333333333334
37.300000000000004
37.714285714285715
37.4
37.4
37.4
37.8
37.6
37.6
37.5
37.13333333333333
37.871428571428574
37.12
37.550000000000004
38.0
37.06666666666666
37.160000000000004
37.739999999999995
37.739999999999995
36.7
37.728571428571435
37.3
37.3
37.5
37.333333333333336
37.5
37.599999999999994
38.4
38.4
37.13333333333333
37.13333333333333
37.06666666666667
37.63333333333333
37.63333333333333
36.7
37.58571428571429
37.357142857142854
37.86666666666667
37.471428571428575
37.271428571428565
37.271428571428565
37.271428571428565
37.160000000000004
37.725
37.725
37.2
37.550000000000004
37.233333333333334
37.714285714285715
36.6
36.6
37.86
37.13333333333333
37.339999999999996
37.86
37.15714285714286
37.1
37.1
36.980000000000004
37.65
37.46666666666667
37.5
37.5
37.599999999999994
37.449999999999996
37.7
37.7
37.36666666666667
37.833333333333336
36.9
37.93333333333333
37.93333333333333
37.0
37.94285714285714
37.233333333333334
37.75
37.4
37.114285714285714
37.879999999999995
37.879999999999995
37.879999999999995
37.6
37.43333333333333
37.78333333333334
37.25
37.55
37.55
37.199999999999996
38.4
38.4
37.13333333333333
37.28333333333333
37.279999999999994
37.279999999999994
37.4
37.31428571428571
36.5
36.5
37.44
37.51428571428572
37.51428571428572
37.51428571428572
37.5
37.4
37.55714285714286
37.1
37.4
37.68333333333334
36.96666666666667
37.9
37.36666666666667
37.18571428571429
37.96666666666667
36.7
36.7
37.96666666666667
37.96666666666667
36.9
37.800000000000004
37.31666666666666
37.4
37.4
37.06666666666667
38.03333333333334
37.18333333333333
37.9
37.9
37.9
37.5
37.528571428571425
37.114285714285714
37.7
37.43333333333333
37.35
37.84285714285714
37.06666666666667
37.46666666666667
37.471428571428575
37.583333333333336
37.583333333333336
38.5
37.9
37.9
37.26666666666667
37.93333333333334
37.1
37.642857142857146
37.28333333333333
37.55
37.55
37.45
37.45
38.1
37.25
37.13333333333333
37.13333333333333
38.3
36.7
36.7
37.225
37.225
38.2
37.28
37.28
37.9
37.07142857142857
37.86
37.1
38.08571428571428
37.35
37.93333333333334
37.150000000000006
37.150000000000006
38.4
37.17142857142857
37.96666666666667
36.971428571428575
37.9
37.1
37.68571428571429
37.6
37.14
37.51428571428572
37.0
38.17142857142857
37.114285714285714
37.96666666666667
37.214285714285715
37.980000000000004
37.18333333333333
37.825
37.825
37.825
38.06666666666667
37.46666666666667
38.35
38.35
38.099999999999994
37.24285714285714
38.4
37.4
38.31666666666667
37.3
37.3
36.7
36.7
36.7
36.7
37.5
38.14
38.14
37.1
37.56666666666667
37.9
37.8
38.0
37.699999999999996
37.833333333333336
37.833333333333336
37.833333333333336
37.685714285714276
37.98333333333333
37.300000000000004
37.9
37.4
38.15714285714286
37.9
38.13333333333333
37.550000000000004
37.9
37.65714285714285
38.0
37.0
37.0
38.175
37.5
37.5
36.9
38.457142857142856
37.23333333333333
38.11666666666667
37.160000000000004
38.471428571428575
37.166666666666664
38.43333333333333
37.34285714285714
38.6
37.43333333333334
38.35
37.199999999999996
38.199999999999996
37.1
38.31428571428571
37.199999999999996
38.6
37.36666666666667
38.63333333333333
37.457142857142856
38.38333333333333
37.51428571428572
38.53333333333333
37.542857142857144
38.73333333333333
37.457142857142856
38.46666666666667
37.166666666666664
36.9
36.9
36.9
37.75
37.540000000000006
37.67142857142857
37.357142857142854
37.76
38.1
38.0
37.983333333333334
37.983333333333334
36.9
37.766666666666666
38.2
38.2
36.9
37.957142857142856
38.56666666666667
38.56666666666667
37.1
37.1
37.1
38.23333333333333
37.75714285714286
38.53333333333333
37.75714285714286
38.300000000000004
37.75714285714286
38.25
37.733333333333334
38.239999999999995
38.9
38.9
38.9
38.23333333333333
37.25
38.224999999999994
38.224999999999994
37.9
37.18571428571429
37.983333333333334
37.95
37.95
38.7
37.46666666666667
37.23333333333333
37.6
37.53333333333333
37.642857142857146
36.6
36.6
37.7
36.78333333333333
36.78333333333333
36.78333333333333
38.04
36.96666666666667
37.51666666666667
36.64
36.64
38.3
37.61666666666667
36.65
37.48333333333333
37.0
37.6
36.949999999999996
37.016666666666666
37.166666666666664
36.3
36.3
36.3
38.059999999999995
36.65
37.85
36.9
37.63333333333333
36.65714285714286
37.81428571428571
36.833333333333336
37.81428571428571
36.65
37.65714285714286
36.4
36.4
37.36
37.300000000000004
36.949999999999996
37.67142857142857
37.449999999999996
37.214285714285715
37.233333333333334
37.35
36.7
36.7
37.26666666666667
37.1
37.1
36.525
37.68571428571429
36.699999999999996
37.385714285714286
36.575
36.575
37.7
37.65
37.016666666666666
37.5
37.32857142857143
37.18571428571429
37.199999999999996
37.199999999999996
37.46666666666667
36.94285714285714
37.31666666666667
36.48571428571429
37.550000000000004
36.6
37.24285714285714
36.44285714285714
37.9
36.78333333333333
37.885714285714286
36.65
37.614285714285714
36.88333333333333
37.8
36.800000000000004
37.849999999999994
37.849999999999994
36.879999999999995
37.6
36.766666666666666
37.75
36.65
37.871428571428574
36.699999999999996
37.3
37.3
36.949999999999996
37.028571428571425
36.63333333333333
37.357142857142854
36.63333333333333
37.53333333333333
36.27142857142857
37.3
37.06666666666667
37.18333333333334
37.3
36.9
37.8
37.11666666666667
37.76666666666667
36.800000000000004
37.475
37.475
36.5
37.18571428571429
36.32000000000001
36.8
36.8
37.4
36.86
37.279999999999994
37.28
37.28
36.6
36.56
37.0
37.0
36.2
36.2
36.2
37.220000000000006
36.92
37.4
36.3
36.3
36.3
36.75
37.699999999999996
36.6
37.199999999999996
37.03333333333333
37.15714285714285
37.0
36.65
37.63333333333333
36.58571428571429
36.58571428571429
38.2
37.333333333333336
37.449999999999996
37.17999999999999
37.17999999999999
36.3
37.58571428571429
37.128571428571426
37.1
36.1
36.1
37.73333333333333
36.1
36.1
36.1
36.1
37.650000000000006
37.233333333333334
37.233333333333334
37.05
37.528571428571425
36.65
38.2
38.2
36.800000000000004
37.471428571428575
36.45
37.6
36.42
36.42
37.2
37.31666666666667
36.550000000000004
36.550000000000004
36.550000000000004
36.550000000000004
36.550000000000004
36.4
37.9
36.8
36.8
37.233333333333334
36.82000000000001
36.82000000000001
38.0
37.75
36.81666666666667
37.55714285714286
36.92857142857143
37.3
37.300000000000004
37.11666666666667
37.471428571428575
36.6
37.6
36.5
37.74285714285714
37.06666666666667
37.35
37.1
37.25
37.6875
37.016666666666666
37.96666666666666
36.92857142857143
37.75
36.833333333333336
37.642857142857146
37.22
37.24285714285714
37.766666666666666
36.91428571428571
37.61666666666667
37.1
37.63333333333333
37.03333333333333
37.03333333333333
37.95
36.800000000000004
37.91428571428571
37.0
37.8
37.8
36.4
37.5
36.699999999999996
37.771428571428565
36.73333333333333
37.61666666666667
37.25
37.050000000000004
37.57142857142857
37.142857142857146
37.51428571428572
36.9
37.583333333333336
37.4
37.45
37.38333333333333
37.38333333333333
37.38333333333333
36.94285714285714
37.42857142857143
37.583333333333336
37.0
37.75
36.8
37.51428571428572
37.199999999999996
37.028571428571425
37.65
37.142857142857146
37.733333333333334
37.0
37.43333333333333
37.17142857142857
36.800000000000004
37.86666666666667
37.228571428571435
37.44285714285714
37.18571428571429
37.357142857142854
37.85
36.9
37.94285714285714
36.86666666666667
37.81666666666667
37.14
37.14
37.14
37.14
37.14
37.14
37.25
37.575
37.1
37.1
36.7
36.7
38.3
36.85
37.65714285714286
37.233333333333334
37.4
37.42857142857143
38.4
38.4
36.6
37.660000000000004
37.08571428571429
37.9
37.9
36.833333333333336
37.8
37.8
37.8
37.333333333333336
37.18333333333333
37.68333333333334
36.7
36.7
38.3
37.65
37.0
38.160000000000004
37.18571428571429
37.31666666666666
37.239999999999995
37.239999999999995
37.239999999999995
37.239999999999995
37.2
37.233333333333334
37.233333333333334
37.4
37.5
37.5
37.65
37.166666666666664
37.18571428571429
37.0
36.885714285714286
37.0
37.0
37.300000000000004
36.85
37.32
36.74285714285715
37.050000000000004
37.050000000000004
36.2
36.2
36.2
37.1
37.1
36.6
37.46666666666667
36.766666666666666
37.43333333333334
36.6
36.6
36.8
36.88333333333333
36.88333333333333
36.88333333333333
37.1
37.08
37.08
36.6
36.666666666666664
37.6
37.6
36.1
36.1
38.1
36.65714285714285
37.15
37.15
37.125
37.128571428571426
37.1
37.228571428571435
36.55
37.35
37.233333333333334
37.92
37.92
37.92
37.266666666666666
36.685714285714276
37.25
37.25
37.0
37.36
37.36
36.2
37.13333333333333
36.93333333333333
37.5
36.766666666666666
37.660000000000004
37.56666666666667
36.65
37.18571428571429
37.56666666666667
36.85
37.699999999999996
36.85
37.166666666666664
36.46666666666667
36.46666666666667
37.63333333333333
36.857142857142854
37.300000000000004
36.76666666666667
37.4
37.0
37.0
37.2
36.9
37.5
37.5
36.52
37.6
36.983333333333334
36.983333333333334
38.1
36.6
36.6
36.6
36.6
36.6
36.6
36.4
36.4
36.4
36.4
36.4
36.4
36.4
36.4
36.4
36.4
36.4
36.4
36.4
36.2
37.68
37.68
36.4
37.760000000000005
37.4
37.4
37.760000000000005
37.083333333333336
37.7
37.7
36.4
37.199999999999996
37.0
37.199999999999996
36.6
37.57142857142857
36.65
37.357142857142854
36.2
36.2
36.2
36.2
37.5
36.9
37.24285714285714
37.46
36.771428571428565
37.56666666666667
36.642857142857146
38.1
38.1
36.6
36.6
36.6
37.371428571428574
37.083333333333336
38.1
38.1
36.98
36.98
36.7
36.550000000000004
37.76666666666667
37.166666666666664
38.1
38.1
36.75
37.449999999999996
36.800000000000004
37.25
37.45
36.5
37.3
37.3
36.7
37.18333333333333
37.18333333333333
37.18333333333333
36.96666666666666
36.75
37.339999999999996
37.25
37.25
37.36
36.75
37.166666666666664
36.86666666666667
37.166666666666664
37.08
37.08
36.3
37.51428571428572
36.699999999999996
37.442857142857136
36.8
36.8
38.0
37.114285714285714
37.7
37.7
36.5
37.233333333333334
37.083333333333336
37.142857142857146
36.9
37.233333333333334
36.550000000000004
36.550000000000004
37.300000000000004
36.86
37.142857142857146
37.459999999999994
36.75
37.114285714285714
37.0
36.9
37.166666666666664
36.76666666666667
37.44
36.98571428571428
36.75
37.28333333333333
36.55
37.46
36.82857142857143
37.300000000000004
36.957142857142856
36.75
37.36666666666667
36.88333333333333
36.65714285714286
37.480000000000004
36.58
36.58
38.0
36.48
36.48
36.6
36.94285714285714
36.94285714285714
38.0
37.199999999999996
36.971428571428575
36.68
37.4
36.800000000000004
37.53333333333333
37.31666666666667
36.95
36.95
37.475
36.9
36.95
36.95
37.2
36.92857142857143
36.73333333333333
36.9
36.9
37.56666666666666
36.833333333333336
37.25714285714286
37.46666666666667
36.833333333333336
37.6
37.050000000000004
37.028571428571425
36.92
37.4
37.4
37.1
37.016666666666666
37.4
36.75
37.38
37.38
36.3
37.557142857142864
36.916666666666664
36.971428571428575
37.22
36.7
37.31428571428571
37.333333333333336
36.7
37.75
37.75
36.666666666666664
37.471428571428575
36.4
36.4
36.4
36.760000000000005
37.31428571428571
37.4
36.56666666666667
37.58571428571428
36.88333333333333
37.03333333333333
36.96666666666667
36.96666666666667
36.96666666666667
36.957142857142856
37.26
37.26
37.7
36.800000000000004
37.53333333333333
36.542857142857144
37.199999999999996
36.699999999999996
37.300000000000004
36.94285714285714
36.94285714285714
37.55
37.55
36.766666666666666
37.185714285714276
36.699999999999996
37.650000000000006
37.650000000000006
36.1
37.166666666666664
36.9
36.9
37.7
37.15
37.28
37.625
37.625
36.76666666666667
37.3
36.9
37.9
37.9
36.48
37.666666666666664
36.8
36.8
37.475
36.56666666666667
36.56666666666667
36.56666666666667
36.65
37.357142857142854
36.86666666666667
37.23333333333333
37.199999999999996
36.81428571428571
37.21666666666667
36.699999999999996
36.699999999999996
36.4
36.4
36.4
36.6
37.660000000000004
37.042857142857144
36.9
37.5
36.86666666666667
37.34285714285714
36.68
37.18333333333333
37.44285714285714
36.5
37.57142857142857
36.98333333333333
37.0
37.5
36.724999999999994
36.724999999999994
37.3
37.3
36.2
37.228571428571435
36.81666666666667
37.03333333333333
37.1
37.06
37.25714285714286
37.266666666666666
36.86666666666667
36.86666666666667
37.7
36.86
37.43333333333333
37.7
37.7
37.0
36.971428571428575
36.95
36.95
37.14
37.625
37.625
37.7
37.7
37.7
36.699999999999996
36.699999999999996
36.699999999999996
36.699999999999996
36.699999999999996
36.699999999999996
36.699999999999996
36.699999999999996
36.699999999999996
36.3
37.228571428571435
36.46
37.5
37.199999999999996
36.85
37.3
37.3
36.4
36.4
36.4
37.583333333333336
37.583333333333336
36.2
37.557142857142864
36.833333333333336
36.833333333333336
38.0
38.0
38.0
36.95
37.13333333333333
37.2
37.2
37.0
37.10000000000001
37.385714285714286
37.54
36.85
37.285714285714285
37.166666666666664
37.239999999999995
37.239999999999995
37.4
37.73333333333333
36.57142857142857
36.885714285714286
37.18
37.25
37.199999999999996
36.68
37.6
36.5
36.8
37.8
37.8
37.6
37.6
37.55
36.833333333333336
37.2
36.56666666666667
37.6
37.6
37.6
37.480000000000004
36.971428571428575
36.75714285714286
37.4
37.14
36.9
37.266666666666666
36.628571428571426
37.05
37.24285714285714
36.93333333333333
37.15
37.5
36.58
37.25
37.0
37.0
37.44
36.95
36.95
37.5
36.81428571428571
37.42
36.642857142857146
37.233333333333334
37.214285714285715
36.7
36.7
37.400000000000006
38.1
38.1
36.75
36.75
36.75
36.46666666666667
37.31428571428571
36.9
37.18333333333333
37.13333333333333
36.449999999999996
37.480000000000004
36.871428571428574
36.871428571428574
36.871428571428574
36.5
37.625
37.625
36.1
37.175
37.175
37.4
36.55714285714286
36.55714285714286
36.55714285714286
36.55714285714286
36.3
37.6
37.6
36.959999999999994
37.271428571428565
36.5
37.175
37.175
36.5
37.48571428571429
36.73333333333333
37.44285714285714
37.32
37.18
37.18
37.3
37.25
37.1
37.160000000000004
37.6
36.72
36.72
37.4
36.88
36.88
37.8
36.94285714285714
36.940000000000005
36.940000000000005
36.940000000000005
36.940000000000005
36.825
36.96666666666667
36.96666666666667
36.96666666666667
36.96666666666667
36.96666666666667
37.699999999999996
36.957142857142856
37.7
36.55
37.4
36.98571428571428
36.766666666666666
37.333333333333336
38.0
38.0
36.86
37.125
37.125
37.0
37.528571428571425
36.7
36.720000000000006
36.88
36.88
37.2
36.666666666666664
37.53333333333333
36.9
36.9
37.7
37.7
37.475
36.6
36.800000000000004
36.800000000000004
36.800000000000004
37.666666666666664
36.65
37.44
36.9
36.800000000000004
36.92857142857143
36.92857142857143
36.92857142857143
36.0
36.0
37.8
36.43333333333333
37.199999999999996
36.65714285714286
36.53333333333333
37.45
36.871428571428574
36.8
36.8
36.5
37.6
36.699999999999996
37.1
36.5
36.5
37.325
36.5
37.15
37.285714285714285
36.628571428571426
37.457142857142856
36.5
36.916666666666664
36.93333333333333
36.93333333333333
37.0
36.449999999999996
37.057142857142864
36.800000000000004
36.800000000000004
37.4
37.4
36.1
37.8
37.8
36.42
37.1
36.1
36.1
37.56666666666667
36.46
37.43333333333333
37.43333333333333
36.5
36.78
36.78
36.3
36.766666666666666
36.36666666666667
37.449999999999996
36.57142857142857
37.1
36.25714285714286
37.0
36.61666666666667
37.3
37.3
36.519999999999996
37.1
37.1
35.9
37.300000000000004
36.699999999999996
37.260000000000005
36.42
37.13333333333333
36.91428571428571
36.5
37.43333333333333
36.75
37.25
37.25
36.2
37.18333333333333
36.55714285714286
37.5
37.5
37.5
37.03333333333333
36.6
36.6
36.6
36.650000000000006
36.650000000000006
37.9
36.84285714285714
37.6
36.542857142857144
37.2
37.21666666666667
36.43333333333334
37.300000000000004
36.25
36.25
37.4
36.7
37.03333333333334
36.75
37.0
37.0
37.300000000000004
37.0
36.949999999999996
36.53333333333333
36.53333333333333
37.9
37.6
37.6
37.0
37.28333333333333
36.357142857142854
37.8
37.8
36.67999999999999
37.4
36.44285714285714
37.18333333333333
36.46666666666667
36.6
37.279999999999994
36.55
36.55
37.9
36.42857142857143
37.228571428571435
36.666666666666664
37.25
36.98571428571428
36.875
36.875
36.4
36.800000000000004
37.114285714285714
36.583333333333336
37.050000000000004
36.6875
36.833333333333336
36.86666666666667
36.86666666666667
37.0
36.93333333333333
36.68333333333333
37.300000000000004
36.45
37.15
36.4
37.9
37.9
37.9
37.9
37.9
37.9
37.9
37.9
36.88
36.88
36.88
37.34285714285714
36.91428571428571
36.839999999999996
37.162499999999994
36.660000000000004
37.625
37.625
36.5
37.62
37.62
37.62
36.93333333333333
36.53333333333333
37.32857142857143
36.92857142857143
37.46666666666667
37.46666666666667
37.46666666666667
37.46666666666667
36.1
37.300000000000004
36.57142857142857
37.34285714285714
36.36
36.36
37.0
37.0
37.0
36.68
36.916666666666664
36.666666666666664
36.96666666666667
37.01428571428572
37.4
37.4
36.733333333333334
37.314285714285724
36.38
36.38
36.7
37.042857142857144
36.4
37.0
37.0
36.4
36.628571428571426
37.199999999999996
36.65
36.75714285714286
37.050000000000004
37.050000000000004
37.050000000000004
37.050000000000004
37.050000000000004
37.55
36.93333333333333
36.93333333333333
36.93333333333333
37.199999999999996
36.75
37.0
37.0
37.45
37.45
37.9
36.5
37.06666666666667
36.4
37.4
37.0
36.8
36.7
36.7
37.166666666666664
36.72
36.72
37.3
36.92857142857143
37.5
37.5
36.45
37.36
37.36
36.4
37.04
36.81428571428571
37.56666666666666
36.2
36.2
37.44
36.88333333333333
37.8
37.8
36.833333333333336
37.41428571428571
36.7
36.7
36.92
36.714285714285715
37.56
36.975
36.975
37.56666666666667
36.871428571428574
37.425
37.425
37.25
37.550000000000004
36.98571428571428
37.06666666666667
37.199999999999996
36.833333333333336
36.833333333333336
36.9
36.728571428571435
37.900000000000006
37.900000000000006
37.900000000000006
37.0
37.142857142857146
36.885714285714286
37.06666666666667
37.03333333333333
37.15714285714285
37.550000000000004
36.46666666666667
37.5
36.9
37.1
37.1
37.6
37.233333333333334
37.24285714285714
37.349999999999994
37.349999999999994
37.2
36.9
37.475
37.475
37.475
37.475
37.56
36.699999999999996
36.699999999999996
37.63333333333333
36.949999999999996
37.0
37.0
36.3
37.56666666666666
37.11666666666667
37.51428571428572
37.25
37.06666666666667
36.8
36.8
37.0
37.52
36.9
37.4
36.766666666666666
37.357142857142854
37.016666666666666
36.800000000000004
37.416666666666664
36.73333333333333
36.73333333333333
38.0
36.833333333333336
37.46666666666667
36.6
37.65
37.65
37.175
37.8
36.728571428571435
37.55714285714286
37.55714285714286
37.55714285714286
37.800000000000004
36.98571428571428
37.628571428571426
37.25
36.971428571428575
37.53333333333333
36.73333333333333
36.73333333333333
36.73333333333333
37.1
37.1
37.1
36.6
36.6
36.6
37.14
37.14
37.14
37.333333333333336
37.18
37.18
36.6
37.51666666666667
36.957142857142856
37.8
37.8
36.96
36.4
36.4
37.42
37.18
37.18
37.1
37.06
38.2
38.2
36.925
37.4
37.333333333333336
36.81428571428571
38.15
38.15
36.9
37.41428571428571
37.1
37.583333333333336
37.42857142857143
37.25
37.25
37.4
37.5
37.65
37.06666666666667
37.0
37.0
37.050000000000004
37.959999999999994
37.959999999999994
37.3
37.833333333333336
36.92
37.45
37.45
36.6
38.3
38.3
38.36
37.3
37.67142857142857
37.357142857142854
37.43333333333333
37.63333333333333
37.0
37.6
37.4
37.38333333333333
37.86
37.21666666666667
37.65
37.65
37.6
37.46666666666667
37.88333333333333
36.92
38.025
38.025
37.2
37.46666666666667
37.36666666666667
37.233333333333334
37.75714285714286
37.271428571428565
37.142857142857146
37.628571428571426
37.3
37.3
37.400000000000006
36.88333333333333
37.41428571428571
37.52
38.2
38.2
37.35
37.35
37.35
37.35
37.35
37.2
37.26666666666667
36.983333333333334
36.7
36.7
37.94
37.1
37.1
37.833333333333336
36.96666666666667
37.916666666666664
37.916666666666664
37.916666666666664
37.550000000000004
37.550000000000004
37.6
37.516666666666666
37.357142857142854
36.949999999999996
37.51428571428572
37.51428571428572
37.51428571428572
38.4
38.4
36.93333333333333
37.62
37.62
37.62
37.55
37.357142857142854
37.5
37.5
37.25
37.142857142857146
37.65
37.65
37.65
37.6
36.8
36.8
36.8
36.4
36.4
37.766666666666666
37.075
37.075
36.8
37.75
37.042857142857144
37.442857142857136
37.9
37.300000000000004
37.4
37.74285714285714
36.96666666666667
36.96666666666667
38.1
37.199999999999996
37.142857142857146
37.733333333333334
37.32857142857143
37.36666666666667
37.65
37.4
37.4
38.1
37.24285714285714
37.4
37.260000000000005
37.260000000000005
37.260000000000005
37.260000000000005
37.7
37.13333333333333
37.483333333333334
37.385714285714286
37.050000000000004
37.46666666666667
37.03333333333333
36.980000000000004
37.63333333333333
37.63333333333333
37.5
37.266666666666666
37.471428571428575
36.93333333333334
37.45
37.6
36.93333333333333
37.53333333333333
36.4
36.4
37.075
37.5
36.96666666666667
38.3
38.3
36.5
36.5
38.2
37.91428571428572
36.5
36.5
37.45
37.075
37.075
37.0
37.0
37.0
37.61666666666667
37.61666666666667
37.4
37.6
37.385714285714286
37.0
37.550000000000004
37.13333333333333
37.642857142857146
36.699999999999996
36.699999999999996
36.699999999999996
37.142857142857146
37.142857142857146
37.142857142857146
37.199999999999996
37.44285714285714
37.63333333333333
37.18333333333334
37.4
37.25
37.042857142857144
37.25
37.24285714285714
36.949999999999996
37.614285714285714
37.357142857142854
37.0
37.199999999999996
36.96666666666667
36.96666666666667
36.96666666666667
37.557142857142864
36.9
37.0
37.63333333333333
36.85
37.28333333333333
37.56666666666667
36.699999999999996
37.6
37.3
37.3
37.3
37.34
36.5
36.5
37.825
36.86
36.98333333333333
37.660000000000004
37.660000000000004
36.3
37.442857142857136
36.833333333333336
37.24285714285714
37.550000000000004
37.550000000000004
37.550000000000004
37.666666666666664
36.86666666666667
36.86666666666667
36.6
37.166666666666664
37.166666666666664
37.0
37.114285714285714
37.114285714285714
37.2
37.166666666666664
37.16
37.16
38.2
36.833333333333336
37.56666666666667
37.300000000000004
38.2
38.2
37.074999999999996
37.074999999999996
36.4
37.675
37.675
36.4
37.699999999999996
37.15714285714285
37.0
37.0
37.2
37.55
37.55
37.04
37.5
36.2
36.2
37.5
37.233333333333334
37.028571428571425
37.349999999999994
37.349999999999994
36.725
36.725
37.3
37.214285714285715
37.266666666666666
37.65
37.0
37.0
37.0
37.1
37.55
37.55
37.4
37.275
37.275
36.9
37.03333333333333
38.0
38.0
37.35
37.21666666666667
37.42857142857143
37.300000000000004
37.300000000000004
36.4
37.15
37.15
36.775
37.68333333333334
36.833333333333336
37.357142857142854
37.128571428571426
36.9
36.9
37.160000000000004
37.08
37.0
37.35
37.22857142857142
36.98571428571428
37.7
37.7
36.86
37.31666666666666
37.31666666666666
37.31666666666666
37.7
37.7
37.6
37.6
37.6
36.82
37.471428571428575
37.22
36.75
37.583333333333336
37.583333333333336
36.3
37.6
37.1
37.1
38.1
38.1
38.1
37.733333333333334
36.95
37.425
36.7
36.7
37.05
37.05
37.2
37.2
37.2
37.142857142857146
37.18333333333333
36.66
36.66
37.7
36.575
36.575
38.0
37.042857142857144
37.43333333333333
36.67142857142857
38.1
38.1
36.675000000000004
36.675000000000004
38.1
36.949999999999996
37.550000000000004
36.699999999999996
38.1
38.1
36.525000000000006
36.525000000000006
38.2
37.019999999999996
37.03333333333333
37.03333333333333
36.3
37.28333333333333
36.56666666666666
37.5
36.93333333333334
37.083333333333336
36.7
36.7
37.2
37.13333333333333
36.714285714285715
37.36
37.36
37.05
37.05
37.05
36.833333333333336
37.42857142857143
36.6
37.56666666666667
37.300000000000004
37.300000000000004
37.300000000000004
37.300000000000004
37.300000000000004
36.5
36.65
36.65
37.56666666666666
37.18333333333334
37.85
37.85
37.5
37.5
37.5
37.5
37.5
37.5
37.5
37.5
37.5
36.6
37.43333333333333
36.699999999999996
37.4
37.25714285714286
36.9
37.58571428571429
36.63333333333333
37.44285714285714
37.5
36.833333333333336
37.300000000000004
36.949999999999996
38.1
38.1
36.760000000000005
37.53333333333333
36.3
36.3
37.699999999999996
36.785714285714285
37.400000000000006
37.400000000000006
37.03333333333334
37.36666666666667
36.82
37.357142857142854
37.5
37.083333333333336
37.775
37.775
36.7
36.5
36.5
37.15
37.385714285714286
37.0
37.0
38.1
36.916666666666664
37.5
36.85
37.23333333333333
37.128571428571426
36.84285714285715
37.449999999999996
36.916666666666664
37.17142857142857
37.6
36.62
37.400000000000006
37.400000000000006
36.3
36.3
36.3
36.93333333333333
37.3
37.7
37.1
36.949999999999996
36.75
37.480000000000004
36.81666666666667
37.7
37.7
36.660000000000004
37.025000000000006
37.025000000000006
36.6
37.35
36.54
37.95
37.95
37.95
37.3
37.3
36.4
37.540000000000006
37.03333333333333
36.833333333333336
36.9
37.0
37.0
36.8
36.8
36.8
36.8
36.885714285714286
36.857142857142854
37.339999999999996
36.559999999999995
36.559999999999995
37.6
36.800000000000004
37.371428571428574
36.8
37.114285714285714
37.2
37.2
36.68
37.166666666666664
36.480000000000004
37.05
37.05
36.62
37.36666666666667
37.36666666666667
36.849999999999994
36.849999999999994
36.849999999999994
36.849999999999994
36.849999999999994
36.849999999999994
38.0
38.0
38.0
37.46666666666667
36.5
36.5
37.45
36.7625
37.449999999999996
36.971428571428575
37.35
37.35
36.8
36.971428571428575
37.300000000000004
36.58571428571429
37.5
36.4
36.4
36.7
37.4
36.449999999999996
37.266666666666666
36.88
36.88
37.5
36.72
36.72
36.7
36.7
36.7
37.18
36.86666666666667
37.333333333333336
36.42857142857143
37.01428571428572
37.5
36.4
37.36666666666667
36.43333333333333
36.43333333333333
37.5
37.5
36.1
36.1
36.1
37.357142857142854
36.871428571428574
37.06666666666667
37.25714285714286
36.5
37.24285714285714
36.82857142857143
36.449999999999996
37.53333333333333
36.614285714285714
36.92857142857143
37.25714285714286
36.1
36.1
36.766666666666666
36.766666666666666
36.766666666666666
36.949999999999996
36.9
37.43333333333334
36.18333333333333
36.614285714285714
37.214285714285715
36.5
36.5
37.333333333333336
36.333333333333336
36.84285714285714
36.84285714285714
36.5
36.949999999999996
36.475
36.475
37.9
36.628571428571426
37.23333333333333
37.21666666666666
36.43333333333334
37.44285714285714
37.11666666666667
37.11666666666667
37.11666666666667
37.11666666666667
37.11666666666667
37.11666666666667
37.11666666666667
37.11666666666667
36.875
36.8
36.8
36.8
36.8
36.8
37.44285714285714
36.5
36.5
37.63333333333333
36.833333333333336
36.833333333333336
38.1
36.84
37.233333333333334
36.88
36.88
36.6
36.6
37.9
36.9
36.9
36.9
36.9
37.2
37.2
37.150000000000006
37.150000000000006
38.3
38.3
38.3
36.3
36.3
37.333333333333336
36.94
37.05
37.416666666666664
37.416666666666664
36.7
37.4
36.63333333333333
37.7
37.7
36.63333333333333
37.68333333333333
37.68333333333333
36.7
37.300000000000004
37.23333333333333
37.23333333333333
37.0
37.042857142857144
36.95
36.95
37.1
36.785714285714285
36.95714285714286
37.62
36.6
37.1
37.1
36.625
36.4
36.4
37.4
36.6
36.6
37.5
36.785714285714285
37.166666666666664
36.3
36.3
37.5
36.5
36.5
37.800000000000004
37.800000000000004
37.800000000000004
38.0
36.75714285714286
37.6
36.63333333333333
36.63333333333333
37.666666666666664
38.0
38.0
37.06666666666667
37.13333333333333
36.957142857142856
36.56666666666666
37.6
37.6
37.6
37.6
37.6
37.6
37.6
37.6
37.6
37.6
36.760000000000005
36.760000000000005
37.2
36.65
37.416666666666664
37.416666666666664
37.416666666666664
37.06666666666667
37.03333333333333
37.275
37.275
36.5
37.5
36.9
37.35
37.4
37.4
37.4
37.4
37.4
37.4
37.4
37.4
37.4
37.4
37.4
37.4
37.4
37.4
37.4
37.4
38.0
36.4
36.4
36.839999999999996
37.25714285714286
37.199999999999996
37.07142857142857
37.44285714285714
36.65714285714286
37.4
37.4
36.46
37.285714285714285
37.285714285714285
37.285714285714285
37.3
37.3
36.96666666666666
36.3
36.3
37.720000000000006
37.720000000000006
36.7
37.3
37.3
37.3
37.26666666666667
37.26666666666667
37.26666666666667
37.26666666666667
37.26666666666667
37.26666666666667
37.26666666666667
37.26666666666667
37.26666666666667
37.26666666666667
37.26666666666667
37.26666666666667
37.26666666666667
37.26666666666667
37.1
37.1
37.214285714285715
38.1
38.1
36.85
37.53333333333333
37.53333333333333
36.3
38.0
38.0
36.3
36.3
38.1
38.1
36.6
36.650000000000006
36.650000000000006
37.6
36.91428571428571
38.0
38.0
36.7
36.9
36.9
37.0
37.0
38.0
38.0
38.0
36.93333333333333
37.542857142857144
37.15
36.957142857142856
37.32857142857143
37.32857142857143
37.32857142857143
36.3
36.3
36.3
37.15714285714285
36.92
37.31666666666667
36.56666666666666
36.56666666666666
38.2
36.88333333333333
36.8
36.8
36.95
36.95
37.1
37.64
37.64
36.7
37.36666666666667
36.3
36.3
38.3
38.3
36.8
37.8
37.8
37.440000000000005
37.0
37.0
37.1
37.150000000000006
37.150000000000006
37.4
37.1
37.339999999999996
37.58
37.58
36.6
37.4
36.9
36.9
37.55
37.21666666666666
37.21666666666666
37.9
37.9
37.9
36.6
36.6
38.1
37.228571428571435
37.760000000000005
37.760000000000005
36.7
37.53333333333333
36.785714285714285
37.6
37.46666666666666
36.88333333333333
37.699999999999996
36.72
36.72
37.45
36.76666666666667
38.083333333333336
38.083333333333336
37.1
37.72
37.72
37.72
36.6
36.6
38.2
38.2
36.875
37.442857142857136
37.175
37.175
37.333333333333336
37.333333333333336
36.5
37.614285714285714
36.9
37.65
37.528571428571425
37.03333333333333
37.4
37.4
36.4
36.4
36.4
36.67999999999999
37.65
36.94
37.6
36.3
36.3
37.825
36.857142857142854
37.550000000000004
37.457142857142856
36.871428571428574
37.68333333333333
37.68333333333333
37.68333333333333
37.68333333333333
36.66
38.2
38.2
38.2
38.2
38.2
38.2
38.2
38.2
38.2
38.2
38.2
38.2
38.2
38.2
36.3
36.3
36.93333333333333
37.339999999999996
37.339999999999996
36.3
37.1
37.8
37.8
36.775
36.775
38.2
36.9
36.9
37.25
37.25
37.25
36.94
36.94
37.25
37.199999999999996
36.45
36.45
37.2
37.2
36.9
36.7
37.36666666666667
37.0
37.733333333333334
38.0
38.0
37.32857142857143
37.32857142857143
37.32857142857143
37.45
37.45
37.4
37.21666666666667
37.21666666666667
37.4
37.17142857142857
37.25
37.5
37.5
36.949999999999996
37.480000000000004
37.480000000000004
37.0
36.85
36.85
37.88
36.85
37.475
37.475
37.475
37.4
37.4
37.4
37.4
37.8
37.01428571428571
37.86
37.86
37.86
37.86
37.86
37.86
37.86
37.86
37.86
37.86
37.86
36.7
37.25
37.51428571428572
38.2
38.2
38.2
38.2
38.2
37.666666666666664
36.857142857142854
37.760000000000005
37.271428571428565
37.325
37.325
37.325
36.6
37.8
37.8
37.46
37.23333333333333
37.23333333333333
37.23333333333333
37.042857142857144
37.35
37.6
37.050000000000004
37.050000000000004
37.050000000000004
37.128571428571426
37.81666666666667
37.042857142857144
37.65
37.65
37.65
37.68571428571429
37.12
37.12
37.45
37.300000000000004
37.36666666666667
37.63333333333333
37.63333333333333
36.7
36.7
38.1
37.733333333333334
37.733333333333334
37.06666666666667
38.128571428571426
38.1
37.300000000000004
37.76666666666667
37.120000000000005
37.55
37.55
36.86666666666667
37.7
37.7
37.7
37.58
36.73333333333333
36.971428571428575
37.833333333333336
38.11666666666667
37.42857142857143
37.8
37.8
37.05714285714286
38.2
38.2
37.016666666666666
37.016666666666666
38.3
37.56666666666667
37.03333333333333
37.03333333333333
37.800000000000004
36.916666666666664
36.916666666666664
38.3
37.72
37.72
37.7
37.475
37.475
36.4
37.833333333333336
36.9
36.9
37.8
36.4
36.4
38.3
38.3
37.349999999999994
37.349999999999994
37.2
37.449999999999996
37.0
37.0
37.15
37.480000000000004
36.9
37.12
37.12
36.4
37.8
36.96666666666667
37.14
37.14
38.2
37.35
37.35
37.7
37.7
36.5
37.1
37.9
37.9
37.9
37.9
37.9
37.9
36.8
36.8
36.8
37.4
37.4
36.4
37.357142857142854
37.5
37.5
37.5
38.1
37.050000000000004
37.699999999999996
37.699999999999996
36.4
38.1
38.1
36.825
36.825
38.1
37.016666666666666
37.36666666666667
36.760000000000005
36.760000000000005
37.5
36.699999999999996
37.5
37.5
37.13333333333333
37.13333333333333
38.0
36.971428571428575
37.675
37.675
36.7
37.74285714285714
36.739999999999995
36.739999999999995
36.739999999999995
36.739999999999995
37.074999999999996
38.3
38.3
38.3
37.4
37.542857142857144
37.03333333333333
37.53333333333334
37.2
37.2
37.625
37.300000000000004
36.9
37.76666666666667
37.06666666666666
37.6
37.6
37.75
37.43333333333334
37.48571428571429
37.05
37.239999999999995
37.239999999999995
37.0
37.25
37.25
37.2
36.6
36.6
36.839999999999996
36.839999999999996
37.8
37.8
37.8
37.199999999999996
37.5
36.785714285714285
37.53333333333333
37.53333333333333
36.3
37.52
37.142857142857146
36.766666666666666
37.333333333333336
37.333333333333336
37.26666666666667
37.285714285714285
37.1
36.81428571428571
37.65
36.93333333333333
37.357142857142854
37.13333333333333
37.28
37.28
38.2
36.871428571428574
37.52
36.800000000000004
36.92857142857143
37.75
36.75714285714286
37.128571428571426
37.5
36.91428571428571
36.96666666666667
37.63333333333333
36.833333333333336
37.275
37.275
36.4
37.5
37.5
36.3
37.542857142857144
36.96666666666667
37.24285714285714
37.6
36.9
37.4
37.4
36.96666666666667
37.480000000000004
37.480000000000004
37.480000000000004
37.480000000000004
37.375
37.24285714285714
37.15
36.885714285714286
36.885714285714286
36.885714285714286
37.26666666666667
37.26666666666667
37.824999999999996
37.03333333333334
37.51428571428572
37.371428571428574
37.333333333333336
37.333333333333336
37.6
36.91428571428571
37.4
37.083333333333336
37.233333333333334
37.65
36.46666666666667
36.46666666666667
37.625
36.5
36.5
37.58571428571429
36.857142857142854
36.857142857142854
37.4
36.93333333333333
36.93333333333333
36.825
36.98
37.542857142857144
37.471428571428575
36.55
36.55
36.55
36.55
36.55
37.550000000000004
36.82857142857143
36.82857142857143
36.82857142857143
36.82857142857143
36.85
37.7
37.07142857142857
37.042857142857144
37.416666666666664
37.23333333333333
37.23333333333333
36.7
36.7
37.03333333333333
36.957142857142856
37.56666666666667
36.5
36.5
37.46
37.2
37.2
38.1
37.05714285714286
36.925
36.925
36.8
37.58571428571429
37.03333333333334
37.300000000000004
37.550000000000004
36.800000000000004
37.65
37.65
37.56666666666667
37.271428571428565
37.63333333333333
36.766666666666666
37.375
37.375
36.3
37.82000000000001
37.82000000000001
37.0
37.5
36.92857142857143
36.81428571428571
37.357142857142854
36.72
36.72
37.0
36.74285714285714
37.15
37.24285714285714
36.7
36.7
36.75
37.2
36.957142857142856
37.4
37.4
36.2
37.56
37.03333333333334
37.03333333333334
37.1
37.1
36.3
37.05
37.05
37.266666666666666
37.266666666666666
36.86666666666667
37.725
37.725
37.3
37.14
37.14
37.14
37.14
37.82
37.82
37.82
37.1
37.1
36.7
37.214285714285715
37.175
37.175
38.0
38.0
36.3
37.5
36.84285714285715
37.8
37.8
37.8
37.8
37.86
37.733333333333334
37.2
37.2
36.9
37.15
37.15
37.05
37.05
37.8
36.666666666666664
37.457142857142856
37.07142857142857
37.15
36.73333333333333
36.73333333333333
36.4
37.24285714285714
36.92857142857143
37.199999999999996
38.1
38.1
36.62
38.2
38.2
37.019999999999996
37.019999999999996
37.019999999999996
36.75
37.36666666666667
37.260000000000005
36.714285714285715
37.0
37.0
37.5
36.96666666666667
37.214285714285715
37.53333333333333
37.53333333333333
38.1
36.666666666666664
36.96666666666667
37.166666666666664
36.75
36.75
36.75
36.75
38.0
38.0
36.55
36.55
37.9
36.82857142857143
36.833333333333336
36.833333333333336
37.2
36.65
37.35
36.449999999999996
37.166666666666664
37.18571428571429
36.733333333333334
37.042857142857144
37.24285714285714
36.44
37.239999999999995
37.4
36.6
36.971428571428575
37.1
37.1
36.0
37.266666666666666
36.54
36.54
36.9
37.0
37.0
37.339999999999996
36.519999999999996
37.03333333333333
37.03333333333333
36.4
37.175
37.175
37.175
37.175
36.949999999999996
36.6
36.957142857142856
37.1
36.699999999999996
36.96666666666667
36.55
36.55
37.1
36.71666666666667
36.93333333333333
37.3
36.849999999999994
36.849999999999994
36.8
36.8
37.4
36.5
36.5
36.82
37.300000000000004
37.300000000000004
37.300000000000004
37.300000000000004
37.300000000000004
37.300000000000004
36.4
36.4
37.8
36.78333333333333
37.260000000000005
37.260000000000005
37.3
36.9
37.375
37.375
36.1
37.06666666666667
37.06666666666667
36.900000000000006
37.3
37.3
37.599999999999994
37.599999999999994
37.599999999999994
36.150000000000006
36.150000000000006
37.375
37.375
37.375
37.425
37.425
37.425
37.1
36.666666666666664
36.666666666666664
36.7
37.25714285714286
36.559999999999995
36.775
36.775
36.86666666666667
36.86666666666667
36.7
36.519999999999996
36.519999999999996
36.519999999999996
36.519999999999996
36.519999999999996
36.519999999999996
36.519999999999996
36.519999999999996
36.519999999999996
38.0
36.35
36.35
37.72
36.73333333333333
37.1
37.1
37.9
36.699999999999996
37.4
36.85
36.85
36.7
36.5
36.5
36.4
36.771428571428565
37.0
37.1
36.800000000000004
37.083333333333336
37.15714285714285
36.6
37.26
36.699999999999996
36.800000000000004
37.06666666666667
36.833333333333336
37.233333333333334
37.233333333333334
37.233333333333334
36.73333333333333
36.96666666666667
36.92857142857143
36.46666666666667
37.0
36.3
36.3
37.12
37.12
36.8
37.07142857142857
37.300000000000004
37.65
37.65
37.25
37.25
37.6
36.96666666666667
37.0
36.766666666666666
36.766666666666666
37.9
36.57142857142857
36.96666666666667
37.050000000000004
36.5
37.9
37.9
36.68
37.8
37.8
36.76666666666667
37.1
37.1
37.1
36.86666666666667
37.18571428571429
36.75714285714286
37.05
37.05
36.6
36.6
37.7
36.65
36.65
36.65
36.2
36.2
37.23333333333333
37.12
36.1
36.1
37.15
37.15
37.15
37.142857142857146
36.71666666666667
37.05714285714286
36.475
36.475
36.65
36.971428571428575
36.82857142857143
37.333333333333336
37.333333333333336
36.2
36.2
36.2
37.24285714285714
36.971428571428575
36.88333333333333
36.833333333333336
36.833333333333336
36.7
37.083333333333336
36.8
37.5
36.650000000000006
36.650000000000006
37.6
36.2
36.2
37.833333333333336
36.7
36.7
37.575
36.75714285714286
37.6
37.6
37.150000000000006
37.36666666666667
37.1
37.45
37.45
36.95
37.3
37.3
37.2
37.2
36.8
37.083333333333336
37.63333333333333
37.63333333333333
38.2
37.3
37.3
38.1
38.1
36.4
37.228571428571435
36.9
37.51428571428572
37.32000000000001
37.0
37.8
37.8
37.8
37.8
37.8
37.8
36.925
37.800000000000004
37.800000000000004
36.5
37.6
36.839999999999996
36.839999999999996
36.839999999999996
37.0
36.53333333333333
36.53333333333333
38.2
38.2
36.3
36.333333333333336
36.333333333333336
36.333333333333336
36.333333333333336
36.333333333333336
36.4
37.449999999999996
37.13333333333333
37.13333333333333
37.25
37.25
37.25
37.25
37.25
36.96666666666667
36.96666666666667
36.96666666666667
37.42857142857143
37.42857142857143
37.42857142857143
37.5
37.5
36.3
37.357142857142854
36.96666666666667
36.96666666666667
36.5
38.1
38.1
38.13333333333333
38.13333333333333
38.2
36.93333333333334
37.0
37.0
36.833333333333336
36.942857142857136
37.05
37.05
37.05
37.14
37.14
36.5
37.480000000000004
37.199999999999996
37.199999999999996
37.53333333333333
36.8
36.8
37.4
37.51428571428572
36.96
36.96
36.833333333333336
36.5
36.5
37.6
37.6
37.2
36.6
36.6
37.95
37.95
36.2
37.457142857142856
36.86666666666667
36.86666666666667
37.1
37.6
37.6
37.42
37.42
37.5
37.375
37.375
37.2
37.0
37.0
37.025
36.62
37.357142857142854
37.166666666666664
37.08571428571429
36.96666666666667
37.199999999999996
36.96666666666667
37.0
37.0
37.0
37.0
37.4
37.4
37.4
37.4
37.4
37.4
37.4
37.4
37.4
36.4
36.4
36.4
36.666666666666664
36.666666666666664
37.5
36.86666666666667
38.0
38.0
37.38
37.125
37.125
38.0
36.728571428571435
37.56666666666667
36.800000000000004
36.65
37.4
37.08571428571428
36.88
37.7
37.7
37.05
37.300000000000004
36.5
36.5
37.05
36.3
36.3
36.9
37.24285714285714
37.166666666666664
37.166666666666664
37.300000000000004
36.885714285714286
37.1
36.86666666666667
36.86666666666667
37.0
37.0
37.0
37.480000000000004
36.76666666666667
36.76666666666667
36.76666666666667
36.76666666666667
37.375
37.375
37.5
36.85
37.650000000000006
37.650000000000006
36.4
37.07142857142857
37.5
37.4
37.4
37.46666666666667
36.625
36.625
37.099999999999994
37.08571428571429
37.0
37.720000000000006
37.720000000000006
37.4
37.2
37.2
37.18
37.18
37.18
37.25
37.25
37.25
37.06
37.06
37.06
37.06
37.06
37.06
37.325
37.325
37.325
37.28
37.28
36.6
36.6
36.6
36.96
37.9
37.9
37.9
37.9
37.65
37.65
36.9
37.05
37.21666666666667
36.74285714285714
36.84285714285715
37.5
36.775
36.775
36.8
37.271428571428565
36.68333333333334
37.35
37.8
37.8
37.016666666666666
37.12
37.12
36.5
37.25
36.699999999999996
36.699999999999996
36.7
36.785714285714285
37.025
37.025
37.4
36.800000000000004
37.7
37.7
37.7
37.7
37.7
37.285714285714285
36.6
37.075
36.9
36.9
36.76666666666667
37.48571428571428
37.6
37.6
37.6
37.6
37.0
37.0
38.0
37.12857142857143
37.12857142857143
37.9
36.65
36.65
37.6
36.642857142857146
37.05
37.114285714285714
36.666666666666664
37.114285714285714
37.48571428571429
37.142857142857146
36.52
37.6
37.6
36.5
36.5
37.4
36.3
36.3
37.5
36.971428571428575
37.01428571428572
37.08571428571429
37.050000000000004
36.728571428571435
37.24285714285714
37.18571428571429
37.18571428571429
37.18571428571429
37.2
37.300000000000004
37.300000000000004
37.56666666666667
36.86666666666667
36.86666666666667
36.86666666666667
36.86666666666667
36.86666666666667
37.72
37.01428571428572
37.7
37.7
36.65714285714285
37.166666666666664
37.25
37.25
37.0
36.95
36.95
37.14
38.0
38.0
37.15
38.0
38.0
36.5
36.9
37.13333333333333
37.0
37.56666666666667
37.05714285714286
37.0
37.142857142857146
36.3
36.3
37.8
37.8
36.82
37.4
37.4
37.08
37.5
36.833333333333336
37.042857142857144
37.28333333333334
36.75
37.4
37.4
36.4
37.142857142857146
37.233333333333334
36.94
37.4
37.05
37.05
37.6
37.6
36.65
37.43333333333334
37.43333333333334
36.675
37.599999999999994
37.17142857142857
36.88333333333333
37.41428571428571
37.1
37.25
37.25
36.95
36.95
36.95
36.766666666666666
36.766666666666666
36.4
37.0
37.0
36.8
37.8
37.8
37.0
37.4
37.42857142857143
37.6
37.64
36.6
36.6
36.65
36.6
36.6
38.1
38.1
36.3
36.3
36.3
37.75
37.025
37.025
38.3
36.65
37.5
36.666666666666664
37.699999999999996
37.06666666666667
37.666666666666664
37.666666666666664
36.6
37.13333333333333
37.11666666666667
37.0
37.32857142857143
36.85
37.483333333333334
36.4
36.4
36.4
36.4
36.4
37.3
37.3
36.5
37.300000000000004
37.300000000000004
38.1
38.1
38.1
37.6
37.6
36.7
36.43333333333333
37.68333333333334
37.68333333333334
37.68333333333334
36.55
36.55
37.266666666666666
36.88333333333333
36.84285714285714
38.0
38.0
36.86666666666667
36.93333333333333
36.93333333333333
37.6
36.916666666666664
37.8
37.8
38.0
37.371428571428574
36.9
37.333333333333336
37.6
37.6
36.53333333333333
37.53333333333333
36.45
37.5
37.5
37.5
37.5
37.68
36.628571428571426
37.38
37.38
36.3
36.66
37.166666666666664
37.65
36.93333333333333
37.36666666666667
36.885714285714286
37.699999999999996
36.760000000000005
37.17142857142857
36.471428571428575
37.94
36.6
36.6
36.440000000000005
37.28
37.28
37.28
36.575
38.2
36.916666666666664
36.916666666666664
36.916666666666664
36.916666666666664
36.375
37.8
37.8
37.8
37.8
37.8
38.0
36.88333333333333
36.48
36.48
38.1
36.6
37.18571428571429
36.53333333333333
37.55
36.44285714285714
37.36666666666667
36.51428571428571
37.449999999999996
36.5
36.5
36.7
37.525
37.06
36.871428571428574
36.75714285714286
36.871428571428574
36.2
36.2
37.160000000000004
36.42857142857143
36.42857142857143
36.42857142857143
37.275
36.43333333333333
37.416666666666664
36.160000000000004
36.160000000000004
36.160000000000004
36.542857142857144
36.8
36.800000000000004
36.449999999999996
37.6
37.6
36.114285714285714
37.38333333333333
36.5
37.45
37.45
37.45
36.93333333333333
37.05
37.05
37.05
35.9
35.96666666666667
36.98571428571428
36.43333333333333
37.266666666666666
36.56
36.56
36.56
36.93333333333334
35.9
35.9
37.38
36.666666666666664
37.53333333333333
36.25
37.34285714285714
36.13333333333333
37.45
37.45
36.1
36.833333333333336
36.833333333333336
36.833333333333336
36.2
36.2
36.5
37.53333333333333
36.25
36.25
38.0
38.0
38.0
38.0
38.0
38.0
38.0
38.0
38.0
38.0
38.0
36.75
36.333333333333336
37.1
37.0
37.9
37.23333333333333
36.766666666666666
36.85
37.13333333333333
37.13333333333333
37.4
37.4
36.6
36.6
36.6
36.6
36.6
35.9
36.685714285714276
37.06666666666667
36.300000000000004
37.05714285714286
36.55
36.55
36.53333333333333
37.25
36.53333333333333
37.1
36.61666666666667
36.714285714285715
37.06666666666667
36.542857142857144
36.63333333333333
36.542857142857144
37.199999999999996
36.300000000000004
37.15714285714286
36.279999999999994
36.279999999999994
36.279999999999994
37.05714285714286
36.166666666666664
36.9
36.733333333333334
36.75714285714286
37.0
36.31428571428571
36.5
36.5
37.5
36.13333333333333
36.56666666666666
36.56666666666666
35.9
36.93333333333333
36.93333333333333
36.3
36.166666666666664
37.228571428571435
36.457142857142856
36.833333333333336
36.199999999999996
36.199999999999996
36.199999999999996
36.4
36.4
36.4
36.46666666666666
36.6
36.6
36.6
36.5
36.666666666666664
36.666666666666664
37.199999999999996
36.11666666666667
37.0
36.48571428571428
37.233333333333334
36.46666666666667
37.9
37.9
36.300000000000004
37.442857142857136
36.333333333333336
37.13333333333333
36.175
36.175
37.1
37.339999999999996
37.339999999999996
36.5
37.300000000000004
36.27142857142857
37.25
36.78333333333333
36.96666666666667
36.699999999999996
36.699999999999996
36.9
36.385714285714286
37.5
37.5
37.0
37.23333333333333
36.660000000000004
37.21666666666667
36.8
37.5
36.51666666666667
37.228571428571435
36.56666666666667
37.15714285714286
36.53333333333333
37.31666666666667
36.9
37.1
36.833333333333336
37.15
37.15
37.55
37.55
37.55
37.55
37.55
36.833333333333336
36.4
37.8
37.8
37.8
37.8
37.8
37.199999999999996
36.333333333333336
37.349999999999994
37.349999999999994
37.074999999999996
37.074999999999996
36.3
36.675
36.675
37.9
37.9
36.3
37.050000000000004
36.833333333333336
36.833333333333336
36.833333333333336
37.5
36.5
36.5
36.95
36.95
36.95
36.95
37.1
37.08571428571429
37.08571428571429
37.08571428571429
36.34
36.34
36.34
37.339999999999996
37.339999999999996
36.1
36.1
37.8
37.016666666666666
37.0
36.43333333333334
35.9
35.9
37.357142857142854
36.714285714285715
37.43333333333333
37.43333333333333
35.9
36.849999999999994
36.849999999999994
36.72
36.72
36.3
37.559999999999995
36.614285714285714
36.385714285714286
37.35
36.3
36.74285714285714
36.957142857142856
36.5
36.9
36.9
37.1
37.028571428571425
36.71666666666666
36.87142857142857
36.55714285714286
37.4
36.385714285714286
37.4
36.55
37.13333333333333
36.3
36.3
37.08
36.449999999999996
35.9
35.9
37.519999999999996
36.38
36.38
37.1
36.1
36.1
37.23333333333333
36.699999999999996
37.142857142857146
36.42857142857143
37.4
36.0
36.0
36.666666666666664
37.199999999999996
36.05
36.05
37.5
36.9
36.9
36.4
37.31428571428571
36.8
36.8
36.56666666666667
37.43333333333334
36.55714285714286
37.425
37.425
36.6
37.4
37.25
37.25
37.25
37.25
37.25
37.720000000000006
36.2
36.2
36.2
36.2
36.2
36.2
37.9
37.9
37.275
36.6
37.03333333333334
36.800000000000004
38.0
38.0
38.0
38.0
38.0
38.0
38.0
36.6
36.4
36.4
36.4
37.2
37.06666666666667
36.58571428571429
36.65
36.457142857142856
37.24285714285714
36.55
36.949999999999996
36.628571428571426
37.28333333333334
36.885714285714286
36.800000000000004
37.016666666666666
36.8
37.333333333333336
36.775
36.775
37.1
37.1
37.9
36.333333333333336
37.300000000000004
36.400000000000006
36.400000000000006
36.86
36.833333333333336
37.07142857142857
36.7
37.42857142857143
36.22
37.43333333333333
37.43333333333333
37.43333333333333
36.67999999999999
37.4
37.4
36.76
37.4
36.471428571428575
37.199999999999996
36.86666666666667
37.10000000000001
37.050000000000004
36.74285714285715
37.34285714285714
37.34285714285714
37.34285714285714
37.15
36.4
37.46
37.46
36.4
37.142857142857146
37.28
37.28
36.1
37.13333333333333
37.13333333333333
37.13333333333333
36.980000000000004
37.1
36.93333333333333
36.957142857142856
37.6
37.1
37.550000000000004
36.550000000000004
37.4
36.75
36.75
36.75
36.75
37.125
36.55
36.55
38.1
37.575
37.575
36.2
36.2
37.6
37.53333333333333
36.599999999999994
36.599999999999994
37.12
37.12
36.6
36.6
36.6
37.1
37.1
37.400000000000006
37.400000000000006
36.5
36.733333333333334
36.733333333333334
37.36666666666667
37.6
37.6
36.660000000000004
36.660000000000004
36.660000000000004
36.660000000000004
37.04
37.04
37.04
36.1
36.1
37.575
36.58571428571429
37.1
37.1
37.0
37.32
37.32
37.2
36.95
37.06666666666667
37.199999999999996
36.42857142857143
37.7
37.7
36.63333333333333
37.01428571428572
36.4
38.0
38.0
36.96
36.871428571428574
37.9
37.9
36.775
37.05
37.05
36.38
37.625
37.625
36.0
36.916666666666664
36.6
37.6
37.6
36.3
37.43333333333333
36.6
37.53333333333333
38.0
38.0
38.0
36.5
36.5
37.2
36.67142857142857
36.900000000000006
36.900000000000006
37.1
36.949999999999996
37.599999999999994
37.599999999999994
37.599999999999994
37.599999999999994
37.599999999999994
37.599999999999994
37.599999999999994
36.6
36.6
38.2
37.425000000000004
37.425000000000004
37.15
37.15
37.15
37.15
37.15
37.15
37.800000000000004
37.800000000000004
37.800000000000004
37.449999999999996
37.23333333333333
37.23333333333333
36.3
37.58
37.58
37.58
37.58
36.1
37.6
37.6
37.050000000000004
36.785714285714285
37.28
37.28
36.7
37.55714285714286
36.78
36.78
36.6
37.05
36.7
36.7
37.7
37.7
37.7
36.65
36.65
36.73333333333333
36.73333333333333
36.73333333333333
37.8
38.0
38.0
37.25
37.25
36.55
36.55
36.55
36.55
36.55
36.55
37.4
36.36666666666667
38.0
38.0
36.95
36.95
36.2
37.65
36.82857142857142
37.18333333333333
36.2
36.2
37.5
36.8
36.8
37.7
37.028571428571425
37.333333333333336
37.1
37.1
36.46
36.46
36.46
36.92857142857143
37.0
37.0
37.3
36.81428571428571
37.53333333333333
37.53333333333333
36.625
37.150000000000006
37.150000000000006
36.2
37.21666666666667
37.21666666666667
36.2
36.9
37.0
37.0
38.1
37.166666666666664
36.75
36.75
36.5
36.614285714285714
37.36666666666667
37.03333333333333
37.03333333333333
37.160000000000004
37.160000000000004
37.160000000000004
37.21666666666667
36.7
36.7
37.25
37.15
37.15
37.05
37.05
36.7
36.9
36.9
36.9
36.9
36.9
37.9
37.333333333333336
37.333333333333336
37.425
37.425
37.425
36.98571428571428
36.93333333333333
36.93333333333333
37.6
37.459999999999994
37.459999999999994
37.459999999999994
37.459999999999994
37.459999999999994
36.8
36.8
36.8
37.45
37.45
37.45
37.45
37.45
36.9
37.540000000000006
37.540000000000006
37.0
37.442857142857136
37.12
37.120000000000005
37.120000000000005
38.1
37.449999999999996
36.885714285714286
37.9
37.9
37.1
36.85
37.300000000000004
36.53333333333333
37.23333333333333
37.199999999999996
36.74285714285714
37.1
37.1
36.56666666666667
37.416666666666664
36.93333333333334
36.93333333333334
38.1
38.1
38.1
36.4
36.4
36.65
37.4
37.4
37.4
36.6
36.6
37.2
36.7
36.7
36.7
37.25
37.3
37.3
37.4
37.4
36.2
36.2
37.8
37.8
36.8
37.050000000000004
37.0
37.0
37.1
37.114285714285714
37.114285714285714
37.114285714285714
37.542857142857144
36.714285714285715
37.17142857142857
36.400000000000006
36.400000000000006
36.6
37.166666666666664
37.1
37.15
37.15
36.5
37.46
36.642857142857146
37.7
37.7
37.7
37.4
37.4
37.13333333333333
37.55
37.55
36.4
37.18571428571429
36.6
36.6
38.0
37.083333333333336
37.56666666666667
36.81666666666667
36.81666666666667
36.81666666666667
37.1
37.1
37.75
37.75
37.75
36.800000000000004
36.68
36.75
36.75
36.6
37.214285714285715
36.766666666666666
36.725
36.725
36.725
36.85
36.85
36.85
37.25
37.25
36.73333333333333
37.300000000000004
36.94285714285714
36.85
36.85
36.6
36.6
38.1
36.916666666666664
36.6
36.6
36.839999999999996
37.371428571428574
37.371428571428574
37.371428571428574
37.05
37.5
37.5
36.4
36.4
38.0
36.625
36.400000000000006
36.400000000000006
36.400000000000006
38.1
38.1
36.975
36.760000000000005
37.0
37.050000000000004
36.642857142857146
37.48333333333333
36.916666666666664
37.0
37.5
36.516666666666666
36.98333333333333
36.98333333333333
36.98333333333333
37.739999999999995
36.85
36.85
37.54
36.75
37.016666666666666
36.2
36.2
37.5
36.699999999999996
38.0
38.0
38.0
36.4
37.4
36.480000000000004
36.480000000000004
38.1
36.833333333333336
36.833333333333336
37.53333333333333
36.800000000000004
37.4
36.86666666666667
37.2
37.2
36.739999999999995
37.26
37.26
37.26
37.26
36.86666666666667
37.43333333333333
37.43333333333333
37.6
37.6
36.25
37.3
37.3
36.6
36.98571428571428
36.416666666666664
37.4
37.4
36.666666666666664
36.642857142857146
37.199999999999996
36.771428571428565
36.771428571428565
36.771428571428565
36.55
37.34285714285714
36.857142857142854
36.6
37.333333333333336
36.5
36.5
36.583333333333336
37.25
36.9
36.75
36.75
36.0
37.199999999999996
36.51666666666667
36.96666666666667
37.08571428571429
36.3
37.185714285714276
37.185714285714276
37.185714285714276
36.93333333333333
37.2
37.2
36.9
36.733333333333334
37.22
36.85
36.85
37.9
36.983333333333334
36.9
36.357142857142854
37.25
36.614285714285714
37.25
36.98571428571428
37.0
37.25
36.4
36.4
37.166666666666664
36.7
37.03333333333333
36.475
36.475
37.5
36.68571428571429
36.983333333333334
36.660000000000004
36.660000000000004
36.660000000000004
36.833333333333336
37.12
36.9
36.9
36.45
37.06666666666667
36.5
36.5
36.739999999999995
36.739999999999995
36.739999999999995
37.7
37.7
36.1
36.957142857142856
36.957142857142856
36.957142857142856
37.38
36.449999999999996
36.839999999999996
36.4
36.4
36.6
36.2
36.2
36.2
36.2
37.7
36.5
36.5
36.3
36.949999999999996
36.550000000000004
36.550000000000004
37.7
36.76666666666667
36.76666666666667
36.76666666666667
36.76666666666667
36.76666666666667
36.45
36.45
36.45
36.45
36.45
36.45
36.45
36.45
36.45
35.9
37.07142857142857
37.07142857142857
36.7
36.7
36.7
36.53333333333333
36.53333333333333
35.9
37.15
37.15
37.15
37.0
37.0
36.4
36.0
36.0
36.0
36.875
36.875
37.8
36.15
36.15
37.480000000000004
36.266666666666666
37.199999999999996
37.199999999999996
36.9
36.85
36.85
36.8
36.8
36.8
36.599999999999994
36.599999999999994
36.6
36.6
36.6
36.6
36.6
37.4
36.74285714285714
36.766666666666666
37.1
36.733333333333334
36.733333333333334
37.266666666666666
36.51428571428571
36.92
36.82
36.66
36.98333333333333
36.98333333333333
36.98333333333333
37.14
36.9
36.9
37.38
36.642857142857146
36.642857142857146
36.642857142857146
36.75
36.75
36.95
36.36666666666667
37.31428571428571
36.78333333333333
36.0
36.0
36.96
36.2
36.2
36.6
36.68571428571429
36.666666666666664
36.666666666666664
36.95
36.95
36.95
36.916666666666664
37.4
37.4
37.4
37.4
36.5
36.550000000000004
37.06666666666667
36.285714285714285
37.05
36.7
36.7
36.7
36.7
36.7
36.6
37.5
37.5
36.75
36.6
36.6
36.0
37.300000000000004
36.260000000000005
36.260000000000005
37.2
36.68
36.67142857142857
36.45
36.45
36.45
37.18
36.43333333333334
36.43333333333334
37.05
36.5
36.98571428571428
36.98571428571428
36.98571428571428
37.3
37.3
36.449999999999996
37.22
37.22
37.22
37.22
37.22
37.22
37.22
37.22
37.22
36.475
37.35
37.0
37.0
37.0
36.9
36.9
36.6
37.24285714285714
36.68571428571429
36.900000000000006
36.900000000000006
37.2
37.0
37.0
36.75
36.72
36.95
36.95
36.4
36.75
36.75
36.599999999999994
37.271428571428565
36.75
37.5
37.5
36.699999999999996
37.199999999999996
36.73333333333333
36.68
36.68
38.0
36.6
36.6
37.3
36.699999999999996
37.13333333333333
36.86666666666667
37.65
37.65
37.65
37.3
37.199999999999996
36.46666666666667
37.25714285714286
36.5
36.5
37.1
36.85
36.85
36.85
36.85
36.98571428571428
36.9
36.9
36.660000000000004
37.1
37.1
37.1
37.9
36.614285714285714
37.36666666666667
36.8
36.8
37.2
37.2
37.1
36.68571428571429
36.614285714285714
37.9
37.9
37.475
37.475
36.75
37.58571428571428
36.7
37.040000000000006
37.040000000000006
36.4
37.550000000000004
37.550000000000004
36.8
37.48571428571428
37.05
37.05
37.55
36.84285714285715
37.550000000000004
36.65
37.38333333333333
37.38333333333333
36.4
36.4
36.4
37.266666666666666
37.24285714285714
37.25
37.25
37.25
37.666666666666664
36.92
36.92
37.9
36.75
37.050000000000004
36.800000000000004
37.8
37.8
36.6
36.6
36.6
37.333333333333336
37.46666666666667
37.0
37.0
36.650000000000006
37.6
37.300000000000004
36.6
36.6
36.6
37.36666666666667
36.971428571428575
36.857142857142854
37.6
36.8
36.8
37.266666666666666
37.0
37.0
37.7
37.220000000000006
37.48571428571428
36.760000000000005
37.48571428571429
36.6
36.6
37.766666666666666
36.800000000000004
37.142857142857146
37.24285714285714
36.800000000000004
37.675
37.675
36.7
37.46666666666667
37.46666666666667
36.925
37.766666666666666
37.766666666666666
36.3
37.24285714285714
36.699999999999996
37.416666666666664
37.416666666666664
37.25
37.56666666666666
36.3
36.3
37.54
36.825
37.1
37.36666666666667
37.1
37.5
37.5
37.074999999999996
37.074999999999996
37.074999999999996
37.34285714285714
37.019999999999996
37.019999999999996
37.6
36.349999999999994
36.349999999999994
37.875
37.0
37.0
37.44
37.2
37.2
37.9
37.9
37.9
36.9
36.9
36.9
36.9
37.35
37.51666666666667
37.51666666666667
36.9
37.528571428571425
36.9
37.371428571428574
36.2
36.2
36.2
37.480000000000004
36.6
37.5
37.5
37.1
37.32857142857143
36.9
36.9
37.5
36.3
36.3
37.480000000000004
36.96666666666667
36.96666666666667
36.975
36.9
36.9
37.2
37.32857142857143
36.76666666666667
37.516666666666666
36.9
37.042857142857144
37.416666666666664
36.92857142857143
37.03333333333333
37.166666666666664
37.0
37.0
37.666666666666664
37.1
37.416666666666664
37.56666666666667
36.785714285714285
37.06666666666666
37.06666666666666
37.06666666666666
37.06666666666666
37.5
36.75714285714286
37.128571428571426
37.18333333333333
36.542857142857144
37.5
37.24285714285714
36.85
37.53333333333333
37.5
36.666666666666664
37.166666666666664
36.766666666666666
36.766666666666666
37.4
37.4
37.4
37.25
36.63333333333333
37.0
36.983333333333334
37.0
37.41428571428571
36.91428571428571
37.13333333333333
37.25
36.95
36.95
36.8
37.040000000000006
37.040000000000006
38.2
37.333333333333336
37.2
36.6
36.6
37.05
37.05
37.175
36.5
36.5
37.2
37.2
37.2
36.857142857142854
36.9
37.36666666666667
37.36666666666667
37.1
37.25
36.56
37.41428571428571
36.65
36.65
37.6
36.82857142857143
37.63333333333333
37.028571428571425
37.46666666666667
37.46666666666667
36.5
37.6
36.825
36.825
36.825
36.75
37.0
37.0
36.779999999999994
38.1
38.1
38.1
38.0
38.0
37.4
36.75
37.63333333333333
36.971428571428575
37.271428571428565
37.1
37.1
37.3
37.3
37.0
37.0
37.0
36.8
37.86666666666667
36.949999999999996
37.10000000000001
37.5
37.35
37.35
37.5
37.17142857142857
37.82
36.983333333333334
37.6
37.6
36.9
37.1
37.0
37.4
37.4
36.675
37.4
37.228571428571435
37.9
37.4
37.4
36.84
37.5
37.166666666666664
37.300000000000004
37.76666666666667
36.8
36.8
37.65
36.699999999999996
37.68571428571429
37.05
37.05
38.2
36.800000000000004
37.35
37.166666666666664
37.36666666666667
37.05
37.05
37.699999999999996
37.03333333333333
37.550000000000004
37.028571428571425
37.11666666666667
37.48571428571428
37.06666666666667
37.06666666666667
37.06666666666667
37.06666666666667
37.06666666666667
38.2
38.2
37.5
37.36
37.36
36.8
36.9
36.9
37.4
37.4
37.4
37.4
36.925
36.925
37.7
36.93333333333333
37.55714285714286
37.55714285714286
36.3
37.14
37.14
37.1
37.1
37.1
36.940000000000005
36.940000000000005
36.940000000000005
36.940000000000005
36.940000000000005
36.940000000000005
37.9
37.55
37.55
36.839999999999996
37.25
37.25
38.2
38.2
36.7
36.7
36.7
37.449999999999996
37.6
37.6
36.4
37.75714285714286
37.11666666666667
37.21666666666667
37.53333333333333
36.85
37.900000000000006
37.900000000000006
37.06666666666666
37.06666666666666
37.06666666666666
37.016666666666666
37.666666666666664
37.666666666666664
36.775000000000006
37.52
37.52
37.52
37.457142857142856
37.23333333333333
37.23333333333333
37.23333333333333
37.285714285714285
37.18
37.42857142857143
36.9
37.54
37.54
36.5
37.550000000000004
37.15
36.98571428571428
37.51666666666667
37.51666666666667
37.51666666666667
38.2
38.2
36.4
38.3
38.3
36.800000000000004
37.699999999999996
36.67999999999999
37.7
37.7
36.6
36.6
36.6
36.6
36.6
36.6
36.6
36.6
36.6
36.6
37.46666666666667
37.06666666666667
38.3
38.3
37.1
37.36666666666667
37.4
37.07142857142857
37.516666666666666
37.166666666666664
37.25
37.44285714285714
37.28333333333333
37.62857142857143
37.28
38.333333333333336
37.18333333333334
37.699999999999996
36.85
37.3
37.3
37.5
37.519999999999996
37.6
37.1
37.1
38.0
36.885714285714286
36.6
36.6
36.9
37.699999999999996
36.9
36.9
38.1
37.028571428571425
37.779999999999994
37.01428571428571
37.03333333333333
37.35
37.35
37.35
37.22
37.22
37.22
37.02857142857143
36.766666666666666
37.65
37.23333333333333
37.51428571428571
37.6
37.057142857142864
37.733333333333334
37.25714285714286
37.0
37.8
37.8
37.8
37.8
36.6
36.6
36.6
36.6
36.6
37.050000000000004
37.3
37.3
37.3
37.3
37.3
36.9
38.3
38.3
37.083333333333336
37.4
37.05714285714286
37.63333333333333
37.142857142857146
36.85
37.75714285714286
37.75714285714286
37.4
37.760000000000005
37.760000000000005
37.760000000000005
37.760000000000005
36.857142857142854
37.65714285714285
37.019999999999996
37.25
37.63333333333333
37.63333333333333
36.4
36.775
36.775
37.333333333333336
36.68571428571429
37.5
37.128571428571426
37.050000000000004
37.73333333333333
37.73333333333333
36.6
36.6
36.9
37.08
37.279999999999994
37.279999999999994
38.3
37.083333333333336
37.800000000000004
37.35
37.142857142857146
37.51428571428572
36.760000000000005
37.357142857142854
37.38
37.38
37.4
37.2
37.300000000000004
37.728571428571435
37.25
37.220000000000006
37.220000000000006
37.1
38.1
38.1
37.12
37.46666666666667
37.42
37.11666666666667
37.7
37.7
36.1
37.6
36.6
36.6
37.5
36.833333333333336
37.6
37.6
36.76666666666667
36.76666666666667
36.76666666666667
36.76666666666667
36.76666666666667
36.76666666666667
37.199999999999996
37.45
37.45
38.3
37.285714285714285
37.55714285714286
36.5
36.5
37.85
37.85
36.4
38.025000000000006
38.025000000000006
38.025000000000006
38.025000000000006
37.699999999999996
37.0
37.0
36.7
36.86666666666667
36.86666666666667
37.6
36.8
37.38
37.38
36.3
37.642857142857146
36.91428571428571
37.6
37.1
37.5
37.5
37.2
37.371428571428574
37.1
37.2
37.2
37.166666666666664
38.1
38.1
37.019999999999996
37.5
37.5
36.4
37.75714285714286
36.833333333333336
37.12857142857143
37.04
37.04
36.3
38.3
38.3
37.82
37.82
37.2
37.26666666666667
37.26666666666667
37.1
37.1
37.1
37.75
37.75
38.3
37.35
37.35
37.35
37.35
37.35
36.8
37.1
37.1
36.3
37.65714285714286
37.15
37.15
37.3
37.3
37.3
37.68
37.0
37.25714285714286
37.233333333333334
36.63333333333333
37.56
37.56
37.166666666666664
37.58571428571429
37.471428571428575
36.800000000000004
37.65714285714285
36.96666666666666
36.96666666666666
36.96666666666666
37.15
37.15
37.8
36.84285714285714
36.84285714285714
36.84285714285714
36.728571428571435
37.4
36.86
36.86
36.7
36.7
36.7
36.925000000000004
36.925000000000004
36.95
37.457142857142856
36.666666666666664
37.900000000000006
37.900000000000006
36.775
37.550000000000004
37.300000000000004
36.975
36.975
37.56666666666667
37.56666666666667
37.56666666666667
37.03333333333333
37.03333333333333
36.6
36.6
36.6
36.6
37.7
36.7
36.7
37.5
37.13333333333333
37.13333333333333
37.349999999999994
37.1
37.1
37.1
37.199999999999996
37.31666666666666
37.042857142857144
37.042857142857144
37.042857142857144
37.25714285714286
37.1
37.1
36.96
37.733333333333334
37.733333333333334
36.8
37.074999999999996
37.074999999999996
36.4
36.8
36.8
36.8
37.300000000000004
37.34285714285715
37.63333333333333
37.08571428571429
37.17142857142857
37.76
37.76
37.76
37.76
37.76
37.76
37.6
37.42857142857143
37.2
37.2
37.2
36.9
37.61666666666667
37.228571428571435
36.9
37.3
37.3
36.85
36.85
36.85
36.7
38.2
38.2
36.88
37.166666666666664
37.166666666666664
37.275
37.4
37.4
36.8
37.550000000000004
37.550000000000004
38.2
37.4625
37.4625
37.4625
37.36
37.36
37.3
37.1
37.1
36.7
37.199999999999996
37.528571428571425
36.98571428571428
36.98571428571428
36.98571428571428
36.75
37.5
37.5
37.5
37.57142857142857
36.3
36.3
37.74285714285714
37.74285714285714
37.74285714285714
37.425
36.98
36.98
36.7
37.1
37.1
37.5
36.92
38.1
38.1
36.76666666666667
37.15714285714286
37.43333333333333
36.900000000000006
36.900000000000006
37.2
37.18571428571429
37.733333333333334
37.150000000000006
37.150000000000006
37.3
37.3
36.3
36.3
36.3
36.3
36.3
36.3
36.3
36.3
36.3
36.3
37.52
37.0
37.3
37.25
37.25
37.25
37.25
37.25
37.25
38.2
36.86
36.86
36.86
36.86
36.86
36.86
36.86
36.86
36.86
36.86
37.739999999999995
36.98571428571429
38.2
38.2
38.2
36.6
37.642857142857146
36.86
37.300000000000004
37.25
36.833333333333336
37.385714285714286
37.371428571428574
37.371428571428574
37.371428571428574
37.76666666666667
36.5
36.5
37.6
37.06666666666667
37.266666666666666
37.6
37.028571428571425
37.58571428571429
37.528571428571425
36.9
37.56666666666667
37.128571428571426
37.6
36.9
36.9
37.2
36.7
36.7
36.95
37.833333333333336
37.53333333333333
37.2
37.2
38.3
37.3
37.65
37.4
37.4
37.94
36.7
36.7
37.82
36.98571428571428
37.7
37.228571428571435
37.028571428571425
37.766666666666666
37.766666666666666
38.4
36.7
36.7
37.975
36.9
37.974999999999994
37.974999999999994
36.6
37.75714285714286
36.6
36.6
37.625
37.46
37.6
37.6
37.06
37.128571428571426
37.8
37.2
37.2
37.6
36.85
36.85
37.7
37.18571428571429
36.9
37.557142857142864
36.96666666666667
38.1
38.1
37.4
37.519999999999996
37.4
37.4
36.88
37.2
37.2
36.833333333333336
37.628571428571426
37.025
37.025
37.6
37.05714285714286
38.13333333333333
37.4
37.166666666666664
37.166666666666664
37.15
37.516666666666666
37.050000000000004
37.5
37.36
36.871428571428574
37.614285714285714
37.2
37.2
36.96666666666667
37.300000000000004
37.233333333333334
37.233333333333334
37.233333333333334
36.5
36.5
37.8
37.114285714285714
37.15
37.333333333333336
37.06666666666666
37.3
37.300000000000004
37.1
37.3
37.471428571428575
38.260000000000005
38.1
37.050000000000004
37.050000000000004
37.0
37.0
37.0
37.6
37.1
37.1
36.4
36.8
36.8
37.4
37.14
38.3
38.3
38.3
38.3
38.3
37.7
37.1
37.7
37.7
37.7
37.7
37.7
37.7
37.7
37.7
37.7
37.7
37.7
37.7
37.7
37.7
37.7
37.7
37.8
37.285714285714285
37.55714285714286
37.1
37.019999999999996
37.614285714285714
36.9
37.36666666666667
37.58
36.733333333333334
38.2
38.2
37.53333333333333
38.1
38.1
37.45
37.371428571428574
37.48333333333333
36.971428571428575
37.1
37.2
37.2
37.25
37.25
37.25
37.58571428571429
37.58571428571429
37.58571428571429
37.166666666666664
37.32857142857142
37.1
37.199999999999996
37.43333333333333
36.87142857142857
37.35
37.2
36.95
36.95
38.3
37.1
37.1
37.1
37.06666666666666
37.06666666666666
37.06666666666666
37.06666666666666
37.06666666666666
37.06666666666666
38.1
38.1
38.1
37.971428571428575
36.85
37.0
37.0
36.5
37.642857142857146
37.14
37.14
38.3
36.8
36.8
37.1
36.739999999999995
37.75
37.214285714285715
37.07142857142857
37.699999999999996
36.94
37.6
37.6
37.2
37.32857142857143
37.300000000000004
36.93333333333333
37.785714285714285
37.36666666666667
37.285714285714285
37.92
36.9
37.6
37.6
37.5
37.95
37.95
37.95
37.95
37.95
37.95
36.839999999999996
37.0
37.0
37.0
37.0
37.0
37.0
38.3
38.3
36.9
38.0
38.0
37.0
37.0
37.35
37.35
37.800000000000004
37.25
37.9
37.32
37.28333333333334
37.58571428571429
37.142857142857146
37.766666666666666
36.7
36.7
37.1
37.1
37.1
37.7
37.7
36.6
37.32857142857143
37.32000000000001
38.3
37.285714285714285
37.75
37.22857142857142
37.416666666666664
37.379999999999995
37.379999999999995
37.379999999999995
37.379999999999995
37.379999999999995
38.3
36.91428571428571
37.885714285714286
37.375
37.375
37.375
37.21666666666667
38.03333333333333
38.6
38.6
38.05
37.019999999999996
37.019999999999996
38.0
37.32
37.68333333333333
36.625
36.625
38.4
37.114285714285714
37.75
36.85
37.7
37.06666666666666
37.06666666666666
37.06666666666666
37.56666666666667
37.56666666666667
37.7
37.06666666666667
37.9
37.36666666666667
37.32857142857143
37.9
37.9
37.0
37.36666666666667
37.36666666666667
36.95
37.620000000000005
37.0
38.2
38.2
36.6
36.6
36.6
36.6
36.6
37.699999999999996
37.2
37.2
37.3
37.3
37.1
36.8
36.8
37.333333333333336
37.4
37.142857142857146
37.142857142857146
37.142857142857146
36.980000000000004
37.63333333333333
37.63333333333333
36.85
37.839999999999996
37.300000000000004
37.31666666666666
36.5
36.5
37.0
37.35
37.0
37.875
37.875
37.0
37.760000000000005
37.449999999999996
37.214285714285715
37.516666666666666
36.95
37.650000000000006
37.650000000000006
37.650000000000006
37.1
37.333333333333336
37.300000000000004
37.61666666666667
37.05
37.05
36.7
37.483333333333334
37.050000000000004
37.92
37.199999999999996
37.542857142857144
37.833333333333336
37.325
37.325
38.4
37.01428571428571
37.3
37.58
37.58
36.6
37.61666666666667
37.0
37.8
37.8
37.45
37.43333333333333
37.1
37.1
37.0
37.42
37.63333333333333
37.4
37.4
37.8
37.05714285714286
38.03333333333333
38.03333333333333
38.03333333333333
37.666666666666664
36.925000000000004
36.925000000000004
37.675
37.6
37.6
36.6
37.275
37.275
37.2
37.25
38.4
38.4
36.7
36.875
36.875
36.875
36.660000000000004
36.660000000000004
36.660000000000004
37.28
37.58571428571429
37.5
37.26666666666667
37.5
37.5
36.7
37.45
37.45
36.5
36.5
38.2
37.11666666666667
37.5
37.449999999999996
37.5
37.5
37.7
37.333333333333336
37.333333333333336
37.65
37.166666666666664
37.357142857142854
37.471428571428575
37.5
37.5
37.7
37.333333333333336
37.349999999999994
37.349999999999994
37.42
37.220000000000006
37.220000000000006
37.9
37.45
37.45
37.8
37.114285714285714
37.86666666666667
36.95
36.95
37.5
37.5
37.6
37.5
37.199999999999996
37.15
37.41428571428571
37.2
37.2
37.2
38.2
37.3
37.3
38.0
37.016666666666666
37.04
37.04
36.4
36.96666666666667
36.96666666666667
36.4
37.228571428571435
36.81666666666667
37.6
37.6
37.1
37.385714285714286
37.15714285714285
36.957142857142856
37.6
37.11666666666667
37.15
38.2
38.2
36.775
36.775
38.2
36.73333333333333
37.35
36.3
36.3
37.15
37.61666666666667
36.800000000000004
37.78
37.78
38.2
37.36
37.028571428571425
36.96666666666666
37.44285714285714
37.58
36.98571428571428
37.099999999999994
37.099999999999994
37.14
37.128571428571426
37.6
37.166666666666664
37.15714285714285
37.41428571428571
36.8
36.8
37.53333333333333
37.17142857142857
37.040000000000006
37.5
36.85
36.85
37.666666666666664
37.300000000000004
37.13333333333333
37.58571428571429
37.08571428571429
37.08571428571429
37.08571428571429
37.6
36.93333333333334
37.666666666666664
37.666666666666664
37.53333333333333
37.5
37.9
37.9
37.1
37.5
36.833333333333336
37.01428571428572
37.57142857142857
36.86
38.2
38.2
37.05
38.4
38.4
38.4
38.4
38.4
37.875
37.875
37.875
37.63333333333333
37.5
37.5
37.800000000000004
37.06666666666666
36.9
36.9
37.0
37.0
37.4
37.233333333333334
37.35
37.728571428571435
37.300000000000004
37.15
37.239999999999995
37.239999999999995
36.4
37.56666666666666
37.4
37.4
37.74
37.74
37.74
37.06666666666667
37.06666666666667
37.06666666666667
37.06666666666667
37.06666666666667
37.06666666666667
37.06666666666667
36.85
38.13333333333333
37.17142857142857
37.17142857142857
37.17142857142857
37.43333333333333
37.228571428571435
36.9
37.75
37.75
36.96666666666667
38.4
38.4
36.82000000000001
37.474999999999994
37.474999999999994
36.766666666666666
37.67142857142857
37.35
37.9
37.9
36.8
36.8
37.4
37.4
37.4
37.55
37.55
37.2
37.75
37.166666666666664
36.9
37.9
37.9
36.96666666666667
37.62
36.660000000000004
36.660000000000004
38.2
37.160000000000004
37.425
37.425
37.425
36.9
36.9
36.9
37.55
37.55
37.2
37.18
37.550000000000004
36.78
37.74285714285714
36.3
36.3
38.03333333333333
36.98
36.98
38.5
37.75
37.26666666666667
37.18333333333333
37.63333333333333
37.63333333333333
37.1
37.48571428571428
36.8
36.8
38.0
37.0
37.0
36.95
37.775
37.166666666666664
36.957142857142856
38.0
38.0
36.8
37.260000000000005
37.56
37.98571428571429
37.18
37.614285714285714
36.96666666666667
37.8
37.06666666666667
37.06666666666667
37.3
37.44285714285714
37.01428571428572
37.699999999999996
37.199999999999996
37.15
37.78
37.142857142857146
37.31428571428571
37.31428571428571
37.31428571428571
37.31428571428571
37.699999999999996
37.199999999999996
37.1
37.1
36.94
38.2
38.2
36.9
37.23333333333333
37.23333333333333
37.43333333333333
37.46666666666666
37.46666666666666
36.9
37.28333333333333
36.6
36.6
37.0
37.0
37.5
37.5
37.5
37.224999999999994
37.224999999999994
37.224999999999994
37.224999999999994
37.224999999999994
37.75
37.0
37.5
37.63333333333333
36.833333333333336
37.699999999999996
37.55
37.11666666666667
37.11666666666667
38.2
37.1
37.1
37.1
37.45
37.53333333333334
37.32857142857143
37.46666666666667
36.9
36.9
37.75
37.75
37.3
38.1
38.1
36.7
37.35
37.7
37.7
37.7
37.4
37.13333333333333
37.13333333333333
37.825
36.5
36.5
37.8
37.13333333333333
37.13333333333333
37.3
37.3
37.7
36.959999999999994
37.114285714285714
37.67999999999999
37.67999999999999
36.9
36.9
36.9
37.214285714285715
37.4
37.18571428571429
37.760000000000005
37.760000000000005
37.760000000000005
37.28
37.28
37.3
37.449999999999996
37.449999999999996
37.449999999999996
37.449999999999996
37.449999999999996
37.375
37.375
37.1
37.385714285714286
37.5
37.050000000000004
38.4
38.4
38.4
38.4
37.8
37.36666666666667
37.36666666666667
37.75
37.25714285714286
37.666666666666664
37.666666666666664
38.1
37.6125
38.0
38.0
37.4
36.875
36.875
36.6
37.35
37.35
37.0
37.6
37.32
37.56666666666667
37.550000000000004
36.7
36.7
37.42
37.199999999999996
37.6
37.18333333333333
37.699999999999996
37.699999999999996
37.775000000000006
37.775000000000006
37.775000000000006
37.06
37.4
37.4
37.0
38.2
38.2
37.385714285714286
37.56666666666666
37.199999999999996
37.25
37.25
37.1
37.375
37.375
38.4
38.3
38.3
36.775
36.775
36.775
36.85
37.6
37.6
36.85
36.85
36.85
37.3
37.3
37.675
38.1
38.1
38.1
38.1
38.1
38.1
38.1
38.1
38.1
37.4
37.4
37.4
36.9
37.53333333333333
37.160000000000004
37.160000000000004
37.6
37.2
37.2
38.075
37.15
37.65
37.333333333333336
37.300000000000004
38.0
38.0
37.728571428571435
37.03333333333333
37.03333333333333
37.93333333333334
36.4
36.4
36.4
36.4
37.63333333333333
37.63333333333333
36.5
37.4
37.4
37.3
36.96
36.96
37.9
37.0
38.0
38.0
36.86
37.84285714285714
36.8
36.8
37.96666666666667
37.325
37.325
37.325
36.875
38.0
38.0
36.96
37.1
37.1
36.8
37.483333333333334
37.333333333333336
37.75714285714286
37.199999999999996
37.583333333333336
37.583333333333336
37.3
36.728571428571435
36.56666666666667
37.91428571428571
37.13333333333333
37.85
37.85
36.5
38.349999999999994
38.349999999999994
37.2
37.771428571428565
37.166666666666664
37.67142857142857
37.449999999999996
37.13333333333333
37.13333333333333
37.0
37.416666666666664
37.4
38.1
38.1
37.214285714285715
37.61666666666667
36.95
37.56666666666666
37.56666666666666
37.56666666666666
37.57142857142857
37.225
37.225
38.2
38.2
36.5
37.84285714285715
37.84285714285715
37.84285714285715
37.542857142857144
37.459999999999994
37.459999999999994
37.8
37.17142857142857
37.300000000000004
37.300000000000004
37.0
37.51428571428571
37.45
37.45
37.45
36.5
36.5
36.5
36.5
37.266666666666666
37.5
37.17142857142857
37.66
37.199999999999996
37.199999999999996
37.1
36.96666666666667
36.96666666666667
36.96666666666667
37.25
37.25
37.975
37.0
37.0
37.6
36.857142857142854
38.4
38.4
36.6
37.785714285714285
36.5
36.5
37.974999999999994
37.199999999999996
37.35
37.31666666666667
36.84285714285714
37.82857142857143
37.166666666666664
37.36666666666667
37.833333333333336
37.0
37.43333333333334
38.2
38.2
38.2
38.2
37.175
37.766666666666666
37.25
37.55
37.55
36.78
36.78
38.3
37.4
37.4
38.5
37.214285714285715
37.983333333333334
37.1
37.1
37.8
38.2
38.2
38.2
38.2
37.46666666666667
37.39999999999999
37.15
37.449999999999996
37.25714285714286
37.46666666666667
37.4
37.1
37.71666666666667
36.949999999999996
37.05714285714286
37.05714285714286
37.05714285714286
37.75
37.271428571428565
37.43333333333333
37.96666666666667
36.857142857142854
38.4
38.4
37.3
37.11666666666667
37.800000000000004
37.13333333333333
37.13333333333333
37.9
37.35
37.86666666666667
37.86666666666667
37.86666666666667
38.040000000000006
37.5
37.31666666666667
37.88
37.05
37.05
38.2
37.93333333333333
37.04
37.04
37.6
37.36666666666667
37.3
37.9
37.199999999999996
37.03333333333333
37.75714285714286
37.166666666666664
37.51428571428572
37.9
36.96666666666666
37.800000000000004
37.1
37.1
37.4
37.4
37.6
37.583333333333336
37.44285714285714
37.11666666666667
37.11666666666667
37.11666666666667
36.96
37.714285714285715
37.57142857142857
37.239999999999995
37.85
36.7
36.7
37.65
37.357142857142854
37.300000000000004
37.300000000000004
37.300000000000004
36.6
37.72857142857142
37.233333333333334
37.43333333333333
37.885714285714286
37.300000000000004
37.55714285714286
37.71666666666667
37.14
37.14
37.6
36.8
37.5
38.3
38.3
37.5
36.7
36.7
36.7
38.0
37.0
38.4
38.4
36.6
36.6
36.6
36.6
36.6
36.6
37.9
37.279999999999994
37.916666666666664
37.06
37.6
37.6
36.94
37.84285714285714
37.32
37.285714285714285
37.7
37.480000000000004
37.574999999999996
37.94
37.1
37.1
37.5
37.5
37.5
37.5
37.5
37.457142857142856
37.800000000000004
37.6
37.199999999999996
37.983333333333334
37.983333333333334
37.983333333333334
37.92
37.11666666666667
37.5
37.85
37.42857142857143
37.42857142857143
37.42857142857143
37.7
37.74
37.74
36.7
38.06666666666667
38.06666666666667
37.8
37.36666666666667
37.78
36.980000000000004
37.65
37.4
37.4
37.4
36.98
37.85
37.9
37.9
37.56666666666666
37.699999999999996
37.1
38.160000000000004
38.160000000000004
38.160000000000004
37.93333333333333
37.93333333333333
37.4
37.53333333333333
37.800000000000004
37.46666666666667
37.5
37.5
37.833333333333336
37.7
37.7
38.4
37.166666666666664
37.1
37.1
37.3
37.3
37.3
37.2
37.2
37.85
37.6
37.6
37.975
37.24285714285714
37.7
37.6
37.15
37.714285714285715
37.925
37.925
37.0
37.56666666666667
37.266666666666666
37.68333333333334
37.2
37.32857142857143
37.63333333333333
37.63333333333333
37.63333333333333
37.550000000000004
37.357142857142854
37.642857142857146
37.45
37.614285714285714
37.9
37.15714285714286
37.660000000000004
37.471428571428575
37.300000000000004
36.9
37.5
37.1
37.1
37.6
37.25
37.25
37.56
36.6
36.6
37.75
37.5
37.5
37.0
37.2
37.2
37.266666666666666
36.8
36.8
37.300000000000004
37.88
37.5
37.76
37.739999999999995
37.4
38.5
38.5
37.48
37.699999999999996
37.75
37.36666666666667
37.56666666666667
37.02
37.02
37.1
37.4
37.65714285714286
37.949999999999996
36.86666666666667
36.86666666666667
36.86666666666667
37.43333333333333
37.46666666666666
37.46666666666666
37.224999999999994
38.5
38.5
37.949999999999996
37.050000000000004
38.016666666666666
37.0
37.0
37.86666666666667
37.36
37.528571428571425
37.2
37.2
36.7
37.540000000000006
37.540000000000006
37.1
37.583333333333336
37.31666666666667
37.9
37.41428571428571
37.416666666666664
37.699999999999996
37.699999999999996
37.699999999999996
36.6
37.82857142857143
37.21666666666667
37.699999999999996
37.699999999999996
38.0
37.333333333333336
37.65
37.050000000000004
37.75
37.75
37.75
36.9
37.55
37.449999999999996
37.85
37.333333333333336
37.266666666666666
37.88
37.2
37.31428571428571
37.88333333333333
36.95
38.0
37.2625
37.2
37.2
37.800000000000004
37.260000000000005
37.65714285714285
37.6
37.275
37.275
38.5
37.166666666666664
37.557142857142864
38.5
38.5
37.075
37.96666666666667
37.35
37.057142857142864
36.88333333333333
37.9
37.9
38.5
37.7
37.800000000000004
37.166666666666664
37.166666666666664
36.5
36.85
36.85
37.5
37.199999999999996
37.0
37.833333333333336
37.26666666666667
37.15
37.15
37.15
36.725
36.725
37.8
36.95
36.95
37.2
37.58571428571429
37.17999999999999
37.17999999999999
38.3
37.042857142857144
37.660000000000004
37.46666666666667
37.160000000000004
37.12
37.528571428571425
37.55
37.55
37.45
37.54
37.38
37.86666666666667
37.271428571428565
37.266666666666666
37.6
36.7
36.7
37.5
37.62
37.62
36.6
37.733333333333334
37.8
37.8
37.65
37.05
37.05
37.75
37.32857142857143
38.3
38.3
36.925
36.925
36.4
36.4
36.4
36.975
37.483333333333334
37.6
37.6
37.56
37.214285714285715
38.0
37.550000000000004
37.300000000000004
37.81428571428571
37.63333333333333
37.2
37.94
37.516666666666666
37.35
37.35
38.4
37.37142857142857
37.82857142857143
37.65
37.36666666666667
37.75714285714286
37.833333333333336
37.1
38.1
37.75
37.25
37.25
37.25
37.457142857142856
37.2
37.2
37.0
37.9
37.25
37.25
37.766666666666666
36.9
38.3
38.3
36.7
37.05
37.771428571428565
37.050000000000004
37.8
37.8
37.199999999999996
37.96666666666667
37.46666666666666
37.5
37.5
37.9
37.839999999999996
37.839999999999996
37.6
37.4
37.983333333333334
37.08571428571429
38.028571428571425
37.300000000000004
37.583333333333336
38.07142857142857
37.25
37.38333333333333
37.36666666666667
37.36666666666667
37.36666666666667
37.26
37.26
37.26
38.0
37.166666666666664
37.96666666666667
37.4
37.31666666666666
37.88333333333333
37.3
37.3
37.980000000000004
38.4
38.4
37.84
37.84
36.7
37.36666666666667
37.357142857142854
38.5
38.5
37.375
37.375
37.375
38.06666666666667
37.48571428571428
37.699999999999996
37.583333333333336
37.3
37.3
37.9
37.26666666666667
36.6
36.6
37.7
37.416666666666664
37.300000000000004
37.46666666666667
37.46666666666667
37.1
37.1
37.1
37.85
37.85
37.0
36.93333333333333
37.699999999999996
37.63333333333333
38.650000000000006
38.650000000000006
38.650000000000006
37.0
37.32
37.60000000000001
37.60000000000001
37.60000000000001
37.75
37.75
37.2
37.48
37.339999999999996
37.46666666666667
37.46666666666667
38.6
38.6
37.0
37.800000000000004
37.471428571428575
38.11666666666667
36.957142857142856
38.228571428571435
37.13333333333333
37.85
37.15
37.857142857142854
37.81666666666666
37.5
37.46
37.46
37.0
37.0
37.0
38.0
37.64
37.64
36.6
36.6
38.2
37.733333333333334
37.32
37.32
37.6
37.6
37.6
37.24285714285714
37.550000000000004
37.73333333333333
37.9
37.9
37.1
37.85
37.85
37.85
37.85
37.85
37.8
37.8
37.78
37.1
37.1
38.0
37.275
37.275
37.2
37.949999999999996
37.4
37.660000000000004
37.660000000000004
36.9
38.03333333333333
38.03333333333333
37.5
37.6
37.3
37.3
36.833333333333336
38.43333333333333
38.43333333333333
37.275
37.4
37.457142857142856
37.88333333333333
37.233333333333334
37.233333333333334
38.1
37.63333333333333
37.660000000000004
37.150000000000006
38.04
37.1
37.1
38.1
37.266666666666666
37.266666666666666
37.53333333333333
37.74285714285714
36.8
36.8
38.125
37.449999999999996
37.93333333333334
37.93333333333334
38.6
37.57142857142857
38.199999999999996
37.07142857142857
37.3
37.3
37.31666666666666
38.05
36.92
37.9
37.9
37.9
37.9
37.1
38.166666666666664
37.166666666666664
37.85
37.85
37.85
37.85
37.1
37.1
36.86
37.9
37.5
37.628571428571426
37.449999999999996
37.5
36.7
36.7
37.7
37.7
36.7
36.7
36.7
37.82
37.233333333333334
38.028571428571425
37.05
37.05
38.05
37.9
37.9
37.5
37.5
37.7
37.1
38.1
38.1
37.02
37.02
38.3
37.9
37.9
37.175000000000004
37.175000000000004
37.175000000000004
37.175000000000004
37.175000000000004
37.175000000000004
37.175000000000004
37.9
38.0
37.32857142857143
37.9
37.9
36.9
36.6
36.6
36.6
38.1
37.25714285714286
37.96666666666667
37.96666666666667
37.0
37.4
37.6
37.6
37.6
37.6
37.6
37.6
38.4
37.35
37.85
37.050000000000004
37.550000000000004
37.599999999999994
37.599999999999994
38.1
37.15
37.93333333333333
37.25
37.25
38.3
37.55
37.55
37.7
37.15714285714286
38.06
38.06
37.6
38.0
36.6
36.6
37.833333333333336
36.96666666666666
37.800000000000004
37.300000000000004
37.214285714285715
37.871428571428574
37.871428571428574
37.871428571428574
37.82857142857143
37.225
37.225
38.0
38.0
38.0
38.0
38.0
38.0
38.0
38.0
36.5
36.5
36.56666666666667
37.385714285714286
36.833333333333336
36.833333333333336
38.2
37.142857142857146
38.0
36.949999999999996
37.4
37.483333333333334
36.96666666666667
37.5
37.15
37.628571428571426
37.666666666666664
36.9
37.4
37.4
36.9
36.9
36.9
37.300000000000004
36.95
36.95
38.3
38.3
36.7
36.7
36.7
37.550000000000004
36.4
36.4
37.8
36.833333333333336
36.833333333333336
36.833333333333336
36.833333333333336
36.833333333333336
36.833333333333336
36.9
36.9
36.9
36.833333333333336
36.833333333333336
36.833333333333336
36.833333333333336
36.833333333333336
36.833333333333336
36.833333333333336
36.833333333333336
36.833333333333336
36.833333333333336
36.5
36.5
37.833333333333336
37.042857142857144
37.4
37.43333333333334
37.228571428571435
37.54
37.54
36.7
37.660000000000004
37.660000000000004
36.5
37.516666666666666
37.9
37.9
37.35
37.25
37.25
37.666666666666664
37.6
37.6
37.6
37.3
36.6
36.6
37.63333333333333
36.785714285714285
37.86666666666667
37.86666666666667
36.5
36.5
36.5
37.728571428571435
36.983333333333334
37.442857142857136
37.48571428571428
37.300000000000004
37.666666666666664
36.94285714285714
36.94285714285714
37.6
36.94
36.94
38.4
37.38333333333333
37.6
37.6
36.5
37.68
36.72
37.6
37.65
37.7
37.7
37.3
37.550000000000004
37.550000000000004
37.550000000000004
37.550000000000004
37.75
37.55
37.55
37.65
37.457142857142856
37.457142857142856
37.457142857142856
37.93333333333333
37.5
37.43333333333333
37.43333333333333
37.7
37.51428571428572
37.55
37.55
37.0
37.416666666666664
38.4
38.4
37.7
37.471428571428575
37.75714285714286
36.833333333333336
37.75
37.28333333333333
37.17142857142857
37.771428571428565
36.93333333333333
37.65
37.73333333333333
37.73333333333333
36.7
37.2
37.2
37.8
36.980000000000004
36.980000000000004
37.4
37.0
37.628571428571426
37.58571428571429
37.6
37.800000000000004
37.271428571428565
37.81666666666667
37.4
37.32
38.125
38.125
37.0
37.9
37.300000000000004
37.724999999999994
37.724999999999994
36.8
37.84285714285714
36.96666666666666
37.949999999999996
37.416666666666664
37.65
37.65
37.85
37.45714285714286
36.642857142857146
36.642857142857146
38.2
37.9
36.9
36.9
37.0
37.92
37.4
37.35
37.35
37.233333333333334
38.5
38.5
38.5
38.5
38.5
37.05
37.9
37.4
37.4
37.7
37.7
37.7
37.739999999999995
37.550000000000004
37.550000000000004
36.9
37.38
37.38
37.5
37.5
37.5
37.5
37.5
37.5
37.5
37.5
37.5
37.5
37.5
37.075
37.75714285714286
37.65
37.333333333333336
37.785714285714285
36.75
37.0
37.371428571428574
37.92857142857143
37.083333333333336
37.38
37.471428571428575
37.1
38.083333333333336
37.4
37.55714285714286
37.525
37.57142857142857
37.65
37.13333333333333
37.675
37.57142857142857
37.4
37.4
38.1
38.1
38.1
37.25
37.25
37.25
37.14
37.53333333333333
37.660000000000004
37.660000000000004
37.660000000000004
37.94
37.285714285714285
37.96666666666667
37.96666666666667
37.45
37.45
37.45
37.45
38.0
37.083333333333336
38.0
38.0
37.099999999999994
37.857142857142854
36.85
36.85
36.85
37.2
37.68
37.68
36.9
37.81666666666667
37.3
37.3
37.8
37.44
37.857142857142854
37.35
37.628571428571426
37.42
37.333333333333336
37.94
37.449999999999996
37.516666666666666
38.06666666666666
37.38
37.275
37.800000000000004
37.5
37.35
37.74285714285714
37.333333333333336
37.9
37.628571428571426
37.300000000000004
38.0
37.15714285714286
37.56666666666667
37.51666666666667
36.93333333333334
38.1
37.03333333333333
37.03333333333333
38.4
37.55
37.55
37.96666666666667
37.06
37.06
38.0
37.06666666666667
37.92857142857143
36.839999999999996
36.839999999999996
38.6
37.449999999999996
37.63333333333333
37.63333333333333
37.63333333333333
37.1
37.6
37.12
37.86666666666667
37.6
37.271428571428565
37.96666666666667
37.128571428571426
37.25
37.666666666666664
37.142857142857146
37.65
37.025
37.025
37.43333333333333
37.5
37.228571428571435
37.93333333333333
36.86666666666667
38.4
38.4
37.5
37.58
37.5
37.0
37.542857142857144
37.542857142857144
37.542857142857144
37.733333333333334
37.050000000000004
37.56666666666666
37.5
37.266666666666666
37.72857142857142
37.35
37.8
37.8
36.88
37.65
37.5
37.65
37.65
37.8
37.06666666666666
37.6
36.857142857142854
37.800000000000004
37.385714285714286
37.18333333333333
37.885714285714286
37.03333333333333
37.03333333333333
37.03333333333333
37.199999999999996
37.53333333333333
37.53333333333333
37.53333333333333
37.86666666666667
36.86666666666667
37.57142857142857
37.300000000000004
37.5
37.06666666666666
37.06666666666666
37.7
36.9
37.5
37.733333333333334
36.800000000000004
37.699999999999996
37.28
37.58571428571429
37.14
37.14
36.9
37.11666666666667
37.699999999999996
37.41428571428571
37.41428571428571
37.733333333333334
37.0
38.5
38.5
37.26666666666667
37.550000000000004
37.166666666666664
37.550000000000004
37.73333333333333
37.300000000000004
37.93333333333333
37.333333333333336
37.339999999999996
38.3
38.3
37.2
37.699999999999996
36.96666666666667
38.042857142857144
37.9
37.9
36.5
37.833333333333336
37.833333333333336
37.833333333333336
38.1
37.13333333333333
37.13333333333333
37.7
37.7
37.7
37.1
37.1
37.1
37.5
37.07142857142857
37.85
36.86666666666667
38.3
38.3
37.55
37.55
38.5
37.050000000000004
37.82
37.82
36.7
37.68571428571429
37.357142857142854
37.55
37.55
37.36
37.471428571428575
37.96666666666667
37.625
37.625
37.95
37.5
37.5
37.65
37.5
37.5
38.1
37.21666666666667
37.5
37.5
37.5
37.5
37.5
37.31666666666667
37.442857142857136
37.82857142857143
37.4
37.18333333333333
37.93333333333333
37.18
37.18
37.18
36.6
37.75714285714286
37.65
37.65
37.4
37.38
37.625
37.625
37.9
37.9
37.2
37.7
37.7
37.7
37.7
37.260000000000005
37.614285714285714
37.05
37.53333333333333
37.53333333333334
36.86666666666667
38.4
38.4
37.3
37.3
37.3
37.3
37.3
37.3
37.3
37.3
37.3
37.3
37.6
36.5
37.93333333333333
37.15
37.15
37.93333333333333
37.93333333333333
36.6
37.26666666666667
37.385714285714286
37.766666666666666
37.03333333333333
38.05714285714286
37.58571428571429
37.550000000000004
37.471428571428575
37.46666666666667
37.46666666666667
37.199999999999996
38.06666666666666
38.06666666666666
37.199999999999996
37.199999999999996
36.8
38.1
38.1
37.400000000000006
38.0
36.86
36.86
38.3
37.3
37.6
36.94
36.94
36.94
36.94
36.959999999999994
36.959999999999994
37.1
37.25
37.25
37.25
37.233333333333334
37.233333333333334
37.650000000000006
37.650000000000006
37.85
37.25
37.699999999999996
37.699999999999996
37.699999999999996
38.1
37.26666666666667
37.457142857142856
37.614285714285714
37.614285714285714
37.614285714285714
37.199999999999996
38.3
38.3
37.23333333333333
37.51428571428572
38.0
37.15
37.43333333333333
37.43333333333333
37.0
37.900000000000006
37.650000000000006
37.650000000000006
37.9
37.385714285714286
37.642857142857146
37.9
37.9
36.7
37.800000000000004
37.800000000000004
37.2
37.800000000000004
37.36666666666667
37.885714285714286
37.25714285714286
37.800000000000004
37.800000000000004
38.6
37.699999999999996
37.85
37.6
37.6
37.833333333333336
37.5
37.5
37.5
37.5
37.7
37.199999999999996
36.9
36.9
37.23333333333333
37.4
37.4
37.166666666666664
37.75
37.75
36.8
37.333333333333336
37.333333333333336
38.6
37.2
37.2
37.95
37.95
37.95
36.94
37.642857142857146
36.5
36.5
37.92
37.5
37.55
37.48571428571428
37.8
37.8
37.6
36.6
36.6
38.1
37.150000000000006
37.150000000000006
37.7
37.7
37.7
38.03333333333333
36.8
36.8
37.96666666666667
37.4
37.614285714285714
37.78333333333333
38.0
38.0
37.43333333333334
37.43333333333334
37.349999999999994
37.96666666666667
37.0
37.0
37.720000000000006
37.7
37.7
37.3
37.3
37.3
37.3
37.3
37.96666666666666
37.43333333333334
37.43333333333334
37.0
37.25714285714286
37.4
37.4
36.7
36.7
38.14
37.042857142857144
37.93333333333333
36.833333333333336
37.75
36.9
36.9
38.5
36.92
36.92
38.4
38.4
38.1
36.6
36.6
36.6
36.6
36.6
36.6
36.6
36.6
36.6
36.6
37.525000000000006
37.5
38.0
38.46666666666667
37.300000000000004
37.871428571428574
36.9
36.9
37.833333333333336
37.614285714285714
36.5
36.5
37.96666666666667
37.96666666666667
37.3
37.1
37.1
37.8
36.925
36.925
36.925
36.925
36.925
36.93333333333333
36.93333333333333
36.93333333333333
36.93333333333333
36.93333333333333
36.93333333333333
37.5
37.31666666666667
38.5
38.5
37.08
38.142857142857146
36.96666666666666
38.4
38.4
36.7
36.7
37.36
37.6
37.266666666666666
37.266666666666666
37.266666666666666
37.32857142857143
37.86666666666667
37.199999999999996
37.55714285714286
37.62857142857143
36.971428571428575
37.957142857142856
37.275
37.275
38.2
37.25
37.25
37.25
37.857142857142854
37.471428571428575
37.23333333333333
37.23333333333333
37.1
37.68571428571429
37.260000000000005
37.9
37.9
37.385714285714286
37.51428571428572
37.71666666666667
37.300000000000004
37.300000000000004
37.5
37.5
37.4
37.300000000000004
38.03333333333333
38.03333333333333
37.559999999999995
36.61666666666667
37.5
37.3
37.3
37.3
36.839999999999996
37.9
37.050000000000004
37.371428571428574
37.714285714285715
37.1
37.58571428571428
37.75714285714285
36.98571428571428
38.45
38.45
37.5
37.5
38.2
37.67999999999999
37.67999999999999
36.8
38.06666666666667
37.6
37.6
37.9
38.1
38.1
36.6
36.6
36.6
36.6
36.6
36.6
37.975
37.416666666666664
37.416666666666664
37.416666666666664
37.540000000000006
37.300000000000004
37.300000000000004
37.6
36.86666666666667
36.86666666666667
37.6
37.050000000000004
37.65714285714286
37.266666666666666
37.925
37.925
37.099999999999994
37.099999999999994
37.95
37.95
37.95
37.13333333333333
36.8
36.8
37.4
37.728571428571435
37.728571428571435
37.728571428571435
37.86
37.34285714285714
37.550000000000004
37.800000000000004
37.660000000000004
37.166666666666664
37.800000000000004
37.800000000000004
37.800000000000004
37.5
38.7
38.7
37.3
37.3
37.5
37.5
36.7
37.38
37.55714285714286
37.55714285714286
37.55714285714286
38.12
38.12
36.9
37.65
36.94
36.94
37.849999999999994
36.86
37.45
37.45
36.92
37.4
37.4
37.875
37.875
37.875
37.34285714285714
37.400000000000006
37.400000000000006
38.2
37.45
37.45
37.38
37.4
37.4
36.4
36.4
37.7
37.449999999999996
37.15
37.54
37.54
36.9
36.9
38.1
37.54
37.54
36.8
37.86666666666667
37.0
37.0
37.56
36.96666666666667
38.06666666666667
38.06666666666667
38.06666666666667
38.06666666666667
38.06666666666667
37.525
37.525
37.8
37.8
37.7
36.971428571428575
38.2
38.2
37.2
37.23333333333333
37.23333333333333
37.6
37.325
37.325
37.666666666666664
37.25
37.25
37.42
37.42
37.42
36.56
36.56
37.333333333333336
38.36666666666667
37.65
37.3
37.3
37.86
36.95
36.95
38.0
37.11666666666667
37.65
37.25714285714286
37.25714285714286
37.25714285714286
37.35
37.35
37.8
37.6
37.6
37.6
37.6
37.6
37.6
37.6
37.6
37.55
37.55
37.1
37.3
37.3
37.75
37.349999999999994
37.349999999999994
37.8
36.857142857142854
37.44285714285714
36.800000000000004
36.800000000000004
37.0
37.0
37.0
37.339999999999996
37.9
37.9
37.642857142857146
36.925
36.925
37.6
37.26666666666667
37.26666666666667
38.5
37.18333333333333
37.714285714285715
37.714285714285715
37.8
37.8
37.8
38.04
37.385714285714286
37.300000000000004
36.55714285714286
37.825
37.825
37.825
37.825
37.825
37.3
37.728571428571435
36.9
36.9
37.93333333333333
37.93333333333333
37.93333333333333
37.3
37.3
37.4
37.42
37.42
37.5
37.43333333333333
38.0
38.0
36.9
36.9
38.1
37.51666666666667
37.760000000000005
37.760000000000005
38.3
37.416666666666664
37.416666666666664
37.416666666666664
37.53333333333333
37.0
37.0
37.0
37.0
37.0
37.0
38.5
38.5
37.325
37.325
37.325
37.528571428571425
37.528571428571425
37.528571428571425
37.349999999999994
37.349999999999994
37.225
38.0
37.57142857142857
37.4
37.4
37.8
37.67142857142857
37.666666666666664
37.75
37.43333333333333
37.43333333333333
38.5
38.5
37.400000000000006
37.940000000000005
37.2
37.2
37.9
37.9
36.9
37.885714285714286
37.166666666666664
37.166666666666664
37.166666666666664
37.166666666666664
36.9
36.9
36.9
37.13333333333333
38.12
38.12
38.12
38.12
38.12
38.2
37.642857142857146
37.55
37.55
36.8
36.8
36.8
37.36
37.36
38.3
37.5
37.82857142857143
37.6
37.36666666666667
37.96666666666667
36.7
36.7
37.5
37.5
37.63333333333333
37.63333333333333
37.849999999999994
37.199999999999996
37.199999999999996
37.199999999999996
37.333333333333336
37.733333333333334
37.733333333333334
37.733333333333334
37.733333333333334
37.8
37.78
37.78
37.7
37.56666666666667
37.885714285714286
36.980000000000004
37.714285714285715
36.6
36.6
37.64
37.471428571428575
37.4
37.4
38.2
38.2
38.2
37.075
37.9
37.03333333333334
37.35
37.6
37.214285714285715
37.53333333333334
37.714285714285715
37.714285714285715
37.714285714285715
37.78
37.271428571428565
37.5
38.125
38.125
36.6
38.2
38.2
36.98
37.7
37.7
37.1
37.1
37.1
37.1
37.1
37.1
37.63333333333333
37.63333333333333
37.63333333333333
37.642857142857146
37.11666666666667
37.45
37.45
37.300000000000004
37.300000000000004
38.2
37.57142857142857
37.1
37.1
37.8
37.8
37.8
37.7
37.7
36.8
38.6
38.6
37.4
37.4
37.4
37.45
37.45
37.45
38.1
38.1
38.1
38.1
38.1
37.766666666666666
38.0
38.0
37.65
38.5
38.5
37.6
37.6
38.13333333333333
38.13333333333333
37.3
37.75
37.4
37.4
38.6
37.5
37.833333333333336
37.833333333333336
37.2
37.4
37.4
37.666666666666664
37.666666666666664
37.666666666666664
37.2
37.650000000000006
37.650000000000006
38.1
38.1
37.56666666666666
37.56666666666666
37.56666666666666
37.925
37.925
37.0
38.1
37.3
37.3
37.974999999999994
37.275
37.275
37.275
37.275
37.2
37.9
37.9
37.64
37.64
37.8
38.0
38.0
38.120000000000005
37.68333333333333
37.8
37.8
38.7
38.7
37.75
37.75
36.8
37.93333333333333
37.574999999999996
37.574999999999996
38.175
37.1
37.1
38.2
37.46666666666667
37.46666666666667
38.2
37.457142857142856
37.6
37.833333333333336
37.300000000000004
37.300000000000004
38.1
37.400000000000006
37.400000000000006
38.26666666666667
37.6
37.6
38.150000000000006
37.7
37.7
38.0
37.699999999999996
37.699999999999996
38.7
37.5
38.416666666666664
38.416666666666664
36.9
37.75
37.75
37.2
37.73333333333333
37.73333333333333
37.849999999999994
37.849999999999994
38.3
37.449999999999996
38.02857142857143
37.38
37.771428571428565
37.771428571428565
37.771428571428565
38.13333333333333
38.13333333333333
38.2
37.76666666666667
37.675
37.675
37.8
38.0
37.81428571428571
37.457142857142856
37.85
37.85
37.260000000000005
38.2
37.7
37.885714285714286
37.959999999999994
37.959999999999994
37.959999999999994
38.175
37.449999999999996
37.449999999999996
37.449999999999996
37.56666666666667
38.1
38.1
37.86
37.67142857142857
37.0
37.0
38.02
37.76666666666667
37.666666666666664
37.666666666666664
36.9
37.81666666666667
37.43333333333333
37.785714285714285
37.949999999999996
37.949999999999996
37.4
38.050000000000004
37.81666666666667
37.86666666666667
37.2
37.2
37.58
38.0
38.0
38.0
38.0
38.0
37.15
37.15
37.15
37.15
37.15
37.15
37.660000000000004
37.95
37.81666666666666
37.51428571428571
37.9
37.6
37.6
37.7
37.666666666666664
37.8
38.17142857142857
37.65
37.8
37.8
37.6
38.0
37.9
37.48571428571428
37.8
37.4
37.4
37.599999999999994
37.46666666666667
37.46666666666667
37.65
37.75714285714286
37.25
38.11428571428571
37.95
37.95
37.625
37.93333333333333
37.93333333333333
37.93333333333333
38.8
37.4
37.4
38.06
37.65
38.233333333333334
37.75
37.75
37.5
37.8
37.63333333333333
38.15
37.6
37.61666666666667
37.96666666666667
37.5
37.800000000000004
38.1
37.63333333333333
37.78
37.68333333333333
37.67999999999999
37.959999999999994
37.949999999999996
37.54
37.54
37.54
37.48571428571428
37.733333333333334
37.81666666666667
37.46666666666667
37.75714285714286
38.142857142857146
37.6
37.32
38.2
38.2
37.800000000000004
38.06666666666666
37.67142857142857
37.699999999999996
37.88333333333333
37.75
37.75
37.75
37.1
37.1
37.1
37.88333333333333
37.4
38.199999999999996
37.4
37.4
38.4
38.028571428571425
37.35
37.3
37.3
37.825
37.825
37.825
37.825
37.1
38.3
38.3
37.375
38.239999999999995
37.35
37.35
38.7
37.75
37.43333333333334
38.18333333333334
37.75714285714286
37.349999999999994
37.349999999999994
37.349999999999994
37.4
37.75
37.75
37.6
38.0
36.9
36.9
38.1
38.1
37.7
37.550000000000004
36.9
36.9
37.58
38.300000000000004
37.55
37.68571428571429
38.050000000000004
37.666666666666664
37.666666666666664
37.6
37.0
37.0
38.03333333333333
38.03333333333333
38.1
37.76666666666667
38.3
38.3
37.1
38.057142857142864
38.057142857142864
38.057142857142864
37.95
38.185714285714276
37.666666666666664
37.82
37.82
38.7
37.6
37.9
37.9
37.349999999999994
37.349999999999994
37.349999999999994
37.4
37.98571428571428
37.81428571428571
37.6
38.8
38.8
38.8
37.2
38.12
38.12
37.5
38.233333333333334
37.9
37.58571428571429
38.266666666666666
38.042857142857144
37.42
38.128571428571426
37.73333333333333
37.300000000000004
37.95
37.95
37.5
37.84285714285715
37.85
37.85
37.9
37.9
37.9
37.9
37.9
37.9
37.9
37.9
38.0
38.0
38.2
37.9
37.8
37.8
37.65
38.160000000000004
38.160000000000004
38.5
37.75
38.199999999999996
37.583333333333336
37.583333333333336
37.583333333333336
37.9
37.385714285714286
37.385714285714286
37.385714285714286
37.4
38.166666666666664
37.800000000000004
37.36666666666667
38.08571428571429
37.56666666666666
37.56666666666666
37.96666666666667
37.96666666666667
37.96666666666667
37.92857142857143
37.9
37.5
37.5
38.5
37.43333333333333
38.333333333333336
37.6
37.82857142857143
37.7
37.7
37.7
37.7
37.7
37.8
37.1
37.1
37.1
37.1
38.7
38.7
36.8
38.75
38.75
38.25
38.25
38.8
37.44285714285714
37.44285714285714
37.44285714285714
37.44285714285714
37.6
37.6
37.6
38.28
37.57142857142857
37.5
37.5
37.54
38.15
38.042857142857144
37.64
37.64
38.8
37.51428571428571
37.63333333333333
37.725
37.725
37.5
37.5
37.5
38.15
38.15
38.15
38.15
38.1
37.528571428571425
37.3
37.3
37.6
37.61666666666667
38.1
37.333333333333336
37.949999999999996
38.125
38.125
37.3
38.0
38.0
37.5
38.12857142857143
37.65
37.93333333333334
38.239999999999995
38.0
38.0
38.48
37.68
37.642857142857146
37.885714285714286
37.93333333333333
37.5
38.5
38.5
38.5
38.5
38.5
38.5
38.5
38.5
38.5
38.5
38.5
38.5
38.5
38.5
38.150000000000006
37.7
37.7
37.7
37.7
37.699999999999996
38.13333333333333
38.13333333333333
37.6
37.525
36.9
36.9
36.9
38.42
37.56666666666667
37.725
37.725
37.725
37.725
37.725
37.725
37.725
37.725
38.1
37.67142857142857
38.083333333333336
37.528571428571425
37.75
37.766666666666666
37.483333333333334
38.175
38.175
38.0
38.0
38.0
37.4
37.457142857142856
37.81666666666667
37.6
37.3
38.1
37.13333333333333
37.614285714285714
37.980000000000004
37.43333333333334
37.528571428571425
37.85
37.46666666666667
37.457142857142856
37.699999999999996
37.339999999999996
37.339999999999996
38.5
38.5
38.5
37.35
37.35
37.35
37.7
37.471428571428575
38.18333333333334
37.43333333333334
37.714285714285715
38.26666666666667
38.0
38.0
38.0
38.0
37.333333333333336
37.9
37.34285714285714
37.949999999999996
37.7
37.7
38.18
37.32000000000001
37.32000000000001
38.8
37.43333333333333
38.050000000000004
38.050000000000004
36.8
38.17999999999999
38.17999999999999
37.2
38.1
37.48571428571428
37.95
37.4
37.96666666666667
37.96666666666667
38.3
37.766666666666666
38.07142857142857
37.48333333333333
37.728571428571435
37.23333333333333
37.23333333333333
37.766666666666666
37.36666666666667
37.8
37.8
37.42
37.81428571428571
37.0
37.0
37.7
37.68571428571429
37.64
37.64
37.64
37.64
37.93333333333334
37.93333333333334
37.199999999999996
37.81666666666666
37.542857142857144
38.0
37.733333333333334
37.61666666666667
38.15
37.5
37.84285714285714
38.2
37.199999999999996
37.85
37.85
37.4
37.728571428571435
37.4
37.4
37.2
38.6
38.6
37.5
37.5
38.4
37.68
37.96666666666667
37.9
37.9
38.08
37.3
37.3
37.233333333333334
38.5
38.5
37.3
37.885714285714286
37.480000000000004
37.480000000000004
38.0
37.93333333333333
37.93333333333333
37.099999999999994
38.25
37.7
38.4
38.4
38.4
38.4
38.4
37.52
36.8
36.8
38.239999999999995
37.4
37.4
38.6
37.4
37.4
38.4
37.300000000000004
37.91428571428571
37.239999999999995
37.239999999999995
38.7
37.56666666666667
37.7
37.7
36.8
37.93333333333333
37.333333333333336
37.333333333333336
37.333333333333336
38.7
38.7
37.325
38.300000000000004
37.6
37.86666666666667
37.91428571428571
37.5
37.5
37.5
37.5
37.5
37.5
37.5
37.82857142857143
37.46666666666666
37.46666666666666
37.4
37.4
38.2
38.266666666666666
37.65714285714286
37.9
37.88333333333333
37.88333333333333
37.88333333333333
37.88333333333333
37.17999999999999
38.25
37.6
37.875
37.98571428571428
37.25
37.0
38.199999999999996
37.32000000000001
37.32000000000001
37.3
38.1
37.285714285714285
38.06666666666666
38.06666666666666
38.06666666666666
38.1
38.1
37.35
38.1
37.483333333333334
37.483333333333334
37.483333333333334
37.483333333333334
37.74
37.84285714285715
37.8
37.8
38.25
37.56666666666667
37.8
37.8
36.9
37.5
37.5
37.2
37.2
38.6
37.959999999999994
37.63333333333333
37.63333333333333
37.666666666666664
37.93333333333333
37.371428571428574
37.9
37.9
37.36666666666667
38.28
37.4
37.4
37.4
37.1
37.92857142857143
37.92857142857143
37.92857142857143
38.2
37.63333333333333
37.63333333333333
37.63333333333333
37.81428571428571
37.733333333333334
37.925
37.925
37.6
37.628571428571426
37.8
37.75
37.75
37.75
37.88571428571429
37.56
37.92
37.92
37.92
36.8
36.8
38.0
37.5
37.5
38.5
37.7
37.7
38.5
37.55
37.55
37.475
37.475
38.6
37.7
37.7
38.2
38.2
38.2
38.2
37.46666666666667
38.17142857142857
37.733333333333334
37.63333333333333
38.333333333333336
37.9
37.63333333333333
38.016666666666666
37.4
37.85
38.53333333333333
38.53333333333333
37.2
38.15
37.9
37.9
38.5
37.7
37.86666666666667
37.86666666666667
37.75
37.75
37.8
37.56666666666666
38.15
37.63333333333333
37.4
37.4
37.0
37.0
37.75
38.18571428571429
37.1
37.1
37.1
37.1
37.95
38.199999999999996
37.550000000000004
37.8
37.8
38.266666666666666
37.6
37.63333333333333
38.05
37.2
37.2
38.4
37.8
37.8
37.6
37.6
37.61666666666667
38.06
37.666666666666664
37.58
37.58
38.7
37.48
37.75
37.916666666666664
37.3
37.5
37.5
37.0
38.0
38.0
38.0
37.7
38.1
38.1
37.95
37.2
37.2
37.54
37.6
37.6
37.86666666666667
37.86666666666667
37.86666666666667
37.725
38.025
38.025
37.9
37.73333333333333
37.73333333333333
38.0
38.0
38.0
37.7
37.86
37.699999999999996
37.771428571428565
38.08
38.08
38.08
38.08
38.08
38.08
37.800000000000004
37.5
37.5
37.733333333333334
37.733333333333334
38.4
37.5
37.971428571428575
37.5
37.75
37.75
37.8
38.120000000000005
38.120000000000005
38.8
37.666666666666664
37.5
37.5
37.6
37.6
38.142857142857146
37.86666666666667
37.86666666666667
37.733333333333334
37.733333333333334
37.1
38.05
37.78333333333333
37.5
37.5
37.5
37.75
37.75
37.65
37.65
37.65
38.3
38.3
37.36666666666667
37.36666666666667
37.36666666666667
37.36666666666667
37.9
38.349999999999994
38.349999999999994
36.8
37.9
37.1
37.1
37.925
37.54
37.54
37.6
38.06
38.06
38.06
37.93333333333333
37.483333333333334
37.519999999999996
38.2
37.849999999999994
37.849999999999994
37.980000000000004
37.43333333333333
37.62857142857143
38.7
38.7
37.3
38.1
37.81428571428571
37.5
37.5
38.166666666666664
37.300000000000004
36.9
36.9
37.53333333333333
37.92857142857143
37.949999999999996
37.599999999999994
37.599999999999994
38.5
37.325
37.325
37.325
37.699999999999996
37.44
38.01428571428572
37.260000000000005
38.0
38.0
37.766666666666666
37.675
38.5
38.5
37.833333333333336
38.2
38.2
38.1
37.225
38.3
38.3
38.3
38.3
38.1
37.449999999999996
37.166666666666664
38.325
38.325
37.5
37.0
37.0
37.239999999999995
37.53333333333334
38.15
37.266666666666666
37.983333333333334
37.75714285714286
37.28
38.040000000000006
37.92
37.92
37.92
37.92
37.92
37.25
37.73333333333333
37.73333333333333
37.2
37.583333333333336
36.8
36.8
37.5
36.8
36.8
37.7
37.96666666666667
37.55714285714286
37.5
37.5
37.82
37.82
37.82
37.9
37.81666666666667
37.85
37.1
37.1
37.599999999999994
38.12
37.42
37.53333333333333
38.0
37.725
37.733333333333334
37.733333333333334
38.5
37.43333333333333
38.400000000000006
38.400000000000006
38.4
38.04
38.04
38.0
37.65
37.4
37.4
37.4
37.3
37.583333333333336
37.628571428571426
38.26666666666667
38.26666666666667
38.26666666666667
38.18
37.516666666666666
37.516666666666666
37.516666666666666
37.516666666666666
37.516666666666666
37.6
37.879999999999995
37.879999999999995
38.3
37.61666666666667
37.300000000000004
37.300000000000004
37.1
37.1
37.1
38.15
38.15
37.0
37.949999999999996
37.63333333333333
37.74285714285714
38.6
38.6
37.349999999999994
37.349999999999994
37.8
37.65714285714286
37.68333333333333
37.68333333333333
38.4
37.459999999999994
37.666666666666664
37.9
37.6
37.800000000000004
37.800000000000004
38.6
37.54
37.54
36.9
38.3
38.3
38.3
37.6
37.550000000000004
37.57142857142857
37.660000000000004
37.660000000000004
37.7
37.67142857142857
37.55
37.9
37.416666666666664
37.416666666666664
37.2
38.3
38.3
36.9
36.9
38.0
37.325
37.7
37.7
37.62
37.62
37.62
37.9
36.8
36.8
37.4
37.4
37.4
37.4
37.4
36.96666666666667
36.96666666666667
36.96666666666667
36.96666666666667
37.475
37.475
37.4
37.4
37.4
37.0
38.0
38.0
38.0
38.0
37.980000000000004
37.5
37.5
37.0
37.53333333333333
37.53333333333333
37.53333333333333
37.53333333333333
38.1
38.1
36.93333333333333
36.93333333333333
38.5
37.9
38.13333333333333
38.13333333333333
37.733333333333334
37.833333333333336
37.26666666666667
37.26666666666667
37.15
37.980000000000004
37.44285714285714
37.35
38.2
38.2
38.2
38.2
38.2
38.2
37.166666666666664
38.040000000000006
38.040000000000006
38.03333333333333
37.54
37.65714285714286
37.9
38.46
38.7
38.7
37.26666666666667
37.26666666666667
37.4
38.0
37.9
37.9
37.52
38.040000000000006
37.51428571428572
37.516666666666666
37.8
37.8
37.8
37.68333333333333
37.68571428571429
37.599999999999994
37.53333333333333
38.05
38.05
36.8
37.8
37.8
37.2
38.2
38.2
38.6
38.6
38.6
37.68
37.51666666666667
37.614285714285714
37.980000000000004
37.666666666666664
37.666666666666664
37.5
37.233333333333334
38.25
38.25
38.25
37.5
37.92857142857143
37.56666666666666
37.56666666666666
37.975
38.0
38.0
37.4
37.4
38.2
37.519999999999996
37.74285714285714
37.75
37.1
37.1
38.5
37.550000000000004
37.550000000000004
36.9
36.9
36.9
37.35
37.2
37.2
37.2
37.2
37.4
38.03333333333333
37.5
37.5
37.2
38.0
38.1
38.1
38.300000000000004
37.57142857142857
37.46
38.233333333333334
38.233333333333334
37.3
37.3
37.6
38.8
38.8
38.0
38.2
38.2
37.839999999999996
38.050000000000004
38.050000000000004
38.2
38.8
38.8
37.62
37.62
37.85
38.06666666666667
37.5
37.96
37.96
37.6
37.5
37.5
37.8
37.43333333333333
38.150000000000006
38.150000000000006
37.7
38.3
38.3
38.05
37.733333333333334
37.739999999999995
37.739999999999995
37.739999999999995
37.739999999999995
37.739999999999995
37.5
37.55
37.55
37.55
37.6
37.6
37.6
37.6
37.6
37.6
38.7
37.766666666666666
37.728571428571435
37.75714285714286
38.36666666666667
38.36666666666667
38.1
37.55714285714286
37.9
37.86666666666667
37.86666666666667
37.3
37.3
37.6
37.699999999999996
37.75
37.9
37.949999999999996
37.06
37.06
37.4
38.06
37.825
37.67999999999999
37.56666666666666
37.56666666666666
38.3
38.016666666666666
38.233333333333334
37.699999999999996
37.75
37.8
37.971428571428575
38.0
38.0
38.8
37.628571428571426
38.3
38.3
38.8
38.8
37.3
38.58
38.58
37.5
38.233333333333334
38.233333333333334
38.075
38.333333333333336
38.333333333333336
38.13333333333333
37.957142857142856
37.2
37.2
37.2
37.6
38.0
38.0
37.9
37.957142857142856
38.0
37.900000000000006
37.900000000000006
37.666666666666664
38.2
37.6
37.6
37.6
38.08
38.08
38.7
37.900000000000006
37.900000000000006
37.900000000000006
37.82
37.775
37.775
38.6
38.5
38.5
38.08
37.64
37.64
38.0
38.0
38.0
37.733333333333334
38.8
38.8
37.3
37.3
37.6
37.6
38.7
37.5
37.5
37.9
38.15
37.1
37.1
37.1
37.6
37.6
37.3
37.3
38.4
38.4
38.4
37.92857142857143
38.099999999999994
37.53333333333333
37.53333333333333
37.599999999999994
38.1
37.1
37.1
37.900000000000006
38.150000000000006
37.82000000000001
38.0
37.775000000000006
37.775000000000006
38.9
38.9
38.9
38.239999999999995
37.7
38.1
38.1
38.45
37.76666666666667
37.76666666666667
38.349999999999994
37.9
37.800000000000004
37.53333333333333
37.53333333333333
38.8
38.8
37.1
37.1
37.1
37.9
38.01428571428572
37.63333333333333
37.65
37.03333333333333
37.03333333333333
37.03333333333333
38.6
38.6
37.55
37.55
37.4
37.4
37.4
37.68
37.8
37.8
37.739999999999995
37.785714285714285
38.6
38.6
37.2
38.349999999999994
38.349999999999994
38.349999999999994
38.349999999999994
38.349999999999994
38.349999999999994
38.349999999999994
38.349999999999994
38.349999999999994
38.349999999999994
38.349999999999994
38.349999999999994
37.1
37.949999999999996
37.85
37.68571428571429
38.08
38.08
38.4
38.4
38.4
38.239999999999995
38.239999999999995
38.8
37.87142857142857
38.050000000000004
37.7
37.9
37.9
37.9
37.56666666666667
38.06666666666667
38.06666666666667
38.06666666666667
38.8
38.8
38.8
38.8
38.8
38.8
38.8
38.8
37.65
37.6
37.0
37.0
37.0
37.0
36.9
37.642857142857146
37.4
38.18
38.18
37.7
37.3
37.3
37.3
37.71666666666667
37.5
37.82857142857143
37.82857142857143
38.0
38.0
38.0
37.43333333333333
37.43333333333333
37.06666666666666
37.06666666666666
37.06666666666666
37.6
38.333333333333336
38.333333333333336
37.4
37.4
37.0
37.95
37.95
37.45
37.51428571428572
38.42
38.42
37.95
37.699999999999996
38.34
38.34
37.266666666666666
37.266666666666666
37.2
37.2
37.2
37.67142857142857
37.68
37.94285714285714
37.550000000000004
37.385714285714286
37.96
37.53333333333333
37.53333333333333
37.12
38.4
38.4
38.0
37.57142857142857
37.96666666666667
37.885714285714286
37.371428571428574
37.333333333333336
38.5
38.5
36.8
38.4
38.4
37.525
37.349999999999994
37.349999999999994
37.5
37.483333333333334
37.53333333333333
37.53333333333333
37.65
37.48333333333333
37.266666666666666
38.4
38.4
37.5
38.0
38.0
37.56
37.325
37.325
37.2
37.2
38.5
37.22
37.771428571428565
37.44
37.357142857142854
37.949999999999996
37.949999999999996
37.949999999999996
37.949999999999996
37.949999999999996
37.4
37.4
37.4
37.1
37.5
37.5
37.3
37.63333333333333
37.2
37.2
37.266666666666666
37.266666666666666
37.8
37.36
37.31428571428571
37.31428571428571
37.31428571428571
37.57142857142857
37.442857142857136
37.724999999999994
37.724999999999994
38.3
37.55
37.55
37.625
37.266666666666666
37.266666666666666
37.7
37.78
37.63333333333333
37.63333333333333
37.3
37.800000000000004
38.2
38.2
36.9
36.9
37.42
37.48571428571428
37.75
37.666666666666664
37.65
37.36666666666667
37.36666666666667
37.5
37.333333333333336
37.333333333333336
37.1
37.9
37.6
37.525
38.15
38.15
38.5
37.38
37.6
37.6
37.6
38.03333333333334
38.03333333333334
38.2
37.550000000000004
37.93333333333333
37.93333333333333
37.675
37.31666666666666
37.58571428571429
37.65
37.733333333333334
37.73333333333333
38.199999999999996
38.199999999999996
37.46666666666667
37.05
37.05
37.0
37.0
37.36666666666667
37.2
37.2
37.44
37.5
37.0
37.0
37.9
37.9
36.8
37.65
37.771428571428565
37.771428571428565
37.771428571428565
37.65
37.65
37.9
37.385714285714286
37.385714285714286
37.385714285714286
38.3
38.3
38.3
38.3
37.875
37.875
38.1
37.42857142857143
37.4
37.47142857142857
37.65
37.65
37.3
37.3
37.3
37.720000000000006
37.2
37.2
38.2
38.2
38.2
37.73333333333333
37.68333333333334
37.6
37.4
37.4
37.75
36.7
36.7
37.5
37.5
38.025
37.48
37.48
37.9
37.9
38.4
37.3
37.76666666666667
37.76666666666667
38.1
37.699999999999996
37.699999999999996
38.0
38.3
38.3
37.58
37.075
37.075
37.075
37.075
37.075
37.839999999999996
38.099999999999994
38.099999999999994
36.8
36.8
37.65
37.62857142857143
37.75
37.2
37.2
36.95
36.95
37.6
37.1
37.1
37.0
37.78
37.78
37.65
37.542857142857144
37.75
37.733333333333334
37.23333333333333
37.23333333333333
36.7
37.3
37.3
37.800000000000004
37.56666666666667
37.56666666666667
36.9
37.75714285714286
37.699999999999996
37.699999999999996
37.7
37.1
37.1
37.6
38.025
38.025
38.4
37.65
37.666666666666664
38.4
38.4
37.5
37.5
37.5
37.2
37.2
37.4
37.4
37.9
38.4
38.4
37.666666666666664
37.3
37.95
37.95
37.65
37.9
37.9
37.8
37.333333333333336
37.9
37.9
37.45
37.45
37.75
37.85
37.85
37.85
37.14
37.699999999999996
38.01666666666667
38.01666666666667
38.01666666666667
37.62
37.775
37.775
37.75
37.175
38.019999999999996
37.63333333333333
37.63333333333333
37.325
37.86666666666667
37.86666666666667
37.86666666666667
37.775
37.775
37.25
37.25
37.25
37.279999999999994
37.85
37.68333333333334
37.542857142857144
37.96666666666667
37.96666666666667
38.5
37.0
37.0
37.666666666666664
37.58571428571429
37.699999999999996
37.771428571428565
38.15
38.15
37.86
37.81428571428571
37.7
37.7
37.88
37.4
37.4
37.4
37.900000000000006
37.900000000000006
38.0
37.325
37.325
37.0
38.300000000000004
38.300000000000004
37.7
37.7
37.7
37.7
37.7
36.9
36.9
37.05
37.05
37.300000000000004
37.300000000000004
37.300000000000004
37.2
37.2
37.46
37.46
37.0
37.0
37.0
37.43333333333333
37.699999999999996
37.771428571428565
37.05
37.05
36.9
37.4
37.4
37.275
37.275
36.9
38.0
38.2
38.2
37.3
37.74285714285714
37.6
37.6
37.300000000000004
37.949999999999996
37.949999999999996
37.949999999999996
37.471428571428575
38.125
38.125
38.5
37.42857142857143
36.9
36.9
37.2
37.2
37.65
37.98
37.98
38.5
37.76666666666667
37.76666666666667
37.7
37.05
37.05
37.125
37.125
37.5
37.67142857142857
37.44285714285714
37.23333333333333
37.0
37.0
37.78
37.78
37.3
37.9
37.9
37.9
37.6
37.53333333333334
37.483333333333334
37.85
37.85
37.43333333333333
37.75
37.75
37.75
37.75
37.1
37.1
37.1
37.0
37.642857142857146
37.733333333333334
38.3
38.3
37.2
37.333333333333336
37.333333333333336
37.7
37.614285714285714
38.4
38.4
37.333333333333336
37.2
37.2
37.9
37.9
37.9
38.3
38.3
36.8
37.78333333333333
37.55714285714286
37.38333333333333
37.38333333333333
37.38333333333333
37.38333333333333
38.25
37.666666666666664
37.666666666666664
37.666666666666664
37.28
37.28
37.2
37.2
38.3
38.03333333333333
38.03333333333333
37.233333333333334
37.9
37.9
37.575
38.26666666666667
38.26666666666667
37.666666666666664
37.8
37.8
38.6
38.6
37.88
37.699999999999996
37.614285714285714
37.642857142857146
37.46666666666667
37.58571428571429
37.714285714285715
37.714285714285715
37.714285714285715
37.8
37.8
37.4
37.516666666666666
38.2
38.2
37.96666666666667
37.96666666666667
37.8
37.2
37.2
36.8
37.099999999999994
37.099999999999994
37.480000000000004
37.480000000000004
37.480000000000004
37.557142857142864
37.34285714285715
37.300000000000004
37.239999999999995
37.239999999999995
38.3
37.1
37.1
37.1
37.1
37.1
36.975
36.975
36.975
38.125
38.125
37.6
37.4
37.199999999999996
37.7
37.57142857142857
37.25714285714286
37.25714285714286
37.25714285714286
37.666666666666664
37.528571428571425
37.5
37.5
37.9
37.542857142857144
37.542857142857144
37.542857142857144
37.542857142857144
37.542857142857144
37.542857142857144
37.542857142857144
37.542857142857144
37.542857142857144
37.542857142857144
37.542857142857144
37.542857142857144
37.542857142857144
37.542857142857144
37.542857142857144
37.542857142857144
37.542857142857144
37.3
37.25
37.25
37.5
37.5
38.3
37.42857142857143
37.75
37.65714285714286
36.975
36.975
37.45
37.53333333333334
37.2
37.2
37.56666666666666
37.56666666666666
37.5
37.025
37.025
37.1
38.3
38.3
37.019999999999996
37.63333333333333
38.4
38.4
38.4
38.4
37.699999999999996
37.47142857142857
37.542857142857144
37.542857142857144
37.542857142857144
37.542857142857144
37.542857142857144
37.542857142857144
37.542857142857144
36.7
38.0
37.6
36.9
36.9
37.650000000000006
37.650000000000006
37.650000000000006
37.650000000000006
37.650000000000006
37.35
37.35
37.416666666666664
37.416666666666664
37.416666666666664
37.416666666666664
37.416666666666664
37.400000000000006
37.766666666666666
36.9
36.9
36.6
37.449999999999996
37.449999999999996
37.449999999999996
37.666666666666664
37.666666666666664
36.8
37.1
37.62857142857143
37.03333333333333
37.03333333333333
37.0
37.160000000000004
37.04
37.04
37.04
37.8
38.25
38.25
36.6
36.6
36.6
36.6
36.6
36.6
37.5
37.5
36.3
37.25
37.0
37.0
36.7
37.03333333333333
37.05
37.8
37.8
36.6
37.64
37.64
38.1
38.1
38.1
37.099999999999994
37.099999999999994
36.775
37.86
36.75
37.7
37.7
36.739999999999995
37.35
37.35
37.53333333333333
37.13333333333333
37.385714285714286
36.6
36.6
36.875
36.699999999999996
36.699999999999996
36.8
37.333333333333336
37.1
36.9
37.385714285714286
37.31666666666667
37.35
37.35
37.266666666666666
36.92857142857143
37.128571428571426
37.128571428571426
37.03333333333333
37.03333333333333
38.2
38.2
37.166666666666664
37.166666666666664
36.4
37.46666666666666
36.67142857142857
37.05714285714286
37.1
36.6
36.6
36.96
36.96
36.96
36.75
37.39999999999999
37.35
36.94285714285714
37.24285714285714
37.1
37.2
37.2
38.2
38.2
38.2
36.9
37.199999999999996
37.35
37.35
36.3
37.08571428571429
36.885714285714286
37.550000000000004
37.03333333333333
37.03333333333333
37.15
37.15
36.3
38.2
38.2
36.93333333333333
36.93333333333333
38.2
36.4
36.4
36.800000000000004
37.666666666666664
37.260000000000005
36.699999999999996
37.714285714285715
36.64
36.64
36.64
38.0
37.2
37.371428571428574
36.82857142857143
37.56666666666667
37.24285714285714
37.0
37.8
37.8
36.7
36.7
37.9
37.1
37.1
37.559999999999995
36.98571428571428
37.58
36.699999999999996
37.800000000000004
37.800000000000004
38.0
36.6
36.6
36.8
37.55
37.55
37.55
37.75
37.75
37.05
37.3
37.3
36.8
36.8
36.8
36.8
36.8
36.8
36.7
37.1
37.7
37.7
36.760000000000005
37.8
37.0375
37.875
37.875
37.35
37.75
37.17142857142857
37.333333333333336
37.52857142857143
36.95
37.56666666666667
37.18571428571429
36.75714285714286
37.699999999999996
37.13333333333333
36.9
37.74285714285714
36.71666666666667
36.71666666666667
36.71666666666667
36.71666666666667
36.71666666666667
37.73333333333333
37.4
37.042857142857144
37.449999999999996
37.357142857142854
37.11666666666667
37.65
37.65
37.65
37.8
37.8
37.0
37.685714285714276
37.24285714285714
36.94
36.94
36.94
38.2
38.2
38.2
38.349999999999994
38.349999999999994
36.7
37.300000000000004
37.15714285714286
37.75
37.1
37.65714285714286
37.442857142857136
36.8
36.8
37.739999999999995
36.9
37.75714285714286
37.042857142857144
37.5
37.5
36.5
36.5
38.1
37.25
37.11666666666667
37.71666666666667
37.199999999999996
37.199999999999996
38.1
37.34285714285715
38.125
38.125
37.23333333333333
37.9
37.55
37.55
37.5
37.4
37.4
37.8
37.228571428571435
37.68571428571429
38.2
38.44285714285714
37.35
37.75714285714286
37.699999999999996
37.300000000000004
38.6
38.6
37.074999999999996
37.957142857142856
36.7
36.7
37.980000000000004
37.0
37.0
38.05
37.228571428571435
38.5
38.5
37.224999999999994
37.67142857142857
37.957142857142856
37.26666666666667
37.542857142857144
37.6
37.6
37.6
37.6
37.6
37.95
37.95
38.0
38.083333333333336
37.5
37.73333333333333
37.73333333333333
37.675
37.6
38.01428571428572
37.371428571428574
37.74285714285714
37.88
37.88
37.25
37.75
37.2125
37.800000000000004
37.3
37.3
37.5
37.550000000000004
37.550000000000004
37.550000000000004
36.9
36.9
38.3
37.35
38.06666666666667
37.800000000000004
37.63333333333333
37.63333333333333
37.63333333333333
37.449999999999996
37.733333333333334
37.34
37.34
37.2
37.6
37.68333333333334
37.68333333333334
38.7
37.728571428571435
37.949999999999996
37.32857142857143
37.65
37.65
37.42
37.785714285714285
37.7
37.7
37.43333333333333
37.43333333333333
38.7
38.7
38.7
37.23333333333333
37.86
37.86
37.86
37.7
37.78333333333333
37.425
38.0
37.3
37.3
37.720000000000006
37.45
37.550000000000004
37.550000000000004
37.550000000000004
36.7
37.81428571428571
37.34
37.34
38.6
37.771428571428565
37.771428571428565
37.771428571428565
37.38
37.38
37.75
37.4
19.650000000000002
0.8
0.8
0.8
0.8
0.8
0.8000000000000002
0.8
0.8
0.75
0.75
0.75
0.8
0.8
0.8
0.8000000000000002
0.7857142857142857
0.75
0.8
0.8
0.8
0.8
0.8000000000000002
0.7857142857142857
0.7625
0.8
0.8
0.8
0.8
0.8000000000000002
0.72
0.72
0.8
0.7285714285714285
0.75
0.7571428571428571
0.7333333333333334
0.8
0.8
0.8000000000000002
0.8000000000000002
0.8
0.8
0.78
0.78
0.8
0.8
0.8000000000000002
0.8000000000000002
0.8
0.7333333333333334
0.8
0.8
0.76
0.7166666666666667
0.7166666666666667
0.8
0.8
0.8
0.7285714285714285
0.7666666666666666
0.8
0.8000000000000002
0.8
0.8000000000000002
0.8
0.8
0.76
0.8
0.8
0.8
0.8
0.8
0.8000000000000002
0.8000000000000002
0.8000000000000002
0.74
0.8000000000000002
0.8000000000000002
0.8
0.8000000000000002
0.8000000000000002
0.74
0.7857142857142857
0.8
0.8
0.8
0.8
0.7666666666666666
0.7666666666666666
0.8
0.76
0.8
0.8
0.8000000000000002
0.8000000000000002
0.8000000000000002
0.7333333333333334
0.7333333333333334
0.8
0.8
0.7571428571428571
0.8
0.8
0.8000000000000002
0.7333333333333334
0.7333333333333334
0.8000000000000002
0.8
0.8
0.8
0.8
0.8
0.8
0.7571428571428571
0.8
0.7285714285714285
0.75
0.75
0.8
0.7714285714285715
0.7571428571428571
0.7333333333333334
0.7333333333333334
0.8
0.7285714285714285
0.7666666666666666
0.8000000000000002
0.7833333333333333
0.7833333333333333
0.7833333333333333
0.8000000000000002
0.8000000000000002
0.775
0.725
0.725
0.725
0.725
0.725
0.725
0.8
0.7166666666666667
0.7333333333333334
0.7333333333333334
0.74
0.8000000000000002
0.8000000000000002
0.8000000000000002
0.8
0.8
0.8
0.8
0.8
0.8
0.8
0.775
0.775
0.8000000000000002
0.8
0.8
0.8
0.8
0.8
0.8000000000000002
0.8000000000000002
0.7
0.7
0.8
0.8
0.8
0.8
0.6999999999999998
0.8
0.8
0.8
0.8
0.8
0.8
0.8
0.8
0.8
0.8
0.8
0.8
0.8
0.775
0.775
0.775
0.775
0.775
0.7
0.75
0.75
0.8
0.8
0.8
0.7285714285714285
0.7666666666666666
0.75
0.6999999999999998
0.7571428571428571
0.7666666666666666
0.7666666666666666
0.7666666666666666
0.8000000000000002
0.8000000000000002
0.8000000000000002
0.7
0.8
0.8
0.8000000000000002
0.8000000000000002
0.8000000000000002
0.8000000000000002
0.8000000000000002
0.8000000000000002
0.7428571428571429
0.7333333333333334
0.8
0.8
0.8
0.8
0.8
0.8
0.8
0.8
0.8
0.8
0.8
0.8
0.8
0.775
0.775
0.8000000000000002
0.8000000000000002
0.8000000000000002
0.8000000000000002
0.8
0.8
0.8
0.7333333333333334
0.75
0.8
0.8000000000000002
0.8000000000000002
0.8
0.8
0.8
0.8
0.8
0.8
0.8
0.8
0.8
0.8
0.8
0.8
0.7875000000000001
0.75
0.75
0.75
0.8
0.8
0.8000000000000002
0.8
0.8000000000000002
0.7857142857142857
0.8
0.8
0.8
0.8
0.8
0.8
0.8
0.8000000000000002
0.8000000000000002
0.8
0.8
0.8
0.8
0.8
0.8
0.8
0.8
0.8
0.8
0.8
0.8
0.8
0.75
0.75
0.7
0.7166666666666667
0.7166666666666667
0.8
0.775
0.7666666666666666
0.8
0.8000000000000002
0.8000000000000002
0.75
0.775
0.775
0.7666666666666666
0.7666666666666666
0.8
0.7428571428571429
0.7
0.7
0.7166666666666667
0.7666666666666666
0.7666666666666666
0.8
0.7333333333333334
0.75
0.8
0.8
0.8
0.8
0.8
0.8
0.8
0.8
0.7
0.6999999999999998
0.7571428571428571
0.7666666666666666
0.8000000000000002
0.8000000000000002
0.8
0.76
0.7
0.7
0.7
0.7
0.7
0.8000000000000002
0.8
0.8
0.8
0.8
0.8
0.8
0.8
0.8
0.8000000000000002
0.8
0.8
0.8
0.8
0.8
0.8
0.8
0.8
0.8
0.8
0.8
0.8
0.8
0.8
0.8
0.8
0.8
0.8
0.8
0.7833333333333333
0.7571428571428571
0.7571428571428571
0.7571428571428571
0.8
0.8
0.75
0.75
0.8
0.8000000000000002
0.8
0.8
0.8000000000000002
0.7428571428571429
0.775
0.775
0.775
0.8
0.7857142857142857
0.7857142857142857
0.7857142857142857
0.7666666666666666
0.7666666666666666
0.8
0.8
0.8
0.7666666666666666
0.7666666666666666
0.8
0.8
0.8
0.8
0.8
0.7333333333333334
0.7333333333333334
0.7333333333333334
0.8000000000000002
0.8
0.8
0.8
0.7833333333333333
0.7833333333333333
0.7833333333333333
0.7833333333333333
0.7833333333333333
0.6999999999999998
0.7285714285714285
0.8
0.8
0.75
0.775
0.775
0.8
0.8
0.8
0.8
0.8
0.7666666666666666
0.7666666666666666
0.8
0.8
0.6999999999999998
0.7666666666666666
0.7666666666666666
0.8
0.8
0.7857142857142857
0.725
0.725
0.8
0.8
0.8
0.74
0.6999999999999998
0.75
0.75
0.7333333333333334
0.8
0.8
0.8000000000000002
0.8000000000000002
0.8000000000000002
0.8000000000000002
0.8000000000000002
0.8000000000000002
0.8
0.8
0.8
0.8
0.8
0.8
0.8
0.8
0.8
0.8
0.8
0.8000000000000002
0.8000000000000002
0.8000000000000002
0.8000000000000002
0.8000000000000002
0.8
0.8
0.8
0.8000000000000002
0.8000000000000002
0.8
0.8
0.8
0.8000000000000002
0.8
0.8
0.8000000000000002
0.8000000000000002
0.8
0.8
0.8000000000000002
0.8000000000000002
0.8000000000000002
0.8
0.7285714285714285
0.7285714285714285
0.7285714285714285
0.7833333333333333
0.7833333333333333
0.7833333333333333
0.7833333333333333
0.6999999999999998
0.7
0.75
0.75
0.8
0.8
0.7833333333333333
0.7833333333333333
0.7833333333333333
0.8
0.8
0.76
0.6999999999999998
0.7
0.7
0.75
0.8
0.8
0.8
0.8
0.8
0.8
0.8
0.8
0.8
0.8
0.8
0.8
0.8
0.8
0.8
0.8000000000000002
0.8000000000000002
0.8
0.8000000000000002
0.8
0.8
0.8
0.7333333333333334
0.7
0.7
0.7666666666666666
0.725
0.7666666666666666
0.72
0.72
0.8
0.8
0.8
0.8
0.8
0.775
0.7571428571428571
0.7
0.7
0.7333333333333334
0.76
0.76
0.8
0.8
0.8
0.8
0.8
0.8
0.8
0.8000000000000002
0.8000000000000002
0.8000000000000002
0.8000000000000002
0.8000000000000002
0.8
0.8
0.8
0.8
0.8
0.8
0.7714285714285715
0.8
0.8
0.8
0.8
0.8
0.8
0.7
0.7
0.8000000000000002
0.7833333333333333
0.7833333333333333
0.7833333333333333
0.8000000000000002
0.8000000000000002
0.8000000000000002
0.8000000000000002
0.8000000000000002
0.8
0.8
0.8000000000000002
0.775
0.775
0.7
0.7428571428571429
0.8
0.8
0.8
0.8
0.8
0.8
0.8
0.8
0.8
0.8
0.7666666666666666
0.7666666666666666
0.7571428571428571
0.8000000000000002
0.74
0.7833333333333333
0.7714285714285715
0.8
0.8
0.8000000000000002
0.8
0.8
0.8
0.8000000000000002
0.8000000000000002
0.8
0.7571428571428571
0.725
0.725
0.725
0.8
0.8000000000000002
0.8000000000000002
0.8
0.8
0.76
0.7666666666666666
0.7666666666666666
0.8000000000000002
0.8000000000000002
0.7285714285714285
0.6999999999999998
0.6999999999999998
0.7
0.75
0.75
0.8000000000000002
0.7428571428571429
0.8000000000000002
0.72
0.72
0.8
0.8
0.8
0.8000000000000002
0.8000000000000002
0.8000000000000002
0.8
0.8
0.8
0.8
0.8
0.8
0.8000000000000002
0.75
0.7333333333333334
0.7333333333333334
0.8
0.8000000000000002
0.8
0.8
0.8
0.725
0.7166666666666667
0.7166666666666667
0.8
0.8
0.8
0.75
0.75
0.75
0.75
0.8
0.7333333333333334
0.8000000000000002
0.8
0.8
0.7333333333333334
0.7333333333333334
0.75
0.7666666666666666
0.75
0.75
0.8
0.8
0.8
0.8
0.7
0.7
0.8
0.8
0.8000000000000002
0.7166666666666667
0.7666666666666666
0.8000000000000002
0.74
0.8
0.8
0.8000000000000002
0.75
0.75
0.75
0.7571428571428571
0.8
0.8
0.7666666666666666
0.75
0.75
0.8000000000000002
0.78
0.78
0.7
0.7285714285714285
0.8000000000000002
0.8000000000000002
0.7166666666666667
0.7857142857142857
0.7333333333333334
0.7
0.75
0.75
0.7
0.7
0.7833333333333333
0.8000000000000002
0.75
0.8
0.8
0.8
0.8
0.8
0.7666666666666666
0.7666666666666666
0.7666666666666666
0.8
0.8
0.8
0.8
0.8
0.8000000000000002
0.8000000000000002
0.725
0.8
0.8
0.8
0.8000000000000002
0.8
0.8
0.8
0.8
0.8
0.8
0.8
0.8000000000000002
0.8
0.8
0.8
0.8
0.8
0.725
0.7428571428571429
0.7714285714285715
0.7333333333333334
0.7333333333333334
0.75
0.75
0.8
0.8
0.8000000000000002
0.8000000000000002
0.8
0.8
0.8
0.8000000000000002
0.7428571428571429
0.7333333333333334
0.8000000000000002
0.8
0.8
0.8
0.8
0.8
0.8000000000000002
0.8000000000000002
0.8000000000000002
0.8
0.8
0.8
0.8
0.7666666666666666
0.7666666666666666
0.7666666666666666
0.6999999999999998
0.6999999999999998
0.8
0.76
0.76
0.75
0.75
0.75
0.7
0.7
0.7
0.7
0.7
0.75
0.72
0.72
0.7
0.7571428571428571
0.7571428571428571
0.7833333333333333
0.7571428571428571
0.7333333333333334
0.7428571428571429
0.7333333333333334
0.7571428571428571
0.7833333333333333
0.7857142857142857
0.7571428571428571
0.8000000000000002
0.7666666666666666
0.75
0.75
0.7
0.7
0.7
0.7666666666666666
0.8
0.7571428571428571
0.8
0.8
0.8000000000000002
0.8000000000000002
0.8
0.7666666666666666
0.7333333333333334
0.7333333333333334
0.725
0.7166666666666667
0.7875000000000001
0.7666666666666666
0.7571428571428571
0.75
0.75
0.75
0.7285714285714285
0.8
0.8000000000000002
0.7428571428571429
0.8000000000000002
0.8000000000000002
0.8
0.8000000000000002
0.8
0.8000000000000002
0.7666666666666666
0.7666666666666666
0.7
0.7833333333333333
0.7428571428571429
0.8000000000000002
0.7571428571428571
0.8
0.8
0.8000000000000002
0.8000000000000002
0.8
0.8
0.8
0.7857142857142857
0.7666666666666666
0.7
0.7857142857142857
0.7857142857142857
0.7666666666666666
0.7666666666666666
0.7857142857142857
0.8000000000000002
0.7833333333333333
0.7428571428571429
0.8
0.7333333333333334
0.7
0.8000000000000002
0.8000000000000002
0.8
0.8
0.8
0.8
0.7666666666666666
0.7666666666666666
0.8
0.7428571428571429
0.7333333333333334
0.8
0.7428571428571429
0.7666666666666666
0.76
0.76
0.8
0.8
0.8
0.75
0.7285714285714285
0.8
0.8
0.8
0.8
0.8
0.8
0.8
0.8
0.8
0.74
0.75
0.75
0.7166666666666667
0.7666666666666666
0.8
0.8
0.8
0.8
0.78
0.78
0.8
0.7857142857142857
0.6999999999999998
0.7857142857142857
0.7666666666666666
0.7714285714285715
0.8
0.8
0.8
0.75
0.8
0.8
0.8
0.8
0.8
0.8
0.7714285714285715
0.7714285714285715
0.75
0.7833333333333333
0.74
0.8
0.8
0.8
0.8
0.8
0.8
0.8
0.8000000000000002
0.8000000000000002
0.7
0.8000000000000002
0.74
0.74
0.74
0.8
0.7333333333333334
0.8166666666666668
0.825
0.825
0.8
0.7285714285714285
0.78
0.8
0.7333333333333334
0.8
0.7857142857142857
0.75
0.75
0.8
0.8
0.8000000000000002
0.8000000000000002
0.8
0.8000000000000002
0.8
0.8000000000000002
0.7714285714285715
0.7166666666666667
0.7166666666666667
0.8
0.74
0.76
0.76
0.76
0.8000000000000002
0.6999999999999998
0.7571428571428571
0.7833333333333333
0.74
0.7833333333333333
0.7714285714285715
0.7833333333333333
0.7333333333333334
0.7333333333333334
0.7166666666666667
0.7666666666666666
0.8
0.8
0.8
0.7428571428571429
0.75
0.75
0.7666666666666666
0.7142857142857143
0.7428571428571429
0.8
0.8000000000000002
0.8
0.8
0.8000000000000002
0.7857142857142857
0.7666666666666666
0.7571428571428571
0.7166666666666667
0.7166666666666667
0.8
0.7333333333333334
0.7285714285714285
0.7666666666666666
0.7571428571428571
0.8000000000000002
0.8
0.8
0.8
0.7333333333333334
0.74
0.74
0.8
0.72
0.72
0.7666666666666666
0.8000000000000002
0.8
0.8
0.7285714285714285
0.8142857142857143
0.8666666666666667
0.8666666666666667
0.8666666666666667
0.8
0.8
0.7
0.7571428571428571
0.8000000000000002
0.7428571428571429
0.8000000000000002
0.8
0.8000000000000002
0.7857142857142857
0.7428571428571429
0.7
0.7857142857142857
0.7285714285714285
0.7833333333333333
0.8000000000000002
0.7571428571428571
0.8000000000000002
0.8
0.8000000000000002
0.8
0.7142857142857143
0.7
0.8
0.8000000000000002
0.8000000000000002
0.8
0.8
0.8
0.8
0.8000000000000002
0.78
0.78
0.8
0.75
0.7857142857142857
0.8
0.7333333333333334
0.6999999999999998
0.7428571428571429
0.75
0.75
0.8
0.8
0.7666666666666666
0.7714285714285715
0.8000000000000002
0.8
0.8
0.8
0.8
0.7428571428571429
0.7571428571428571
0.8000000000000002
0.7
0.7857142857142857
0.8
0.7428571428571429
0.75
0.8000000000000002
0.7833333333333333
0.7333333333333334
0.7333333333333334
0.8
0.7166666666666667
0.7571428571428571
0.75
0.7333333333333334
0.8
0.75
0.8
0.8
0.8
0.7
0.8000000000000002
0.7166666666666667
0.7714285714285715
0.8000000000000002
0.7
0.7833333333333333
0.8
0.8
0.8
0.7571428571428571
0.75
0.76
0.76
0.8
0.7666666666666666
0.7166666666666667
0.8
0.8
0.8
0.7285714285714285
0.76
0.76
0.8
0.7142857142857143
0.75
0.75
0.8000000000000002
0.8
0.8
0.8
0.8
0.7333333333333334
0.7333333333333334
0.7333333333333334
0.7333333333333334
0.8
0.8000000000000002
0.75
0.75
0.8
0.7571428571428571
0.7
0.7
0.8000000000000002
0.8000000000000002
0.8000000000000002
0.8000000000000002
0.8
0.74
0.75
0.7714285714285715
0.7428571428571429
0.8
0.8
0.8
0.8
0.8
0.8
0.8
0.8
0.8
0.8
0.76
0.8
0.8
0.75
0.75
0.7857142857142857
0.75
0.75
0.75
0.7714285714285715
0.8000000000000002
0.8000000000000002
0.8
0.7666666666666666
0.7666666666666666
0.8000000000000002
0.74
0.74
0.74
0.8
0.8
0.75
0.7
0.7
0.7
0.7166666666666667
0.8000000000000002
0.7571428571428571
0.8
0.7428571428571429
0.8
0.8
0.8
0.8
0.775
0.7333333333333334
0.7333333333333334
0.8
0.8
0.8
0.8
0.8
0.8
0.8
0.8
0.8
0.8
0.8
0.8
0.7333333333333334
0.8
0.8
0.8
0.8
0.8
0.725
0.725
0.725
0.8
0.8000000000000002
0.78
0.78
0.78
0.78
0.8
0.8000000000000002
0.7666666666666666
0.7571428571428571
0.7666666666666666
0.7666666666666666
0.7666666666666666
0.8000000000000002
0.8000000000000002
0.8
0.7428571428571429
0.8
0.8
0.8
0.8
0.7857142857142857
0.725
0.725
0.8
0.7428571428571429
0.8
0.8
0.8
0.8
0.8
0.8
0.8000000000000002
0.8
0.8
0.8
0.7166666666666667
0.7166666666666667
0.8
0.7833333333333333
0.75
0.75
0.8
0.8
0.7428571428571429
0.8
0.75
0.7833333333333333
0.8
0.75
0.8
0.7428571428571429
0.7
0.7714285714285715
0.7714285714285715
0.7714285714285715
0.8000000000000002
0.7714285714285715
0.725
0.725
0.725
0.725
0.7166666666666667
0.8
0.8
0.8
0.8
0.8
0.7428571428571429
0.8
0.7333333333333334
0.7666666666666666
0.7666666666666666
0.8
0.8
0.8
0.8000000000000002
0.74
0.74
0.8000000000000002
0.8000000000000002
0.8
0.7428571428571429
0.7571428571428571
0.7333333333333334
0.8
0.8
0.7333333333333334
0.8
0.8000000000000002
0.8
0.7333333333333334
0.7333333333333334
0.7333333333333334
0.8
0.8000000000000002
0.7857142857142857
0.7571428571428571
0.8
0.8
0.8
0.8
0.75
0.75
0.75
0.8
0.8
0.8
0.8
0.8
0.8
0.8
0.8
0.8000000000000002
0.8
0.8
0.8000000000000002
0.8
0.8
0.8
0.7857142857142857
0.7571428571428571
0.7428571428571429
0.75
0.75
0.8
0.8
0.8
0.8
0.8
0.8000000000000002
0.8000000000000002
0.8
0.8
0.8000000000000002
0.8000000000000002
0.7833333333333333
0.725
0.8000000000000002
0.7428571428571429
0.7714285714285715
0.7
0.7666666666666666
0.8000000000000002
0.8000000000000002
0.7
0.6999999999999998
0.8
0.8
0.8
0.8
0.8
0.8
0.8
0.8
0.8
0.8
0.8
0.8000000000000002
0.7714285714285715
0.7714285714285715
0.8
0.8
0.8
0.8
0.8
0.7333333333333334
0.8
0.8
0.76
0.75
0.75
0.7333333333333334
0.8
0.8000000000000002
0.7833333333333333
0.7833333333333333
0.75
0.7666666666666666
0.7666666666666666
0.7714285714285715
0.8
0.7571428571428571
0.7714285714285715
0.7666666666666666
0.8
0.8
0.8
0.7666666666666666
0.7
0.7
0.725
0.725
0.8
0.75
0.775
0.775
0.775
0.775
0.775
0.775
0.775
0.775
0.775
0.775
0.775
0.8
0.8
0.78
0.78
0.75
0.8
0.8
0.8000000000000002
0.7571428571428571
0.7833333333333333
0.8
0.8
0.8000000000000002
0.7714285714285715
0.8
0.8
0.8
0.8
0.8
0.8
0.8
0.8
0.75
0.75
0.8
0.8
0.8
0.7666666666666666
0.7666666666666666
0.7
0.7857142857142857
0.74
0.74
0.74
0.8
0.8
0.8
0.8
0.8
0.8
0.78
0.78
0.78
0.7428571428571429
0.7571428571428571
0.75
0.75
0.8000000000000002
0.8
0.8
0.8
0.8000000000000002
0.8
0.8
0.725
0.8000000000000002
0.7428571428571429
0.7
0.7
0.8
0.8
0.8
0.8
0.8
0.8000000000000002
0.7714285714285715
0.7714285714285715
0.7714285714285715
0.7428571428571429
0.8
0.8
0.8
0.8
0.8
0.7
0.7
0.7
0.75
0.75
0.8
0.7571428571428571
0.72
0.8
0.8
0.8
0.8
0.8000000000000002
0.8000000000000002
0.8000000000000002
0.8
0.8
0.8000000000000002
0.7428571428571429
0.7
0.7666666666666666
0.8
0.8
0.8
0.8000000000000002
0.8000000000000002
0.8000000000000002
0.8
0.8
0.8
0.6999999999999998
0.7666666666666666
0.7666666666666666
0.8000000000000002
0.8000000000000002
0.8000000000000002
0.75
0.8
0.78
0.78
0.78
0.78
0.7
0.8
0.8
0.8
0.8000000000000002
0.8000000000000002
0.8
0.75
0.75
0.8000000000000002
0.7666666666666666
0.75
0.75
0.8
0.8
0.8
0.7666666666666666
0.7666666666666666
0.8
0.75
0.7857142857142857
0.8
0.8
0.8
0.7571428571428571
0.8000000000000002
0.8000000000000002
0.8
0.8
0.7333333333333334
0.7714285714285715
0.8
0.8
0.76
0.7285714285714285
0.8000000000000002
0.8000000000000002
0.8
0.8
0.8
0.8
0.72
0.72
0.72
0.72
0.72
0.8
0.7714285714285715
0.7666666666666666
0.7666666666666666
0.8
0.8
0.8
0.8
0.8
0.8000000000000002
0.8000000000000002
0.8000000000000002
0.75
0.8
0.8
0.8000000000000002
0.8000000000000002
0.8
0.8000000000000002
0.8000000000000002
0.8
0.8
0.8
0.775
0.775
0.8
0.8
0.8
0.8
0.8
0.8000000000000002
0.8
0.78
0.78
0.7
0.75
0.75
0.8
0.8
0.8
0.8
0.8
0.8
0.8000000000000002
0.8000000000000002
0.8000000000000002
0.8000000000000002
0.8000000000000002
0.8
0.8
0.8
0.8
0.8
0.7
0.75
0.75
0.8
0.8
0.8
0.8
0.8
0.8
0.74
0.74
0.8
0.8000000000000002
0.8
0.8
0.8
0.8
0.8
0.8
0.8000000000000002
0.8
0.8
0.8000000000000002
0.8000000000000002
0.8000000000000002
0.8000000000000002
0.8000000000000002
0.8000000000000002
0.8000000000000002
0.8000000000000002
0.8000000000000002
0.8000000000000002
0.8000000000000002
0.8
0.8
0.8
0.8
0.8
0.8
0.8
0.75
0.8000000000000002
0.8000000000000002
0.8
0.8
0.8
0.8
0.8
0.8000000000000002
0.75
0.75
0.8
0.75
0.8000000000000002
0.8000000000000002
0.8
0.8000000000000002
0.8
0.8
0.8
0.8
0.8
0.75
0.7571428571428571
0.7666666666666666
0.75
0.75
0.75
0.8
0.8
0.8
0.8
0.7571428571428571
0.78
0.78
0.78
0.78
0.75
0.8
0.8
0.8000000000000002
0.8
0.8
0.8
0.8
0.8
0.8
0.8
0.75
0.8000000000000002
0.8
0.8
0.8
0.7
0.7
0.725
0.725
0.8
0.8
0.775
0.775
0.8
0.8000000000000002
0.8000000000000002
0.8
0.8000000000000002
0.8
0.8
0.725
0.725
0.8
0.7333333333333334
0.7333333333333334
0.8
0.8
0.8
0.7428571428571429
0.8000000000000002
0.8000000000000002
0.8
0.8
0.8
0.8000000000000002
0.8
0.8
0.8
0.8000000000000002
0.8000000000000002
0.8000000000000002
0.8
0.8000000000000002
0.8000000000000002
0.8
0.8
0.7571428571428571
0.8
0.8
0.74
0.8000000000000002
0.8000000000000002
0.8
0.8000000000000002
0.8000000000000002
0.8000000000000002
0.8000000000000002
0.8000000000000002
0.8
0.8000000000000002
0.8
0.8
0.8000000000000002
0.8
0.8
0.8000000000000002
0.8000000000000002
0.78
0.78
0.78
0.78
0.78
0.78
0.7833333333333333
0.8000000000000002
0.8000000000000002
0.8
0.8000000000000002
0.8
0.8
0.8
0.7333333333333334
0.8
0.8
0.8
0.76
0.76
0.76
0.8000000000000002
0.75
0.72
0.7333333333333334
0.7
0.7
0.8000000000000002
0.8000000000000002
0.8000000000000002
0.8000000000000002
0.8000000000000002
0.8
0.8
0.8
0.8
0.76
0.7833333333333333
0.7833333333333333
0.8
0.8000000000000002
0.8000000000000002
0.8
0.75
0.75
0.775
0.8000000000000002
0.8
0.8000000000000002
0.8000000000000002
0.8
0.8
0.75
0.7714285714285715
0.8000000000000002
0.7428571428571429
0.8000000000000002
0.8000000000000002
0.8
0.8
0.8
0.8
0.8
0.8
0.8
0.8
0.78
0.75
0.75
0.8000000000000002
0.7571428571428571
0.75
0.75
0.8
0.8
0.7666666666666666
0.7666666666666666
0.7666666666666666
0.8
0.725
0.725
0.8000000000000002
0.8
0.8
0.8000000000000002
0.8000000000000002
0.8000000000000002
0.8
0.8
0.8
0.8
0.8000000000000002
0.7571428571428571
0.8
0.7
0.7714285714285715
0.76
0.76
0.8000000000000002
0.8
0.8
0.725
0.7666666666666666
0.7714285714285715
0.8
0.8000000000000002
0.8000000000000002
0.8000000000000002
0.76
0.76
0.76
0.76
0.8000000000000002
0.8000000000000002
0.8
0.8
0.8
0.75
0.75
0.7
0.7166666666666667
0.7333333333333334
0.8
0.8
0.8
0.8
0.7428571428571429
0.7666666666666666
0.7714285714285715
0.7714285714285715
0.7714285714285715
0.8000000000000002
0.8000000000000002
0.8000000000000002
0.8
0.8
0.8
0.8
0.8
0.8000000000000002
0.7333333333333334
0.7333333333333334
0.7571428571428571
0.8000000000000002
0.8
0.75
0.75
0.75
0.75
0.75
0.75
0.75
0.75
0.75
0.75
0.6999999999999998
0.8
0.8
0.8000000000000002
0.8
0.8
0.8000000000000002
0.7666666666666666
0.7666666666666666
0.7428571428571429
0.7571428571428571
0.8
0.8
0.8
0.8
0.8000000000000002
0.8
0.74
0.8
0.8
0.78
0.7571428571428571
0.7571428571428571
0.7666666666666666
0.75
0.75
0.8
0.8000000000000002
0.7833333333333333
0.7833333333333333
0.7833333333333333
0.8000000000000002
0.8000000000000002
0.8000000000000002
0.7666666666666666
0.7666666666666666
0.7666666666666666
0.8
0.8
0.8
0.8
0.8000000000000002
0.8
0.8
0.8
0.775
0.8
0.8
0.8000000000000002
0.8
0.8
0.8
0.8
0.8
0.8
0.8
0.8000000000000002
0.8
0.8
0.8000000000000002
0.8000000000000002
0.8
0.8
0.8
0.8
0.8
0.75
0.74
0.74
0.8
0.8
0.8
0.8
0.7666666666666666
0.7285714285714285
0.7285714285714285
0.7285714285714285
0.8
0.7
0.7
0.7166666666666667
0.7166666666666667
0.8
0.8
0.8
0.8000000000000002
0.8
0.8
0.8
0.8000000000000002
0.8000000000000002
0.8
0.8
0.7
0.7714285714285715
0.8
0.8
0.8
0.8000000000000002
0.8000000000000002
0.8
0.8
0.7428571428571429
0.8000000000000002
0.775
0.775
0.775
0.8000000000000002
0.8
0.8
0.8
0.8
0.8
0.8
0.8
0.8
0.8
0.78
0.8
0.8
0.72
0.72
0.7
0.7571428571428571
0.725
0.725
0.8000000000000002
0.8000000000000002
0.8000000000000002
0.775
0.775
0.8000000000000002
0.8
0.7833333333333333
0.74
0.74
0.74
0.74
0.8
0.8
0.8
0.8000000000000002
0.8000000000000002
0.8000000000000002
0.8000000000000002
0.8
0.7428571428571429
0.8
0.8
0.8
0.8
0.8000000000000002
0.7857142857142857
0.7
0.7833333333333333
0.75
0.75
0.8
0.75
0.75
0.7
0.7714285714285715
0.8000000000000002
0.8
0.8
0.8
0.8
0.75
0.75
0.7
0.7
0.7
0.7
0.7
0.7
0.7
0.7833333333333333
0.7833333333333333
0.7833333333333333
0.7833333333333333
0.8
0.8
0.8
0.8000000000000002
0.7714285714285715
0.8
0.8
0.8
0.8
0.8000000000000002
0.8
0.8
0.8
0.7666666666666666
0.7666666666666666
0.8
0.8
0.75
0.75
0.7428571428571429
0.7714285714285715
0.7666666666666666
0.7666666666666666
0.8
0.74
0.74
0.8
0.8
0.8000000000000002
0.7714285714285715
0.7666666666666666
0.7
0.7
0.8
0.8000000000000002
0.8000000000000002
0.8
0.8
0.8
0.7
0.775
0.775
0.8000000000000002
0.7571428571428571
0.8
0.76
0.76
0.8
0.8000000000000002
0.8000000000000002
0.8
0.8
0.8000000000000002
0.8
0.8
0.8
0.8000000000000002
0.8000000000000002
0.8
0.8
0.8
0.8
0.8
0.8
0.8
0.8
0.8
0.8000000000000002
0.7333333333333334
0.7333333333333334
0.7
0.7833333333333333
0.8
0.7428571428571429
0.8
0.8
0.8
0.8
0.8
0.8
0.75
0.7857142857142857
0.7857142857142857
0.7857142857142857
0.8000000000000002
0.8000000000000002
0.8
0.7428571428571429
0.8
0.8
0.8
0.7857142857142857
0.7333333333333334
0.7333333333333334
0.7333333333333334
0.8
0.775
0.775
0.8
0.8
0.75
0.7999999999999999
0.8142857142857143
0.8000000000000002
0.8000000000000002
0.8
0.8
0.8
0.8
0.8
0.8
0.8
0.8000000000000002
0.8
0.8
0.8000000000000002
0.8
0.78
0.78
0.8
0.8000000000000002
0.8000000000000002
0.8000000000000002
0.7714285714285715
0.75
0.75
0.8
0.8
0.8
0.8
0.7714285714285715
0.7714285714285715
0.7714285714285715
0.7714285714285715
0.8000000000000002
0.8000000000000002
0.8000000000000002
0.8000000000000002
0.8000000000000002
0.76
0.7333333333333334
0.7333333333333334
0.8
0.75
0.75
0.8
0.8000000000000002
0.8000000000000002
0.8000000000000002
0.75
0.8000000000000002
0.75
0.72
0.72
0.72
0.8000000000000002
0.7714285714285715
0.7333333333333334
0.7333333333333334
0.7666666666666666
0.7666666666666666
0.7666666666666666
0.8
0.78
0.78
0.8
0.8
0.75
0.7833333333333333
0.75
0.6999999999999998
0.7833333333333333
0.8000000000000002
0.8000000000000002
0.8000000000000002
0.725
0.8
0.8
0.8000000000000002
0.72
0.72
0.7
0.7166666666666667
0.7166666666666667
0.8
0.8
0.8
0.8
0.8000000000000002
0.8
0.8
0.8
0.8
0.8
0.8
0.8
0.8000000000000002
0.8000000000000002
0.8000000000000002
0.8000000000000002
0.8
0.8
0.8
0.8
0.8
0.8
0.8
0.7142857142857143
0.75
0.75
0.8
0.7333333333333334
0.75
0.75
0.8
0.7428571428571429
0.7428571428571429
0.8
0.8
0.8000000000000002
0.8
0.8
0.8000000000000002
0.8000000000000002
0.7166666666666667
0.7333333333333334
0.7333333333333334
0.7333333333333334
0.8
0.8
0.8
0.8000000000000002
0.8
0.8
0.8
0.7666666666666666
0.75
0.72
0.75
0.75
0.8
0.7333333333333334
0.8
0.8000000000000002
0.76
0.76
0.8
0.8000000000000002
0.8000000000000002
0.8
0.75
0.8000000000000002
0.8
0.7666666666666666
0.7666666666666666
0.8000000000000002
0.7428571428571429
0.8000000000000002
0.8
0.8
0.8
0.7428571428571429
0.8000000000000002
0.8000000000000002
0.8000000000000002
0.8000000000000002
0.8
0.8
0.8
0.8
0.8
0.8
0.8
0.8000000000000002
0.8
0.8
0.8
0.8
0.8
0.7666666666666666
0.7666666666666666
0.6999999999999998
0.7714285714285715
0.75
0.75
0.775
0.775
0.7
0.8000000000000002
0.8000000000000002
0.7333333333333334
0.75
0.75
0.8
0.8
0.75
0.75
0.7666666666666666
0.6999999999999998
0.8
0.8
0.8
0.8000000000000002
0.75
0.75
0.75
0.7
0.8
0.8
0.8
0.8
0.8
0.8
0.8
0.8
0.8
0.775
0.775
0.8
0.7428571428571429
0.8
0.8000000000000002
0.725
0.725
0.8000000000000002
0.8
0.8
0.8000000000000002
0.75
0.8
0.8
0.7571428571428571
0.7666666666666666
0.7666666666666666
0.8
0.8
0.8000000000000002
0.75
0.75
0.8000000000000002
0.8000000000000002
0.75
0.75
0.8000000000000002
0.8
0.75
0.8
0.7
0.7666666666666666
0.7428571428571429
0.7428571428571429
0.7
0.7571428571428571
0.8
0.8
0.8000000000000002
0.8000000000000002
0.8000000000000002
0.8000000000000002
0.8000000000000002
0.775
0.775
0.8
0.8
0.8000000000000002
0.7571428571428571
0.7333333333333334
0.8
0.8000000000000002
0.7
0.7
0.8
0.8
0.8
0.7666666666666666
0.7666666666666666
0.8
0.75
0.75
0.72
0.7571428571428571
0.75
0.75
0.75
0.8
0.8
0.8
0.7857142857142857
0.7
0.7
0.75
0.75
0.75
0.8
0.75
0.8000000000000002
0.8000000000000002
0.8000000000000002
0.8000000000000002
0.8000000000000002
0.8
0.8
0.8
0.8
0.8
0.8
0.8
0.8
0.8
0.8
0.8
0.8000000000000002
0.8
0.8
0.8000000000000002
0.8000000000000002
0.8
0.8
0.8
0.8
0.8
0.8
0.8
0.8
0.8
0.8
0.8
0.8
0.8
0.8
0.7333333333333334
0.75
0.8
0.8
0.8
0.775
0.7333333333333334
0.7333333333333334
0.8000000000000002
0.8
0.8
0.8
0.7571428571428571
0.8000000000000002
0.8000000000000002
0.8000000000000002
0.8
0.8
0.7
0.72
0.72
0.72
0.8
0.8
0.8000000000000002
0.8
0.7333333333333334
0.7857142857142857
0.8
0.8
0.8
0.8
0.7666666666666666
0.7
0.7
0.8
0.7857142857142857
0.7666666666666666
0.7142857142857143
0.7142857142857143
0.7142857142857143
0.7142857142857143
0.8000000000000002
0.8
0.8
0.8
0.75
0.75
0.8000000000000002
0.7
0.7
0.8
0.8
0.8
0.6999999999999998
0.6999999999999998
0.6999999999999998
0.8
0.8
0.8
0.8
0.8
0.7333333333333334
0.7333333333333334
0.8000000000000002
0.8
0.8
0.7
0.7
0.7
0.8000000000000002
0.8000000000000002
0.8000000000000002
0.8000000000000002
0.8000000000000002
0.8000000000000002
0.8
0.7
0.7
0.75
0.75
0.8
0.8
0.8
0.8
0.8
0.8
0.8
0.8
0.8
0.8
0.8
0.8
0.8
0.8
0.8
0.7
0.7
0.7571428571428571
0.7
0.7
0.7
0.8000000000000002
0.8000000000000002
0.7571428571428571
0.75
0.7142857142857143
0.8000000000000002
0.7571428571428571
0.7166666666666667
0.8
0.6999999999999998
0.7
0.6999999999999998
0.7142857142857143
0.8000000000000002
0.8
0.8
0.7
0.75
0.75
0.8
0.8
0.8
0.8
0.8
0.8
0.8
0.8
0.8
0.8
0.8
0.8
0.8000000000000002
0.8000000000000002
0.7666666666666666
0.7666666666666666
0.7666666666666666
0.7666666666666666
0.7666666666666666
0.775
0.74
0.74
0.8
0.8
0.8
0.8
0.8
0.75
0.7
0.7
0.8
0.7857142857142857
0.75
0.75
0.775
0.775
0.8
0.8
0.8
0.75
0.75
0.75
0.75
0.8
0.8
0.8
0.72
0.7
0.7
0.7666666666666666
0.7714285714285715
0.7428571428571429
0.7
0.7375
0.75
0.8000000000000002
0.8000000000000002
0.8000000000000002
0.75
0.75
0.8
0.8000000000000002
0.8000000000000002
0.8
0.6999999999999998
0.7
0.7
0.7333333333333334
0.7333333333333334
0.8
0.74
0.74
0.8
0.8
0.8
0.7428571428571429
0.7666666666666666
0.7666666666666666
0.8
0.8000000000000002
0.8000000000000002
0.8000000000000002
0.8000000000000002
0.8000000000000002
0.8000000000000002
0.8000000000000002
0.8
0.8
0.8
0.8
0.8
0.8
0.8
0.8000000000000002
0.8000000000000002
0.8
0.8
0.8
0.8000000000000002
0.8
0.8
0.8
0.8
0.8
0.8
0.8
0.8000000000000002
0.8000000000000002
0.8000000000000002
0.8000000000000002
0.8000000000000002
0.8
0.8
0.8
0.8000000000000002
0.8000000000000002
0.8
0.8
0.8
0.8
0.8
0.8000000000000002
0.8
0.8
0.775
0.775
0.7
0.75
0.75
0.8
0.7333333333333334
0.7571428571428571
0.7833333333333333
0.8
0.8
0.8
0.8
0.8
0.76
0.76
0.8
0.72
0.72
0.7
0.75
0.75
0.8
0.8
0.8
0.8
0.8
0.8
0.74
0.74
0.8
0.8
0.8
0.8000000000000002
0.6999999999999998
0.7833333333333333
0.8000000000000002
0.8000000000000002
0.8
0.7428571428571429
0.8000000000000002
0.8000000000000002
0.8000000000000002
0.7166666666666667
0.7166666666666667
0.7166666666666667
0.7857142857142857
0.8
0.8
0.75
0.8000000000000002
0.75
0.7714285714285715
0.6999999999999998
0.8000000000000002
0.8
0.8
0.8
0.8000000000000002
0.8
0.8
0.8
0.8
0.8
0.7428571428571429
0.8000000000000002
0.8000000000000002
0.8000000000000002
0.8000000000000002
0.8000000000000002
0.78
0.78
0.8
0.75
0.75
0.75
0.75
0.75
0.8
0.7285714285714285
0.7571428571428571
0.7428571428571429
0.8
0.8
0.7
0.8
0.8000000000000002
0.8000000000000002
0.8000000000000002
0.8
0.8
0.8
0.7666666666666666
0.7666666666666666
0.8
0.8
0.8
0.8000000000000002
0.7428571428571429
0.8000000000000002
0.8000000000000002
0.8
0.8000000000000002
0.8
0.8
0.7428571428571429
0.8000000000000002
0.8000000000000002
0.8000000000000002
0.8
0.8
0.8
0.8
0.775
0.775
0.8
0.8
0.8
0.8
0.7857142857142857
0.7428571428571429
0.8000000000000002
0.8000000000000002
0.8
0.8
0.8000000000000002
0.7333333333333334
0.8000000000000002
0.8000000000000002
0.8000000000000002
0.8000000000000002
0.7333333333333334
0.7
0.7857142857142857
0.8
0.7428571428571429
0.8000000000000002
0.8000000000000002
0.8000000000000002
0.8
0.8000000000000002
0.7333333333333334
0.7333333333333334
0.8
0.8000000000000002
0.8000000000000002
0.8
0.7333333333333334
0.8
0.8000000000000002
0.8000000000000002
0.8000000000000002
0.8
0.8000000000000002
0.7285714285714285
0.6999999999999998
0.6999999999999998
0.75
0.8000000000000002
0.8
0.8
0.8
0.7833333333333333
0.7142857142857143
0.7142857142857143
0.8
0.8
0.8
0.8
0.8
0.8
0.8
0.7333333333333334
0.8
0.8
0.8
0.8
0.7
0.7833333333333333
0.8000000000000002
0.8000000000000002
0.8
0.7833333333333333
0.7666666666666666
0.7666666666666666
0.8
0.8
0.8
0.8
0.8000000000000002
0.7714285714285715
0.7714285714285715
0.7714285714285715
0.7714285714285715
0.8
0.8
0.75
0.75
0.75
0.7714285714285715
0.7333333333333334
0.7333333333333334
0.8000000000000002
0.7285714285714285
0.7666666666666666
0.8428571428571429
0.7666666666666666
0.7857142857142857
0.8
0.8
0.8000000000000002
0.8
0.8
0.8
0.8
0.8
0.75
0.75
0.7666666666666666
0.8
0.8000000000000002
0.8000000000000002
0.8000000000000002
0.8
0.8
0.7
0.75
0.7428571428571429
0.8000000000000002
0.7857142857142857
0.7666666666666666
0.8000000000000002
0.8000000000000002
0.75
0.7666666666666666
0.8000000000000002
0.7428571428571429
0.8
0.8000000000000002
0.8000000000000002
0.75
0.8
0.8
0.8
0.8
0.8
0.8
0.8
0.72
0.72
0.75
0.7571428571428571
0.8000000000000002
0.8
0.8
0.8
0.8
0.8
0.8000000000000002
0.8
0.8000000000000002
0.8000000000000002
0.8000000000000002
0.8
0.8
0.7285714285714285
0.8
0.8000000000000002
0.7285714285714285
0.7
0.7
0.8000000000000002
0.8000000000000002
0.8
0.8000000000000002
0.8
0.8
0.8
0.8
0.8
0.8
0.75
0.8
0.8
0.8
0.8
0.8
0.8
0.8
0.8
0.8000000000000002
0.6999999999999998
0.6999999999999998
0.8
0.8000000000000002
0.8000000000000002
0.8
0.8
0.8
0.76
0.75
0.78
0.75
0.75
0.7166666666666667
0.7166666666666667
0.8
0.8
0.8
0.8
0.8
0.8
0.8000000000000002
0.8
0.8
0.8000000000000002
0.7666666666666666
0.7166666666666667
0.8000000000000002
0.8
0.8
0.8
0.7833333333333333
0.75
0.75
0.75
0.7714285714285715
0.8000000000000002
0.8000000000000002
0.8
0.75
0.75
0.75
0.8000000000000002
0.8000000000000002
0.7714285714285715
0.7714285714285715
0.8000000000000002
0.8
0.8
0.8000000000000002
0.8000000000000002
0.7714285714285715
0.75
0.75
0.8
0.8
0.8
0.8000000000000002
0.8000000000000002
0.8
0.8
0.8
0.8000000000000002
0.8000000000000002
0.8000000000000002
0.76
0.8
0.8
0.8000000000000002
0.8
0.8
0.8
0.8
0.8
0.8
0.8000000000000002
0.8000000000000002
0.8000000000000002
0.8000000000000002
0.8
0.8
0.8000000000000002
0.7333333333333334
0.7833333333333333
0.7833333333333333
0.7833333333333333
0.7833333333333333
0.74
0.74
0.74
0.8
0.7
0.7
0.8
0.8000000000000002
0.74
0.74
0.8
0.8
0.8
0.74
0.78
0.78
0.8
0.8000000000000002
0.8
0.8
0.7857142857142857
0.7857142857142857
0.7857142857142857
0.8
0.8
0.8
0.8
0.8
0.8
0.8
0.8
0.8
0.75
0.7666666666666666
0.75
0.7714285714285715
0.7166666666666667
0.7857142857142857
0.7
0.7857142857142857
0.8000000000000002
0.8000000000000002
0.7428571428571429
0.8000000000000002
